0,1,2,4,5,6,7,8,9,10,13,16,19,activation
-1,-1,-1,-1,-1,-1,-1,-1,-1,-1,-1,-1,1,0.011777498293668032
-1,-1,-1,-1,-1,-1,-1,-1,-1,-1,-1,1,-1,0.01045785192400217
-1,-1,-1,-1,-1,-1,-1,-1,-1,-1,-1,1,1,0.010566615499556065
-1,-1,-1,-1,-1,-1,-1,-1,-1,-1,1,-1,-1,0.010530306026339531
-1,-1,-1,-1,-1,-1,-1,-1,-1,-1,1,-1,1,0.011006307788193226
-1,-1,-1,-1,-1,-1,-1,-1,-1,-1,1,1,-1,0.00993652455508709
-1,-1,-1,-1,-1,-1,-1,-1,-1,-1,1,1,1,0.010464714374393225
-1,-1,-1,-1,-1,-1,-1,-1,-1,1,-1,-1,-1,0.011795178055763245
-1,-1,-1,-1,-1,-1,-1,-1,-1,1,-1,-1,1,0.012298479676246643
-1,-1,-1,-1,-1,-1,-1,-1,-1,1,-1,1,-1,0.010376869700849056
-1,-1,-1,-1,-1,-1,-1,-1,-1,1,-1,1,1,0.011210533604025841
-1,-1,-1,-1,-1,-1,-1,-1,-1,1,1,-1,-1,0.01099676825106144
-1,-1,-1,-1,-1,-1,-1,-1,-1,1,1,-1,1,0.01113908365368843
-1,-1,-1,-1,-1,-1,-1,-1,-1,1,1,1,-1,0.010175734758377075
-1,-1,-1,-1,-1,-1,-1,-1,-1,1,1,1,1,0.010592006146907806
-1,-1,-1,-1,-1,-1,-1,-1,1,-1,-1,-1,-1,0.01018612552434206
-1,-1,-1,-1,-1,-1,-1,-1,1,-1,-1,-1,1,0.010984886437654495
-1,-1,-1,-1,-1,-1,-1,-1,1,-1,-1,1,-1,0.0094109196215868
-1,-1,-1,-1,-1,-1,-1,-1,1,-1,1,-1,1,0.010745770297944546
-1,-1,-1,-1,-1,-1,-1,-1,1,-1,1,1,1,0.009705722332000732
-1,-1,-1,-1,-1,-1,-1,-1,1,1,-1,-1,1,0.011258100857958198
-1,-1,-1,-1,-1,-1,-1,-1,1,1,-1,1,1,0.010696371085941792
-1,-1,-1,-1,-1,-1,-1,-1,1,1,1,-1,-1,0.010407083667814732
-1,-1,-1,-1,-1,-1,-1,-1,1,1,1,1,1,0.009993182495236397
-1,-1,-1,-1,-1,-1,-1,1,-1,-1,-1,-1,-1,0.01089091831818223
-1,-1,-1,-1,-1,-1,-1,1,-1,-1,-1,-1,1,0.01120540127158165
-1,-1,-1,-1,-1,-1,-1,1,-1,-1,-1,1,-1,0.00995540525764227
-1,-1,-1,-1,-1,-1,-1,1,-1,-1,-1,1,1,0.010330051183700562
-1,-1,-1,-1,-1,-1,-1,1,-1,-1,1,1,-1,0.009507296606898308
-1,-1,-1,-1,-1,-1,-1,1,-1,-1,1,1,1,0.00973584409803152
-1,-1,-1,-1,-1,-1,-1,1,-1,1,-1,-1,-1,0.010859364954133829
-1,-1,-1,-1,-1,-1,-1,1,-1,1,-1,-1,1,0.01134710106998682
-1,-1,-1,-1,-1,-1,-1,1,-1,1,-1,1,1,0.010565814562141895
-1,-1,-1,-1,-1,-1,-1,1,-1,1,1,-1,-1,0.010560918599367142
-1,-1,-1,-1,-1,-1,-1,1,-1,1,1,-1,1,0.010538087226450443
-1,-1,-1,-1,-1,-1,-1,1,-1,1,1,1,-1,0.009450078010559082
-1,-1,-1,-1,-1,-1,-1,1,1,-1,-1,-1,-1,0.009989723563194275
-1,-1,-1,-1,-1,-1,-1,1,1,-1,-1,1,1,0.009761790744960308
-1,-1,-1,-1,-1,-1,-1,1,1,-1,1,-1,-1,0.00926312617957592
-1,-1,-1,-1,-1,-1,-1,1,1,-1,1,1,-1,0.008630617211262384
-1,-1,-1,-1,-1,-1,-1,1,1,-1,1,1,1,0.008997606579214334
-1,-1,-1,-1,-1,-1,-1,1,1,1,-1,-1,1,0.010683303698897362
-1,-1,-1,-1,-1,-1,-1,1,1,1,-1,1,1,0.010244063567370176
-1,-1,-1,-1,-1,-1,-1,1,1,1,1,1,1,0.009496072307229042
-1,-1,-1,-1,-1,-1,1,-1,-1,-1,-1,-1,-1,0.011460243724286556
-1,-1,-1,-1,-1,-1,1,-1,-1,-1,-1,-1,1,0.012202451005578041
-1,-1,-1,-1,-1,-1,1,-1,-1,-1,-1,1,1,0.011115708388388157
-1,-1,-1,-1,-1,-1,1,-1,-1,-1,1,-1,-1,0.010765882674604654
-1,-1,-1,-1,-1,-1,1,-1,-1,-1,1,1,1,0.010628835298120975
-1,-1,-1,-1,-1,-1,1,-1,-1,1,-1,-1,-1,0.011654837056994438
-1,-1,-1,-1,-1,-1,1,-1,-1,1,-1,-1,1,0.012442057331403097
-1,-1,-1,-1,-1,-1,1,-1,-1,1,-1,1,-1,0.01095836004242301
-1,-1,-1,-1,-1,-1,1,-1,-1,1,-1,1,1,0.011681611649692059
-1,-1,-1,-1,-1,-1,1,-1,1,-1,-1,-1,-1,0.01058585150167346
-1,-1,-1,-1,-1,-1,1,-1,1,-1,-1,-1,1,0.011357749501864115
-1,-1,-1,-1,-1,-1,1,-1,1,-1,-1,1,-1,0.009686105884611607
-1,-1,-1,-1,-1,-1,1,-1,1,-1,1,-1,1,0.010730210691690445
-1,-1,-1,-1,-1,-1,1,-1,1,-1,1,1,-1,0.009306443855166435
-1,-1,-1,-1,-1,-1,1,-1,1,-1,1,1,1,0.010091862641274929
-1,-1,-1,-1,-1,-1,1,-1,1,1,-1,-1,-1,0.011202304856851697
-1,-1,-1,-1,-1,-1,1,-1,1,1,-1,-1,1,0.011576970107853413
-1,-1,-1,-1,-1,-1,1,-1,1,1,-1,1,-1,0.010103251785039902
-1,-1,-1,-1,-1,-1,1,-1,1,1,1,-1,-1,0.010474870912730694
-1,-1,-1,-1,-1,-1,1,-1,1,1,1,1,-1,0.01017607282847166
-1,-1,-1,-1,-1,-1,1,-1,1,1,1,1,1,0.010400480280319849
-1,-1,-1,-1,-1,-1,1,1,-1,-1,1,-1,-1,0.010349060408771038
-1,-1,-1,-1,-1,-1,1,1,-1,-1,1,-1,1,0.010782339610159397
-1,-1,-1,-1,-1,-1,1,1,-1,-1,1,1,-1,0.009681561030447483
-1,-1,-1,-1,-1,-1,1,1,-1,-1,1,1,1,0.010088718496263027
-1,-1,-1,-1,-1,-1,1,1,-1,1,-1,-1,1,0.01177919004112482
-1,-1,-1,-1,-1,-1,1,1,-1,1,-1,1,-1,0.01029119547456503
-1,-1,-1,-1,-1,-1,1,1,-1,1,-1,1,1,0.010942740365862846
-1,-1,-1,-1,-1,-1,1,1,-1,1,1,-1,-1,0.010777042247354984
-1,-1,-1,-1,-1,-1,1,1,-1,1,1,-1,1,0.011323094833642244
-1,-1,-1,-1,-1,-1,1,1,-1,1,1,1,-1,0.009825313463807106
-1,-1,-1,-1,-1,-1,1,1,1,-1,-1,1,-1,0.009531458218892416
-1,-1,-1,-1,-1,-1,1,1,1,-1,-1,1,1,0.010276514571160078
-1,-1,-1,-1,-1,-1,1,1,1,-1,1,-1,-1,0.009801839478313923
-1,-1,-1,-1,-1,-1,1,1,1,-1,1,-1,1,0.010287371836602688
-1,-1,-1,-1,-1,-1,1,1,1,-1,1,1,-1,0.008974865544587374
-1,-1,-1,-1,-1,-1,1,1,1,-1,1,1,1,0.009596010049184164
-1,-1,-1,-1,-1,-1,1,1,1,1,-1,1,-1,0.009816735982894897
-1,-1,-1,-1,-1,-1,1,1,1,1,-1,1,1,0.010665012523531914
-1,-1,-1,-1,-1,-1,1,1,1,1,1,-1,-1,0.010080180130898952
-1,-1,-1,-1,-1,-1,1,1,1,1,1,1,-1,0.009460131327311197
-1,-1,-1,-1,-1,-1,1,1,1,1,1,1,1,0.009618445299565792
-1,-1,-1,-1,-1,1,-1,-1,-1,-1,-1,-1,1,0.011162820272147655
-1,-1,-1,-1,-1,1,-1,-1,-1,-1,-1,1,1,0.010387614369392395
-1,-1,-1,-1,-1,1,-1,-1,-1,-1,1,-1,1,0.010535469744354486
-1,-1,-1,-1,-1,1,-1,-1,-1,-1,1,1,1,0.009824870775143305
-1,-1,-1,-1,-1,1,-1,-1,-1,1,-1,-1,-1,0.010675070807337761
-1,-1,-1,-1,-1,1,-1,-1,-1,1,-1,-1,1,0.011384125333279371
-1,-1,-1,-1,-1,1,-1,-1,-1,1,-1,1,-1,0.010343736037611961
-1,-1,-1,-1,-1,1,-1,-1,-1,1,-1,1,1,0.010469365864992142
-1,-1,-1,-1,-1,1,-1,-1,-1,1,1,-1,-1,0.010710708796977997
-1,-1,-1,-1,-1,1,-1,-1,-1,1,1,-1,1,0.010824508033692837
-1,-1,-1,-1,-1,1,-1,-1,-1,1,1,1,-1,0.009845767791072527
-1,-1,-1,-1,-1,1,-1,-1,-1,1,1,1,1,0.010015108622610569
-1,-1,-1,-1,-1,1,-1,-1,1,-1,-1,-1,-1,0.010091259144246578
-1,-1,-1,-1,-1,1,-1,-1,1,-1,-1,1,-1,0.009182915091514587
-1,-1,-1,-1,-1,1,-1,-1,1,-1,1,-1,-1,0.009253129363059998
-1,-1,-1,-1,-1,1,-1,-1,1,-1,1,-1,1,0.009967113612219691
-1,-1,-1,-1,-1,1,-1,-1,1,-1,1,1,1,0.009198099374771118
-1,-1,-1,-1,-1,1,-1,-1,1,1,-1,-1,-1,0.010210401378571987
-1,-1,-1,-1,-1,1,-1,-1,1,1,-1,-1,1,0.010684195905923843
-1,-1,-1,-1,-1,1,-1,-1,1,1,-1,1,-1,0.009757732972502708
-1,-1,-1,-1,-1,1,-1,-1,1,1,-1,1,1,0.010122171913584074
-1,-1,-1,-1,-1,1,-1,-1,1,1,1,-1,-1,0.009635346941649914
-1,-1,-1,-1,-1,1,-1,1,-1,-1,-1,-1,-1,0.00998864695429802
-1,-1,-1,-1,-1,1,-1,1,-1,-1,-1,1,-1,0.00973188504576683
-1,-1,-1,-1,-1,1,-1,1,-1,-1,-1,1,1,0.010101774707436562
-1,-1,-1,-1,-1,1,-1,1,-1,-1,1,-1,-1,0.009327113628387451
-1,-1,-1,-1,-1,1,-1,1,-1,-1,1,1,-1,0.008676444180309772
-1,-1,-1,-1,-1,1,-1,1,-1,-1,1,1,1,0.009241537423804402
-1,-1,-1,-1,-1,1,-1,1,-1,1,-1,-1,-1,0.010468159802258015
-1,-1,-1,-1,-1,1,-1,1,-1,1,-1,-1,1,0.010777109302580357
-1,-1,-1,-1,-1,1,-1,1,-1,1,-1,1,-1,0.009737765416502953
-1,-1,-1,-1,-1,1,-1,1,-1,1,-1,1,1,0.010154801420867443
-1,-1,-1,-1,-1,1,-1,1,-1,1,1,-1,-1,0.00992392422631383
-1,-1,-1,-1,-1,1,-1,1,-1,1,1,1,-1,0.009000013116747141
-1,-1,-1,-1,-1,1,-1,1,-1,1,1,1,1,0.009827126283198595
-1,-1,-1,-1,-1,1,-1,1,1,-1,-1,-1,-1,0.009346327744424343
-1,-1,-1,-1,-1,1,-1,1,1,-1,-1,-1,1,0.009909428656101227
-1,-1,-1,-1,-1,1,-1,1,1,-1,-1,1,-1,0.008868095930665731
-1,-1,-1,-1,-1,1,-1,1,1,-1,-1,1,1,0.009284109808504581
-1,-1,-1,-1,-1,1,-1,1,1,-1,1,-1,-1,0.008895033970475197
-1,-1,-1,-1,-1,1,-1,1,1,-1,1,-1,1,0.009269393049180508
-1,-1,-1,-1,-1,1,-1,1,1,-1,1,1,-1,0.00830391375347972
-1,-1,-1,-1,-1,1,-1,1,1,-1,1,1,1,0.0089627830311656
-1,-1,-1,-1,-1,1,-1,1,1,1,-1,-1,-1,0.009905122686177492
-1,-1,-1,-1,-1,1,-1,1,1,1,-1,-1,1,0.010253478772938251
-1,-1,-1,-1,-1,1,-1,1,1,1,-1,1,1,0.009764626622200012
-1,-1,-1,-1,-1,1,-1,1,1,1,1,-1,-1,0.009149523451924324
-1,-1,-1,-1,-1,1,-1,1,1,1,1,1,-1,0.00846397876739502
-1,-1,-1,-1,-1,1,-1,1,1,1,1,1,1,0.009067306605478128
-1,-1,-1,-1,-1,1,1,-1,-1,-1,-1,-1,-1,0.010941567830741405
-1,-1,-1,-1,-1,1,1,-1,-1,-1,-1,-1,1,0.011508922092616558
-1,-1,-1,-1,-1,1,1,-1,-1,-1,-1,1,1,0.01078354474157095
-1,-1,-1,-1,-1,1,1,-1,-1,-1,1,-1,-1,0.010497861541807652
-1,-1,-1,-1,-1,1,1,-1,-1,-1,1,-1,1,0.01084484369494021
-1,-1,-1,-1,-1,1,1,-1,-1,-1,1,1,-1,0.009627824649214745
-1,-1,-1,-1,-1,1,1,-1,-1,1,-1,-1,-1,0.011143424082547426
-1,-1,-1,-1,-1,1,1,-1,-1,1,-1,-1,1,0.011843685060739517
-1,-1,-1,-1,-1,1,1,-1,-1,1,-1,1,-1,0.010565281845629215
-1,-1,-1,-1,-1,1,1,-1,-1,1,-1,1,1,0.011437379755079746
-1,-1,-1,-1,-1,1,1,-1,-1,1,1,-1,-1,0.010726458858698606
-1,-1,-1,-1,-1,1,1,-1,-1,1,1,1,-1,0.009992355480790138
-1,-1,-1,-1,-1,1,1,-1,-1,1,1,1,1,0.010834181681275368
-1,-1,-1,-1,-1,1,1,-1,1,-1,-1,-1,-1,0.01023490292330583
-1,-1,-1,-1,-1,1,1,-1,1,-1,-1,-1,1,0.010748663451522589
-1,-1,-1,-1,-1,1,1,-1,1,-1,-1,1,-1,0.009329169057309628
-1,-1,-1,-1,-1,1,1,-1,1,-1,-1,1,1,0.009940529242157936
-1,-1,-1,-1,-1,1,1,-1,1,-1,1,-1,1,0.010163625081380209
-1,-1,-1,-1,-1,1,1,-1,1,-1,1,1,-1,0.009170394390821457
-1,-1,-1,-1,-1,1,1,-1,1,-1,1,1,1,0.009619300719350576
-1,-1,-1,-1,-1,1,1,-1,1,1,-1,-1,-1,0.010439082980155945
-1,-1,-1,-1,-1,1,1,-1,1,1,-1,-1,1,0.01096539874561131
-1,-1,-1,-1,-1,1,1,-1,1,1,-1,1,-1,0.009916802868247032
-1,-1,-1,-1,-1,1,1,-1,1,1,-1,1,1,0.010385441360995173
-1,-1,-1,-1,-1,1,1,-1,1,1,1,-1,-1,0.010281765833497047
-1,-1,-1,-1,-1,1,1,-1,1,1,1,-1,1,0.010505082085728645
-1,-1,-1,-1,-1,1,1,1,-1,-1,-1,-1,-1,0.010263280011713505
-1,-1,-1,-1,-1,1,1,1,-1,-1,-1,1,-1,0.010073394514620304
-1,-1,-1,-1,-1,1,1,1,-1,-1,1,-1,1,0.010279984213411808
-1,-1,-1,-1,-1,1,1,1,-1,-1,1,1,-1,0.009309781715273857
-1,-1,-1,-1,-1,1,1,1,-1,1,-1,-1,-1,0.010804962366819382
-1,-1,-1,-1,-1,1,1,1,-1,1,-1,-1,1,0.01113053597509861
-1,-1,-1,-1,-1,1,1,1,-1,1,-1,1,-1,0.010270648170262575
-1,-1,-1,-1,-1,1,1,1,-1,1,1,-1,1,0.010695353616029024
-1,-1,-1,-1,-1,1,1,1,-1,1,1,1,-1,0.00920684915035963
-1,-1,-1,-1,-1,1,1,1,-1,1,1,1,1,0.00996289774775505
-1,-1,-1,-1,-1,1,1,1,1,-1,-1,-1,-1,0.00954889366403222
-1,-1,-1,-1,-1,1,1,1,1,-1,-1,-1,1,0.0102973198518157
-1,-1,-1,-1,-1,1,1,1,1,-1,-1,1,-1,0.008944468572735786
-1,-1,-1,-1,-1,1,1,1,1,-1,1,-1,-1,0.009489292278885841
-1,-1,-1,-1,-1,1,1,1,1,-1,1,-1,1,0.009797504171729088
-1,-1,-1,-1,-1,1,1,1,1,-1,1,1,-1,0.008489588896433512
-1,-1,-1,-1,-1,1,1,1,1,1,-1,-1,1,0.010554755572229624
-1,-1,-1,-1,-1,1,1,1,1,1,-1,1,-1,0.009135528467595577
-1,-1,-1,-1,-1,1,1,1,1,1,-1,1,1,0.009874333627521992
-1,-1,-1,-1,-1,1,1,1,1,1,1,1,1,0.00922834686934948
-1,-1,-1,-1,1,-1,-1,-1,-1,-1,-1,-1,1,0.012292748627563318
-1,-1,-1,-1,1,-1,-1,-1,-1,-1,-1,1,-1,0.011057240888476372
-1,-1,-1,-1,1,-1,-1,-1,-1,-1,-1,1,1,0.01130960090085864
-1,-1,-1,-1,1,-1,-1,-1,-1,-1,1,1,-1,0.010378844104707241
-1,-1,-1,-1,1,-1,-1,-1,-1,-1,1,1,1,0.010612711310386658
-1,-1,-1,-1,1,-1,-1,-1,-1,1,-1,-1,-1,0.011972742155194283
-1,-1,-1,-1,1,-1,-1,-1,-1,1,-1,-1,1,0.0122058792039752
-1,-1,-1,-1,1,-1,-1,-1,-1,1,-1,1,-1,0.011277719866484404
-1,-1,-1,-1,1,-1,-1,-1,-1,1,-1,1,1,0.0117804822511971
-1,-1,-1,-1,1,-1,-1,-1,-1,1,1,1,-1,0.010336059145629406
-1,-1,-1,-1,1,-1,-1,-1,1,-1,-1,-1,-1,0.01109369844198227
-1,-1,-1,-1,1,-1,-1,-1,1,-1,1,-1,-1,0.010089881252497435
-1,-1,-1,-1,1,-1,-1,-1,1,-1,1,1,1,0.010283806826919317
-1,-1,-1,-1,1,-1,-1,-1,1,1,-1,-1,1,0.011980237439274788
-1,-1,-1,-1,1,-1,-1,-1,1,1,-1,1,-1,0.010270386002957821
-1,-1,-1,-1,1,-1,-1,-1,1,1,-1,1,1,0.010636933147907257
-1,-1,-1,-1,1,-1,-1,-1,1,1,1,-1,1,0.011281328275799751
-1,-1,-1,-1,1,-1,-1,-1,1,1,1,1,-1,0.010002925992012024
-1,-1,-1,-1,1,-1,-1,-1,1,1,1,1,1,0.010295025072991848
-1,-1,-1,-1,1,-1,-1,1,-1,-1,-1,-1,-1,0.011190218850970268
-1,-1,-1,-1,1,-1,-1,1,-1,-1,-1,-1,1,0.011692714877426624
-1,-1,-1,-1,1,-1,-1,1,-1,-1,-1,1,-1,0.010451797861605883
-1,-1,-1,-1,1,-1,-1,1,-1,-1,-1,1,1,0.010847455821931362
-1,-1,-1,-1,1,-1,-1,1,-1,-1,1,-1,-1,0.010574494954198599
-1,-1,-1,-1,1,-1,-1,1,-1,-1,1,1,-1,0.009697526227682829
-1,-1,-1,-1,1,-1,-1,1,-1,-1,1,1,1,0.010423121663431326
-1,-1,-1,-1,1,-1,-1,1,-1,1,-1,1,-1,0.010943584144115448
-1,-1,-1,-1,1,-1,-1,1,-1,1,-1,1,1,0.011173001490533352
-1,-1,-1,-1,1,-1,-1,1,-1,1,1,-1,-1,0.010788244660943747
-1,-1,-1,-1,1,-1,-1,1,-1,1,1,-1,1,0.011311573907732964
-1,-1,-1,-1,1,-1,-1,1,1,-1,-1,-1,-1,0.010413035750389099
-1,-1,-1,-1,1,-1,-1,1,1,-1,-1,-1,1,0.01105640052507321
-1,-1,-1,-1,1,-1,-1,1,1,-1,-1,1,1,0.010166480205953121
-1,-1,-1,-1,1,-1,-1,1,1,-1,1,-1,-1,0.00983680561184883
-1,-1,-1,-1,1,-1,-1,1,1,-1,1,-1,1,0.010068201459944248
-1,-1,-1,-1,1,-1,-1,1,1,-1,1,1,1,0.009590212721377611
-1,-1,-1,-1,1,-1,-1,1,1,1,1,-1,-1,0.010196010582149029
-1,-1,-1,-1,1,-1,-1,1,1,1,1,1,-1,0.00936092585325241
-1,-1,-1,-1,1,-1,1,-1,-1,-1,-1,-1,-1,0.01195029728114605
-1,-1,-1,-1,1,-1,1,-1,-1,-1,-1,1,1,0.01159699261188507
-1,-1,-1,-1,1,-1,1,-1,-1,-1,1,-1,-1,0.011404738761484623
-1,-1,-1,-1,1,-1,1,-1,-1,-1,1,-1,1,0.011957773938775063
-1,-1,-1,-1,1,-1,1,-1,-1,-1,1,1,-1,0.010708400048315525
-1,-1,-1,-1,1,-1,1,-1,-1,-1,1,1,1,0.011071154847741127
-1,-1,-1,-1,1,-1,1,-1,-1,1,-1,-1,-1,0.012388545088469982
-1,-1,-1,-1,1,-1,1,-1,-1,1,-1,-1,1,0.01315273903310299
-1,-1,-1,-1,1,-1,1,-1,-1,1,-1,1,-1,0.011501222848892212
-1,-1,-1,-1,1,-1,1,-1,-1,1,-1,1,1,0.011797411367297173
-1,-1,-1,-1,1,-1,1,-1,-1,1,1,-1,1,0.012109426781535149
-1,-1,-1,-1,1,-1,1,-1,-1,1,1,1,-1,0.011137500405311584
-1,-1,-1,-1,1,-1,1,-1,1,-1,-1,-1,-1,0.010903755202889442
-1,-1,-1,-1,1,-1,1,-1,1,-1,-1,-1,1,0.011812428322931131
-1,-1,-1,-1,1,-1,1,-1,1,-1,-1,1,-1,0.010754751041531563
-1,-1,-1,-1,1,-1,1,-1,1,-1,-1,1,1,0.01102122850716114
-1,-1,-1,-1,1,-1,1,-1,1,-1,1,-1,-1,0.010717120487242937
-1,-1,-1,-1,1,-1,1,-1,1,-1,1,-1,1,0.0108886300586164
-1,-1,-1,-1,1,-1,1,-1,1,-1,1,1,1,0.010383170563727617
-1,-1,-1,-1,1,-1,1,-1,1,1,-1,-1,1,0.012077679857611656
-1,-1,-1,-1,1,-1,1,-1,1,1,-1,1,-1,0.010726022068411112
-1,-1,-1,-1,1,-1,1,-1,1,1,-1,1,1,0.011658813804388046
-1,-1,-1,-1,1,-1,1,-1,1,1,1,1,1,0.01092663872987032
-1,-1,-1,-1,1,-1,1,1,-1,-1,-1,-1,-1,0.011178812943398952
-1,-1,-1,-1,1,-1,1,1,-1,-1,-1,-1,1,0.012158521451056004
-1,-1,-1,-1,1,-1,1,1,-1,-1,-1,1,-1,0.0107740662060678
-1,-1,-1,-1,1,-1,1,1,-1,-1,-1,1,1,0.010931604076176882
-1,-1,-1,-1,1,-1,1,1,-1,-1,1,-1,-1,0.010937152430415154
-1,-1,-1,-1,1,-1,1,1,-1,-1,1,-1,1,0.011340081691741943
-1,-1,-1,-1,1,-1,1,1,-1,-1,1,1,-1,0.010222169881065687
-1,-1,-1,-1,1,-1,1,1,-1,-1,1,1,1,0.010644939262419939
-1,-1,-1,-1,1,-1,1,1,-1,1,-1,-1,-1,0.011774362064898014
-1,-1,-1,-1,1,-1,1,1,-1,1,-1,1,-1,0.01078738272190094
-1,-1,-1,-1,1,-1,1,1,-1,1,-1,1,1,0.01158132404088974
-1,-1,-1,-1,1,-1,1,1,-1,1,1,-1,1,0.011601504559318224
-1,-1,-1,-1,1,-1,1,1,-1,1,1,1,-1,0.01035412618269523
-1,-1,-1,-1,1,-1,1,1,1,-1,-1,-1,-1,0.01078247589369615
-1,-1,-1,-1,1,-1,1,1,1,-1,-1,-1,1,0.01135741826146841
-1,-1,-1,-1,1,-1,1,1,1,-1,-1,1,-1,0.009921681135892868
-1,-1,-1,-1,1,-1,1,1,1,-1,1,-1,-1,0.010197052732110023
-1,-1,-1,-1,1,-1,1,1,1,-1,1,1,-1,0.009492190554738045
-1,-1,-1,-1,1,-1,1,1,1,-1,1,1,1,0.009747210890054703
-1,-1,-1,-1,1,-1,1,1,1,1,-1,-1,1,0.011636157520115376
-1,-1,-1,-1,1,-1,1,1,1,1,-1,1,-1,0.010214529931545258
-1,-1,-1,-1,1,-1,1,1,1,1,-1,1,1,0.01101118978112936
-1,-1,-1,-1,1,-1,1,1,1,1,1,-1,1,0.010868586599826813
-1,-1,-1,-1,1,-1,1,1,1,1,1,1,-1,0.009726754389703274
-1,-1,-1,-1,1,-1,1,1,1,1,1,1,1,0.010276559740304947
-1,-1,-1,-1,1,1,-1,-1,-1,-1,-1,1,-1,0.010360072366893291
-1,-1,-1,-1,1,1,-1,-1,-1,-1,1,-1,-1,0.010517566775282225
-1,-1,-1,-1,1,1,-1,-1,-1,-1,1,-1,1,0.011023242957890034
-1,-1,-1,-1,1,1,-1,-1,-1,-1,1,1,-1,0.009901223937049508
-1,-1,-1,-1,1,1,-1,-1,-1,-1,1,1,1,0.010513929650187492
-1,-1,-1,-1,1,1,-1,-1,-1,1,-1,-1,1,0.012014837935566902
-1,-1,-1,-1,1,1,-1,-1,-1,1,-1,1,-1,0.010633668241401514
-1,-1,-1,-1,1,1,-1,-1,-1,1,-1,1,1,0.011216761078685522
-1,-1,-1,-1,1,1,-1,-1,-1,1,1,-1,-1,0.010806676931679249
-1,-1,-1,-1,1,1,-1,-1,-1,1,1,-1,1,0.011146338346103827
-1,-1,-1,-1,1,1,-1,-1,-1,1,1,1,-1,0.010134958662092686
-1,-1,-1,-1,1,1,-1,-1,-1,1,1,1,1,0.010888487100601196
-1,-1,-1,-1,1,1,-1,-1,1,-1,-1,-1,1,0.01092442637309432
-1,-1,-1,-1,1,1,-1,-1,1,-1,-1,1,-1,0.009765736758708954
-1,-1,-1,-1,1,1,-1,-1,1,-1,-1,1,1,0.010073824785649776
-1,-1,-1,-1,1,1,-1,-1,1,-1,1,-1,1,0.010397781617939472
-1,-1,-1,-1,1,1,-1,-1,1,1,-1,-1,-1,0.010821924079209566
-1,-1,-1,-1,1,1,-1,-1,1,1,-1,1,1,0.010742473881691694
-1,-1,-1,-1,1,1,-1,-1,1,1,1,-1,1,0.010484188484648863
-1,-1,-1,-1,1,1,-1,1,-1,-1,-1,-1,-1,0.010738169075921178
-1,-1,-1,-1,1,1,-1,1,-1,-1,-1,-1,1,0.011232394725084305
-1,-1,-1,-1,1,1,-1,1,-1,-1,-1,1,1,0.010301705915480852
-1,-1,-1,-1,1,1,-1,1,-1,-1,1,-1,1,0.010380118153989315
-1,-1,-1,-1,1,1,-1,1,-1,-1,1,1,1,0.009796177968382835
-1,-1,-1,-1,1,1,-1,1,-1,1,-1,-1,1,0.011299341451376677
-1,-1,-1,-1,1,1,-1,1,-1,1,-1,1,-1,0.010387388058006763
-1,-1,-1,-1,1,1,-1,1,-1,1,-1,1,1,0.010639188811182976
-1,-1,-1,-1,1,1,-1,1,-1,1,1,-1,-1,0.010143646504729986
-1,-1,-1,-1,1,1,-1,1,-1,1,1,1,-1,0.00975622609257698
-1,-1,-1,-1,1,1,-1,1,-1,1,1,1,1,0.010155382566154003
-1,-1,-1,-1,1,1,-1,1,1,-1,-1,-1,-1,0.009993689134716988
-1,-1,-1,-1,1,1,-1,1,1,-1,-1,-1,1,0.010496989823877811
-1,-1,-1,-1,1,1,-1,1,1,-1,-1,1,-1,0.009156735613942146
-1,-1,-1,-1,1,1,-1,1,1,-1,1,-1,1,0.009618605487048626
-1,-1,-1,-1,1,1,-1,1,1,-1,1,1,-1,0.008627619594335556
-1,-1,-1,-1,1,1,-1,1,1,-1,1,1,1,0.008956536650657654
-1,-1,-1,-1,1,1,-1,1,1,1,-1,-1,-1,0.010208679363131523
-1,-1,-1,-1,1,1,-1,1,1,1,-1,-1,1,0.010808899998664856
-1,-1,-1,-1,1,1,-1,1,1,1,-1,1,-1,0.009607347194105387
-1,-1,-1,-1,1,1,-1,1,1,1,-1,1,1,0.010198999817172686
-1,-1,-1,-1,1,1,-1,1,1,1,1,-1,-1,0.009737736079841852
-1,-1,-1,-1,1,1,-1,1,1,1,1,-1,1,0.01020784955471754
-1,-1,-1,-1,1,1,-1,1,1,1,1,1,1,0.009557407349348068
-1,-1,-1,-1,1,1,1,-1,-1,-1,-1,-1,-1,0.011209338437765837
-1,-1,-1,-1,1,1,1,-1,-1,-1,-1,-1,1,0.011877226643264294
-1,-1,-1,-1,1,1,1,-1,-1,-1,-1,1,-1,0.010836889035999775
-1,-1,-1,-1,1,1,1,-1,-1,-1,1,-1,-1,0.010823914781212807
-1,-1,-1,-1,1,1,1,-1,-1,-1,1,-1,1,0.011221484746783972
-1,-1,-1,-1,1,1,1,-1,-1,1,-1,-1,-1,0.011508625000715256
-1,-1,-1,-1,1,1,1,-1,-1,1,-1,-1,1,0.012356302700936794
-1,-1,-1,-1,1,1,1,-1,-1,1,-1,1,-1,0.010866829194128513
-1,-1,-1,-1,1,1,1,-1,-1,1,-1,1,1,0.011464971117675304
-1,-1,-1,-1,1,1,1,-1,-1,1,1,-1,-1,0.011013486422598362
-1,-1,-1,-1,1,1,1,-1,-1,1,1,-1,1,0.011595073621720076
-1,-1,-1,-1,1,1,1,-1,-1,1,1,1,-1,0.01080623921006918
-1,-1,-1,-1,1,1,1,-1,-1,1,1,1,1,0.01100174617022276
-1,-1,-1,-1,1,1,1,-1,1,-1,-1,-1,1,0.011058224365115166
-1,-1,-1,-1,1,1,1,-1,1,-1,-1,1,1,0.010710563510656357
-1,-1,-1,-1,1,1,1,-1,1,-1,1,1,-1,0.009381587927540144
-1,-1,-1,-1,1,1,1,-1,1,-1,1,1,1,0.009932585526257753
-1,-1,-1,-1,1,1,1,-1,1,1,-1,-1,-1,0.011275550350546837
-1,-1,-1,-1,1,1,1,-1,1,1,-1,1,1,0.01073363795876503
-1,-1,-1,-1,1,1,1,-1,1,1,1,-1,-1,0.010507978964596987
-1,-1,-1,-1,1,1,1,-1,1,1,1,-1,1,0.010847706347703934
-1,-1,-1,-1,1,1,1,-1,1,1,1,1,1,0.010346007533371449
-1,-1,-1,-1,1,1,1,1,-1,-1,-1,-1,-1,0.010490482673048973
-1,-1,-1,-1,1,1,1,1,-1,-1,1,-1,1,0.010805989615619183
-1,-1,-1,-1,1,1,1,1,-1,1,-1,-1,1,0.011702886316925287
-1,-1,-1,-1,1,1,1,1,-1,1,-1,1,-1,0.010501323267817497
-1,-1,-1,-1,1,1,1,1,-1,1,-1,1,1,0.010856039822101593
-1,-1,-1,-1,1,1,1,1,-1,1,1,1,1,0.01045981515198946
-1,-1,-1,-1,1,1,1,1,1,-1,-1,-1,-1,0.010142875835299492
-1,-1,-1,-1,1,1,1,1,1,-1,-1,-1,1,0.010615570470690727
-1,-1,-1,-1,1,1,1,1,1,-1,-1,1,-1,0.009552208706736565
-1,-1,-1,-1,1,1,1,1,1,-1,-1,1,1,0.010034992825239897
-1,-1,-1,-1,1,1,1,1,1,-1,1,-1,-1,0.010002042166888714
-1,-1,-1,-1,1,1,1,1,1,-1,1,-1,1,0.01021556742489338
-1,-1,-1,-1,1,1,1,1,1,-1,1,1,-1,0.009015738032758236
-1,-1,-1,-1,1,1,1,1,1,1,-1,-1,-1,0.010312892496585846
-1,-1,-1,-1,1,1,1,1,1,1,-1,1,-1,0.009890111163258553
-1,-1,-1,-1,1,1,1,1,1,1,1,-1,-1,0.010207985527813435
-1,-1,-1,-1,1,1,1,1,1,1,1,-1,1,0.010404044762253761
-1,-1,-1,-1,1,1,1,1,1,1,1,1,1,0.00985809601843357
-1,-1,-1,1,-1,-1,-1,-1,-1,-1,-1,-1,-1,0.011176334383587042
-1,-1,-1,1,-1,-1,-1,-1,-1,-1,-1,-1,1,0.011435910128057003
-1,-1,-1,1,-1,-1,-1,-1,-1,-1,-1,1,-1,0.01002874318510294
-1,-1,-1,1,-1,-1,-1,-1,-1,-1,-1,1,1,0.01110467966645956
-1,-1,-1,1,-1,-1,-1,-1,-1,-1,1,-1,1,0.010810586313406626
-1,-1,-1,1,-1,-1,-1,-1,-1,-1,1,1,-1,0.009371554479002953
-1,-1,-1,1,-1,-1,-1,-1,-1,-1,1,1,1,0.010103105567395687
-1,-1,-1,1,-1,-1,-1,-1,-1,1,-1,-1,-1,0.01131691550835967
-1,-1,-1,1,-1,-1,-1,-1,-1,1,-1,-1,1,0.011463554576039314
-1,-1,-1,1,-1,-1,-1,-1,-1,1,-1,1,-1,0.010881895199418068
-1,-1,-1,1,-1,-1,-1,-1,-1,1,-1,1,1,0.011006848886609077
-1,-1,-1,1,-1,-1,-1,-1,-1,1,1,-1,-1,0.010604392737150192
-1,-1,-1,1,-1,-1,-1,-1,-1,1,1,-1,1,0.011289889924228191
-1,-1,-1,1,-1,-1,-1,-1,-1,1,1,1,-1,0.010124458000063896
-1,-1,-1,1,-1,-1,-1,-1,1,-1,-1,-1,-1,0.010127713903784752
-1,-1,-1,1,-1,-1,-1,-1,1,-1,-1,1,-1,0.009866097941994667
-1,-1,-1,1,-1,-1,-1,-1,1,-1,-1,1,1,0.010238691233098507
-1,-1,-1,1,-1,-1,-1,-1,1,-1,1,-1,-1,0.009663337841629982
-1,-1,-1,1,-1,-1,-1,-1,1,-1,1,-1,1,0.009985780343413353
-1,-1,-1,1,-1,-1,-1,-1,1,-1,1,1,1,0.009384510107338428
-1,-1,-1,1,-1,-1,-1,-1,1,1,-1,-1,-1,0.010571316350251436
-1,-1,-1,1,-1,-1,-1,-1,1,1,-1,1,-1,0.00953667238354683
-1,-1,-1,1,-1,-1,-1,-1,1,1,1,-1,-1,0.009992884006351233
-1,-1,-1,1,-1,-1,-1,-1,1,1,1,1,-1,0.0094823914890488
-1,-1,-1,1,-1,-1,-1,-1,1,1,1,1,1,0.009573404677212238
-1,-1,-1,1,-1,-1,-1,1,-1,-1,-1,-1,-1,0.010389869411786398
-1,-1,-1,1,-1,-1,-1,1,-1,-1,-1,-1,1,0.010976276360452175
-1,-1,-1,1,-1,-1,-1,1,-1,-1,-1,1,-1,0.009859160520136356
-1,-1,-1,1,-1,-1,-1,1,-1,-1,1,-1,-1,0.009957272559404373
-1,-1,-1,1,-1,-1,-1,1,-1,-1,1,-1,1,0.010302665643393993
-1,-1,-1,1,-1,-1,-1,1,-1,-1,1,1,1,0.009646803761521975
-1,-1,-1,1,-1,-1,-1,1,-1,1,-1,-1,-1,0.010889532044529915
-1,-1,-1,1,-1,-1,-1,1,-1,1,-1,1,-1,0.010057525709271431
-1,-1,-1,1,-1,-1,-1,1,-1,1,1,-1,-1,0.010183349251747131
-1,-1,-1,1,-1,-1,-1,1,-1,1,1,1,1,0.010166453197598457
-1,-1,-1,1,-1,-1,-1,1,1,-1,-1,-1,1,0.010349194519221783
-1,-1,-1,1,-1,-1,-1,1,1,-1,-1,1,-1,0.009045088663697243
-1,-1,-1,1,-1,-1,-1,1,1,-1,-1,1,1,0.009569397196173668
-1,-1,-1,1,-1,-1,-1,1,1,-1,1,-1,-1,0.009158210828900337
-1,-1,-1,1,-1,-1,-1,1,1,-1,1,-1,1,0.009672001625100771
-1,-1,-1,1,-1,-1,-1,1,1,-1,1,1,-1,0.008458347991108894
-1,-1,-1,1,-1,-1,-1,1,1,-1,1,1,1,0.00910566933453083
-1,-1,-1,1,-1,-1,-1,1,1,1,-1,-1,-1,0.010200313292443752
-1,-1,-1,1,-1,-1,-1,1,1,1,-1,-1,1,0.010578387416899204
-1,-1,-1,1,-1,-1,-1,1,1,1,-1,1,-1,0.009370110370218754
-1,-1,-1,1,-1,-1,-1,1,1,1,1,-1,-1,0.009632352273911238
-1,-1,-1,1,-1,-1,-1,1,1,1,1,1,-1,0.008950257673859596
-1,-1,-1,1,-1,-1,-1,1,1,1,1,1,1,0.009183974005281925
-1,-1,-1,1,-1,-1,1,-1,-1,-1,-1,-1,-1,0.011324071325361729
-1,-1,-1,1,-1,-1,1,-1,-1,-1,-1,1,-1,0.01061945129185915
-1,-1,-1,1,-1,-1,1,-1,-1,-1,-1,1,1,0.010753362439572811
-1,-1,-1,1,-1,-1,1,-1,-1,-1,1,-1,-1,0.010447869077324867
-1,-1,-1,1,-1,-1,1,-1,-1,-1,1,-1,1,0.011286355555057526
-1,-1,-1,1,-1,-1,1,-1,-1,1,-1,-1,-1,0.011965448968112469
-1,-1,-1,1,-1,-1,1,-1,-1,1,-1,-1,1,0.012027400080114603
-1,-1,-1,1,-1,-1,1,-1,-1,1,1,-1,-1,0.011013790344198545
-1,-1,-1,1,-1,-1,1,-1,-1,1,1,-1,1,0.011218219995498657
-1,-1,-1,1,-1,-1,1,-1,-1,1,1,1,-1,0.010213896632194519
-1,-1,-1,1,-1,-1,1,-1,-1,1,1,1,1,0.010919421911239624
-1,-1,-1,1,-1,-1,1,-1,1,-1,-1,1,-1,0.009848926682025194
-1,-1,-1,1,-1,-1,1,-1,1,-1,-1,1,1,0.010623878799378872
-1,-1,-1,1,-1,-1,1,-1,1,-1,1,-1,-1,0.009873265400528908
-1,-1,-1,1,-1,-1,1,-1,1,-1,1,1,-1,0.009645791258662939
-1,-1,-1,1,-1,-1,1,-1,1,-1,1,1,1,0.00969273503869772
-1,-1,-1,1,-1,-1,1,-1,1,1,-1,-1,-1,0.010827938560396433
-1,-1,-1,1,-1,-1,1,-1,1,1,-1,1,-1,0.009981773793697357
-1,-1,-1,1,-1,-1,1,-1,1,1,-1,1,1,0.010381359606981277
-1,-1,-1,1,-1,-1,1,-1,1,1,1,-1,-1,0.010463072452694178
-1,-1,-1,1,-1,-1,1,-1,1,1,1,1,1,0.010172984562814236
-1,-1,-1,1,-1,-1,1,1,-1,-1,-1,-1,-1,0.011030192486941814
-1,-1,-1,1,-1,-1,1,1,-1,-1,-1,-1,1,0.011070194654166698
-1,-1,-1,1,-1,-1,1,1,-1,-1,-1,1,-1,0.010217215400189161
-1,-1,-1,1,-1,-1,1,1,-1,-1,-1,1,1,0.010652452241629362
-1,-1,-1,1,-1,-1,1,1,-1,-1,1,-1,-1,0.010285520615677038
-1,-1,-1,1,-1,-1,1,1,-1,-1,1,-1,1,0.010789626277983189
-1,-1,-1,1,-1,-1,1,1,-1,-1,1,1,-1,0.00941476784646511
-1,-1,-1,1,-1,-1,1,1,-1,-1,1,1,1,0.010101325809955597
-1,-1,-1,1,-1,-1,1,1,-1,1,-1,-1,-1,0.010833135806024075
-1,-1,-1,1,-1,-1,1,1,-1,1,-1,-1,1,0.011562730418518186
-1,-1,-1,1,-1,-1,1,1,-1,1,-1,1,-1,0.010472945403307676
-1,-1,-1,1,-1,-1,1,1,-1,1,-1,1,1,0.011109024286270142
-1,-1,-1,1,-1,-1,1,1,-1,1,1,-1,-1,0.010421267710626125
-1,-1,-1,1,-1,-1,1,1,-1,1,1,-1,1,0.010804500430822372
-1,-1,-1,1,-1,-1,1,1,-1,1,1,1,-1,0.009868868626654148
-1,-1,-1,1,-1,-1,1,1,-1,1,1,1,1,0.010368689894676208
-1,-1,-1,1,-1,-1,1,1,1,-1,-1,1,1,0.009711173363029957
-1,-1,-1,1,-1,-1,1,1,1,-1,1,-1,1,0.010169566608965397
-1,-1,-1,1,-1,-1,1,1,1,-1,1,1,-1,0.008681452367454767
-1,-1,-1,1,-1,-1,1,1,1,-1,1,1,1,0.009389742277562618
-1,-1,-1,1,-1,-1,1,1,1,1,-1,-1,-1,0.010516968555748463
-1,-1,-1,1,-1,-1,1,1,1,1,-1,1,-1,0.009611628018319607
-1,-1,-1,1,-1,-1,1,1,1,1,-1,1,1,0.010580801405012608
-1,-1,-1,1,-1,-1,1,1,1,1,1,-1,-1,0.009648804552853107
-1,-1,-1,1,-1,-1,1,1,1,1,1,1,1,0.00965821836143732
-1,-1,-1,1,-1,1,-1,-1,-1,-1,-1,-1,1,0.01076381653547287
-1,-1,-1,1,-1,1,-1,-1,-1,-1,-1,1,1,0.010189944878220558
-1,-1,-1,1,-1,1,-1,-1,-1,-1,1,-1,-1,0.00976133206859231
-1,-1,-1,1,-1,1,-1,-1,-1,-1,1,1,-1,0.00906238549699386
-1,-1,-1,1,-1,1,-1,-1,-1,-1,1,1,1,0.009505356661975384
-1,-1,-1,1,-1,1,-1,-1,-1,1,-1,-1,-1,0.010628802701830864
-1,-1,-1,1,-1,1,-1,-1,-1,1,-1,-1,1,0.011099254712462425
-1,-1,-1,1,-1,1,-1,-1,-1,1,-1,1,-1,0.009691357612609863
-1,-1,-1,1,-1,1,-1,-1,-1,1,-1,1,1,0.010277544148266315
-1,-1,-1,1,-1,1,-1,-1,-1,1,1,-1,-1,0.010311480145901442
-1,-1,-1,1,-1,1,-1,-1,-1,1,1,1,1,0.009905212558805943
-1,-1,-1,1,-1,1,-1,-1,1,-1,-1,-1,1,0.010132432449609041
-1,-1,-1,1,-1,1,-1,-1,1,-1,-1,1,-1,0.008952859789133072
-1,-1,-1,1,-1,1,-1,-1,1,-1,1,-1,-1,0.00903796125203371
-1,-1,-1,1,-1,1,-1,-1,1,-1,1,-1,1,0.009744996204972267
-1,-1,-1,1,-1,1,-1,-1,1,1,-1,-1,-1,0.010419965721666813
-1,-1,-1,1,-1,1,-1,-1,1,1,-1,1,-1,0.009359633860488733
-1,-1,-1,1,-1,1,-1,-1,1,1,-1,1,1,0.009770390577614307
-1,-1,-1,1,-1,1,-1,-1,1,1,1,-1,-1,0.009800082072615623
-1,-1,-1,1,-1,1,-1,-1,1,1,1,-1,1,0.01016318122856319
-1,-1,-1,1,-1,1,-1,-1,1,1,1,1,1,0.009483976755291224
-1,-1,-1,1,-1,1,-1,1,-1,-1,-1,-1,-1,0.009996559470891953
-1,-1,-1,1,-1,1,-1,1,-1,-1,-1,-1,1,0.010335021186619997
-1,-1,-1,1,-1,1,-1,1,-1,-1,1,-1,-1,0.009315393244226774
-1,-1,-1,1,-1,1,-1,1,-1,-1,1,-1,1,0.009879300370812416
-1,-1,-1,1,-1,1,-1,1,-1,-1,1,1,-1,0.008543011732399464
-1,-1,-1,1,-1,1,-1,1,-1,1,-1,-1,-1,0.010321269743144512
-1,-1,-1,1,-1,1,-1,1,-1,1,-1,-1,1,0.010741814970970154
-1,-1,-1,1,-1,1,-1,1,-1,1,-1,1,-1,0.009559076745063066
-1,-1,-1,1,-1,1,-1,1,-1,1,-1,1,1,0.01010323129594326
-1,-1,-1,1,-1,1,-1,1,-1,1,1,-1,1,0.00995594821870327
-1,-1,-1,1,-1,1,-1,1,-1,1,1,1,-1,0.009142476134002209
-1,-1,-1,1,-1,1,-1,1,-1,1,1,1,1,0.00938181672245264
-1,-1,-1,1,-1,1,-1,1,1,-1,-1,-1,1,0.009825812342266241
-1,-1,-1,1,-1,1,-1,1,1,-1,-1,1,-1,0.008513789623975754
-1,-1,-1,1,-1,1,-1,1,1,-1,-1,1,1,0.00892578965673844
-1,-1,-1,1,-1,1,-1,1,1,-1,1,-1,-1,0.008685797452926636
-1,-1,-1,1,-1,1,-1,1,1,-1,1,-1,1,0.00928064901381731
-1,-1,-1,1,-1,1,-1,1,1,-1,1,1,-1,0.007852808572351933
-1,-1,-1,1,-1,1,-1,1,1,-1,1,1,1,0.008691295050084591
-1,-1,-1,1,-1,1,-1,1,1,1,-1,-1,-1,0.009407461620867252
-1,-1,-1,1,-1,1,-1,1,1,1,-1,1,1,0.009276328608393669
-1,-1,-1,1,-1,1,-1,1,1,1,1,-1,-1,0.008761525774995485
-1,-1,-1,1,-1,1,-1,1,1,1,1,-1,1,0.009411830455064774
-1,-1,-1,1,-1,1,-1,1,1,1,1,1,-1,0.007921550422906876
-1,-1,-1,1,-1,1,1,-1,-1,-1,-1,-1,-1,0.010768475010991096
-1,-1,-1,1,-1,1,1,-1,-1,-1,-1,-1,1,0.011296499520540237
-1,-1,-1,1,-1,1,1,-1,-1,-1,-1,1,-1,0.010132370050996542
-1,-1,-1,1,-1,1,1,-1,-1,-1,-1,1,1,0.010457412339746952
-1,-1,-1,1,-1,1,1,-1,-1,-1,1,-1,-1,0.010257362946867942
-1,-1,-1,1,-1,1,1,-1,-1,-1,1,-1,1,0.010594232007861137
-1,-1,-1,1,-1,1,1,-1,-1,-1,1,1,-1,0.009279841557145119
-1,-1,-1,1,-1,1,1,-1,-1,-1,1,1,1,0.009950458072125912
-1,-1,-1,1,-1,1,1,-1,-1,1,-1,-1,1,0.011832904691497484
-1,-1,-1,1,-1,1,1,-1,-1,1,-1,1,1,0.010963483713567257
-1,-1,-1,1,-1,1,1,-1,-1,1,1,-1,1,0.010982131585478783
-1,-1,-1,1,-1,1,1,-1,-1,1,1,1,-1,0.00975358346477151
-1,-1,-1,1,-1,1,1,-1,-1,1,1,1,1,0.01024787575006485
-1,-1,-1,1,-1,1,1,-1,1,-1,-1,-1,1,0.01036657765507698
-1,-1,-1,1,-1,1,1,-1,1,-1,1,-1,-1,0.009614488109946251
-1,-1,-1,1,-1,1,1,-1,1,-1,1,1,1,0.009302531369030476
-1,-1,-1,1,-1,1,1,-1,1,1,-1,-1,-1,0.010068649426102638
-1,-1,-1,1,-1,1,1,-1,1,1,-1,1,-1,0.00946001522243023
-1,-1,-1,1,-1,1,1,-1,1,1,1,-1,-1,0.009766392409801483
-1,-1,-1,1,-1,1,1,-1,1,1,1,1,-1,0.009490559808909893
-1,-1,-1,1,-1,1,1,1,-1,-1,-1,-1,-1,0.010466088851292929
-1,-1,-1,1,-1,1,1,1,-1,-1,-1,-1,1,0.010622231910626093
-1,-1,-1,1,-1,1,1,1,-1,-1,-1,1,1,0.010255360044538975
-1,-1,-1,1,-1,1,1,1,-1,-1,1,-1,1,0.010125220753252506
-1,-1,-1,1,-1,1,1,1,-1,-1,1,1,-1,0.008846038021147251
-1,-1,-1,1,-1,1,1,1,-1,1,-1,-1,1,0.010945265181362629
-1,-1,-1,1,-1,1,1,1,-1,1,1,-1,-1,0.010216915979981422
-1,-1,-1,1,-1,1,1,1,-1,1,1,-1,1,0.010653392411768436
-1,-1,-1,1,-1,1,1,1,-1,1,1,1,1,0.010061736218631268
-1,-1,-1,1,-1,1,1,1,1,-1,-1,-1,-1,0.009900669567286968
-1,-1,-1,1,-1,1,1,1,1,-1,-1,-1,1,0.010209556668996811
-1,-1,-1,1,-1,1,1,1,1,-1,-1,1,-1,0.008743400126695633
-1,-1,-1,1,-1,1,1,1,1,-1,-1,1,1,0.00928780809044838
-1,-1,-1,1,-1,1,1,1,1,-1,1,1,-1,0.007862476631999016
-1,-1,-1,1,-1,1,1,1,1,-1,1,1,1,0.008948160335421562
-1,-1,-1,1,-1,1,1,1,1,1,-1,-1,-1,0.00992292002774775
-1,-1,-1,1,-1,1,1,1,1,1,-1,-1,1,0.010368573013693094
-1,-1,-1,1,-1,1,1,1,1,1,1,-1,-1,0.009092582389712334
-1,-1,-1,1,-1,1,1,1,1,1,1,-1,1,0.009948343504220247
-1,-1,-1,1,-1,1,1,1,1,1,1,1,-1,0.008397715631872416
-1,-1,-1,1,-1,1,1,1,1,1,1,1,1,0.00901451800018549
-1,-1,-1,1,1,-1,-1,-1,-1,-1,-1,-1,-1,0.01153238769620657
-1,-1,-1,1,1,-1,-1,-1,-1,-1,-1,-1,1,0.012077964842319489
-1,-1,-1,1,1,-1,-1,-1,-1,-1,-1,1,-1,0.010682160966098309
-1,-1,-1,1,1,-1,-1,-1,-1,-1,-1,1,1,0.011243680864572525
-1,-1,-1,1,1,-1,-1,-1,-1,-1,1,-1,-1,0.010919260792434216
-1,-1,-1,1,1,-1,-1,-1,-1,-1,1,-1,1,0.01155775599181652
-1,-1,-1,1,1,-1,-1,-1,-1,-1,1,1,1,0.010430962778627872
-1,-1,-1,1,1,-1,-1,-1,-1,1,-1,-1,-1,0.011547965463250875
-1,-1,-1,1,1,-1,-1,-1,-1,1,-1,-1,1,0.012177765602245927
-1,-1,-1,1,1,-1,-1,-1,-1,1,-1,1,-1,0.010962553322315216
-1,-1,-1,1,1,-1,-1,-1,-1,1,-1,1,1,0.011678091250360012
-1,-1,-1,1,1,-1,-1,-1,-1,1,1,-1,-1,0.011064008809626102
-1,-1,-1,1,1,-1,-1,-1,-1,1,1,-1,1,0.01159483240917325
-1,-1,-1,1,1,-1,-1,-1,-1,1,1,1,-1,0.010291402228176594
-1,-1,-1,1,1,-1,-1,-1,-1,1,1,1,1,0.010831926949322224
-1,-1,-1,1,1,-1,-1,-1,1,-1,-1,-1,-1,0.010700712213292718
-1,-1,-1,1,1,-1,-1,-1,1,-1,-1,1,-1,0.010111656971275806
-1,-1,-1,1,1,-1,-1,-1,1,-1,-1,1,1,0.010532943531870842
-1,-1,-1,1,1,-1,-1,-1,1,-1,1,-1,-1,0.010315031744539738
-1,-1,-1,1,1,-1,-1,-1,1,-1,1,-1,1,0.01067638024687767
-1,-1,-1,1,1,-1,-1,-1,1,-1,1,1,-1,0.009445198345929384
-1,-1,-1,1,1,-1,-1,-1,1,1,-1,-1,-1,0.01086238119751215
-1,-1,-1,1,1,-1,-1,-1,1,1,-1,-1,1,0.011554664000868797
-1,-1,-1,1,1,-1,-1,-1,1,1,-1,1,-1,0.010249155573546886
-1,-1,-1,1,1,-1,-1,-1,1,1,-1,1,1,0.010881936177611351
-1,-1,-1,1,1,-1,-1,-1,1,1,1,-1,1,0.010746301151812077
-1,-1,-1,1,1,-1,-1,-1,1,1,1,1,-1,0.009915424045175314
-1,-1,-1,1,1,-1,-1,-1,1,1,1,1,1,0.010156271047890186
-1,-1,-1,1,1,-1,-1,1,-1,-1,-1,-1,-1,0.010898951751490435
-1,-1,-1,1,1,-1,-1,1,-1,-1,-1,-1,1,0.011378537863492966
-1,-1,-1,1,1,-1,-1,1,-1,-1,-1,1,-1,0.010378372389823198
-1,-1,-1,1,1,-1,-1,1,-1,-1,-1,1,1,0.01046027336269617
-1,-1,-1,1,1,-1,-1,1,-1,-1,1,-1,1,0.010956636629998684
-1,-1,-1,1,1,-1,-1,1,-1,-1,1,1,-1,0.009722447954118252
-1,-1,-1,1,1,-1,-1,1,-1,-1,1,1,1,0.01019723154604435
-1,-1,-1,1,1,-1,-1,1,-1,1,-1,-1,-1,0.011179039254784584
-1,-1,-1,1,1,-1,-1,1,-1,1,-1,1,1,0.010915049351751804
-1,-1,-1,1,1,-1,-1,1,-1,1,1,1,-1,0.009813073091208935
-1,-1,-1,1,1,-1,-1,1,1,-1,-1,-1,-1,0.010018068365752697
-1,-1,-1,1,1,-1,-1,1,1,-1,-1,-1,1,0.010669320200880369
-1,-1,-1,1,1,-1,-1,1,1,-1,-1,1,-1,0.009288100525736809
-1,-1,-1,1,1,-1,-1,1,1,-1,1,-1,1,0.010005561634898186
-1,-1,-1,1,1,-1,-1,1,1,-1,1,1,-1,0.009041665121912956
-1,-1,-1,1,1,-1,-1,1,1,1,-1,-1,-1,0.010523258397976557
-1,-1,-1,1,1,-1,-1,1,1,1,-1,1,-1,0.009957995265722275
-1,-1,-1,1,1,-1,-1,1,1,1,-1,1,1,0.010237835347652435
-1,-1,-1,1,1,-1,-1,1,1,1,1,-1,1,0.010346956551074982
-1,-1,-1,1,1,-1,1,-1,-1,-1,-1,-1,-1,0.011743272965153059
-1,-1,-1,1,1,-1,1,-1,-1,-1,-1,-1,1,0.012049965094774961
-1,-1,-1,1,1,-1,1,-1,-1,-1,-1,1,-1,0.010959201181928316
-1,-1,-1,1,1,-1,1,-1,-1,-1,-1,1,1,0.011477124877274036
-1,-1,-1,1,1,-1,1,-1,-1,-1,1,-1,-1,0.011070741030077139
-1,-1,-1,1,1,-1,1,-1,-1,-1,1,-1,1,0.011583559215068817
-1,-1,-1,1,1,-1,1,-1,-1,-1,1,1,-1,0.010360774118453264
-1,-1,-1,1,1,-1,1,-1,-1,-1,1,1,1,0.011073537170886993
-1,-1,-1,1,1,-1,1,-1,-1,1,-1,-1,-1,0.012256818357855082
-1,-1,-1,1,1,-1,1,-1,-1,1,-1,-1,1,0.012378090992569923
-1,-1,-1,1,1,-1,1,-1,-1,1,-1,1,-1,0.011394141241908073
-1,-1,-1,1,1,-1,1,-1,-1,1,1,-1,-1,0.011514343321323395
-1,-1,-1,1,1,-1,1,-1,-1,1,1,-1,1,0.012087431736290455
-1,-1,-1,1,1,-1,1,-1,-1,1,1,1,1,0.011042792350053787
-1,-1,-1,1,1,-1,1,-1,1,-1,-1,-1,1,0.01140462669233481
-1,-1,-1,1,1,-1,1,-1,1,-1,-1,1,-1,0.010364017449319363
-1,-1,-1,1,1,-1,1,-1,1,-1,-1,1,1,0.010705336928367615
-1,-1,-1,1,1,-1,1,-1,1,-1,1,-1,-1,0.010295167099684477
-1,-1,-1,1,1,-1,1,-1,1,-1,1,-1,1,0.011288054287433624
-1,-1,-1,1,1,-1,1,-1,1,1,-1,-1,-1,0.011533263139426708
-1,-1,-1,1,1,-1,1,-1,1,1,-1,-1,1,0.012035015039145947
-1,-1,-1,1,1,-1,1,-1,1,1,1,-1,-1,0.010813824832439423
-1,-1,-1,1,1,-1,1,-1,1,1,1,-1,1,0.01127539575099945
-1,-1,-1,1,1,-1,1,-1,1,1,1,1,1,0.010556116700172424
-1,-1,-1,1,1,-1,1,1,-1,-1,-1,-1,1,0.011651776265352964
-1,-1,-1,1,1,-1,1,1,-1,-1,-1,1,-1,0.010312238708138466
-1,-1,-1,1,1,-1,1,1,-1,-1,-1,1,1,0.01082293689250946
-1,-1,-1,1,1,-1,1,1,-1,-1,1,-1,-1,0.010806167498230934
-1,-1,-1,1,1,-1,1,1,-1,-1,1,-1,1,0.011143506318330765
-1,-1,-1,1,1,-1,1,1,-1,-1,1,1,-1,0.00987841933965683
-1,-1,-1,1,1,-1,1,1,-1,-1,1,1,1,0.010439030826091766
-1,-1,-1,1,1,-1,1,1,-1,1,-1,-1,-1,0.01143725092212359
-1,-1,-1,1,1,-1,1,1,-1,1,-1,1,-1,0.010904964990913868
-1,-1,-1,1,1,-1,1,1,-1,1,-1,1,1,0.011194881051778793
-1,-1,-1,1,1,-1,1,1,-1,1,1,1,-1,0.01009997958317399
-1,-1,-1,1,1,-1,1,1,1,-1,-1,-1,-1,0.010737108066678047
-1,-1,-1,1,1,-1,1,1,1,-1,-1,1,-1,0.009795816304783026
-1,-1,-1,1,1,-1,1,1,1,-1,-1,1,1,0.010285136755555868
-1,-1,-1,1,1,-1,1,1,1,-1,1,-1,1,0.010607268661260605
-1,-1,-1,1,1,-1,1,1,1,-1,1,1,-1,0.009252745192497969
-1,-1,-1,1,1,-1,1,1,1,-1,1,1,1,0.009639634750783443
-1,-1,-1,1,1,-1,1,1,1,1,-1,1,-1,0.010201112367212772
-1,-1,-1,1,1,-1,1,1,1,1,1,-1,1,0.010622941888868809
-1,-1,-1,1,1,-1,1,1,1,1,1,1,-1,0.009381939967473349
-1,-1,-1,1,1,-1,1,1,1,1,1,1,1,0.010263306399186453
-1,-1,-1,1,1,1,-1,-1,-1,-1,-1,-1,-1,0.011288155801594257
-1,-1,-1,1,1,1,-1,-1,-1,-1,-1,-1,1,0.011375928297638893
-1,-1,-1,1,1,1,-1,-1,-1,-1,-1,1,1,0.010406309738755226
-1,-1,-1,1,1,1,-1,-1,-1,-1,1,-1,-1,0.010104835964739323
-1,-1,-1,1,1,1,-1,-1,-1,-1,1,-1,1,0.010976932942867279
-1,-1,-1,1,1,1,-1,-1,-1,-1,1,1,-1,0.009634111697475115
-1,-1,-1,1,1,1,-1,-1,-1,1,-1,-1,-1,0.011083266697824001
-1,-1,-1,1,1,1,-1,-1,-1,1,-1,-1,1,0.011882961727678776
-1,-1,-1,1,1,1,-1,-1,-1,1,-1,1,-1,0.010606065392494202
-1,-1,-1,1,1,1,-1,-1,-1,1,-1,1,1,0.01086063776165247
-1,-1,-1,1,1,1,-1,-1,-1,1,1,-1,-1,0.010544030306239923
-1,-1,-1,1,1,1,-1,-1,-1,1,1,1,-1,0.009931069798767567
-1,-1,-1,1,1,1,-1,-1,-1,1,1,1,1,0.010543226264417171
-1,-1,-1,1,1,1,-1,-1,1,-1,-1,-1,-1,0.01051556970924139
-1,-1,-1,1,1,1,-1,-1,1,-1,-1,1,-1,0.009519475512206554
-1,-1,-1,1,1,1,-1,-1,1,-1,-1,1,1,0.010035675950348377
-1,-1,-1,1,1,1,-1,-1,1,-1,1,-1,-1,0.009513319469988346
-1,-1,-1,1,1,1,-1,-1,1,-1,1,1,-1,0.008719575591385365
-1,-1,-1,1,1,1,-1,-1,1,-1,1,1,1,0.009462406858801842
-1,-1,-1,1,1,1,-1,-1,1,1,-1,-1,-1,0.010829247534275055
-1,-1,-1,1,1,1,-1,-1,1,1,-1,-1,1,0.01106502627953887
-1,-1,-1,1,1,1,-1,-1,1,1,-1,1,-1,0.009744348470121622
-1,-1,-1,1,1,1,-1,-1,1,1,-1,1,1,0.010287195909768343
-1,-1,-1,1,1,1,-1,-1,1,1,1,-1,-1,0.009967036545276642
-1,-1,-1,1,1,1,-1,-1,1,1,1,-1,1,0.010384717956185341
-1,-1,-1,1,1,1,-1,-1,1,1,1,1,-1,0.009404215961694717
-1,-1,-1,1,1,1,-1,-1,1,1,1,1,1,0.00969878351315856
-1,-1,-1,1,1,1,-1,1,-1,-1,-1,-1,1,0.010942179709672928
-1,-1,-1,1,1,1,-1,1,-1,-1,-1,1,-1,0.009754599072039127
-1,-1,-1,1,1,1,-1,1,-1,-1,-1,1,1,0.010144994594156742
-1,-1,-1,1,1,1,-1,1,-1,-1,1,-1,1,0.010258516296744347
-1,-1,-1,1,1,1,-1,1,-1,-1,1,1,-1,0.009238080121576786
-1,-1,-1,1,1,1,-1,1,-1,-1,1,1,1,0.009536390658468008
-1,-1,-1,1,1,1,-1,1,-1,1,-1,-1,-1,0.010634953528642655
-1,-1,-1,1,1,1,-1,1,-1,1,-1,-1,1,0.011222192086279392
-1,-1,-1,1,1,1,-1,1,-1,1,-1,1,-1,0.01027925219386816
-1,-1,-1,1,1,1,-1,1,-1,1,-1,1,1,0.010433608976503214
-1,-1,-1,1,1,1,-1,1,-1,1,1,-1,-1,0.01051746029406786
-1,-1,-1,1,1,1,-1,1,-1,1,1,1,1,0.00991800893098116
-1,-1,-1,1,1,1,-1,1,1,-1,-1,-1,1,0.010212883818894625
-1,-1,-1,1,1,1,-1,1,1,-1,-1,1,-1,0.008811985375359654
-1,-1,-1,1,1,1,-1,1,1,-1,1,-1,-1,0.009123525582253933
-1,-1,-1,1,1,1,-1,1,1,-1,1,-1,1,0.009539204960068067
-1,-1,-1,1,1,1,-1,1,1,-1,1,1,-1,0.008427507244050503
-1,-1,-1,1,1,1,-1,1,1,1,-1,-1,-1,0.010167764965444803
-1,-1,-1,1,1,1,-1,1,1,1,-1,-1,1,0.010607358999550343
-1,-1,-1,1,1,1,-1,1,1,1,-1,1,1,0.009874217212200165
-1,-1,-1,1,1,1,-1,1,1,1,1,1,1,0.009456407278776169
-1,-1,-1,1,1,1,1,-1,-1,-1,-1,-1,-1,0.011142193339765072
-1,-1,-1,1,1,1,1,-1,-1,-1,-1,1,-1,0.010654726065695286
-1,-1,-1,1,1,1,1,-1,-1,-1,-1,1,1,0.010967406444251537
-1,-1,-1,1,1,1,1,-1,-1,-1,1,-1,-1,0.010553729720413685
-1,-1,-1,1,1,1,1,-1,-1,-1,1,1,1,0.010436641673247019
-1,-1,-1,1,1,1,1,-1,-1,1,-1,1,-1,0.010781513216594854
-1,-1,-1,1,1,1,1,-1,-1,1,-1,1,1,0.01125445356592536
-1,-1,-1,1,1,1,1,-1,-1,1,1,-1,1,0.011316944845020771
-1,-1,-1,1,1,1,1,-1,-1,1,1,1,-1,0.01012527383863926
-1,-1,-1,1,1,1,1,-1,-1,1,1,1,1,0.010559930000454187
-1,-1,-1,1,1,1,1,-1,1,-1,-1,-1,-1,0.010672316420823336
-1,-1,-1,1,1,1,1,-1,1,-1,-1,-1,1,0.010974794626235962
-1,-1,-1,1,1,1,1,-1,1,-1,-1,1,1,0.010290669742971659
-1,-1,-1,1,1,1,1,-1,1,-1,1,-1,-1,0.00995575450360775
-1,-1,-1,1,1,1,1,-1,1,-1,1,1,-1,0.009321320801973343
-1,-1,-1,1,1,1,1,-1,1,1,-1,-1,1,0.011391940526664257
-1,-1,-1,1,1,1,1,-1,1,1,-1,1,-1,0.009822669439017773
-1,-1,-1,1,1,1,1,-1,1,1,1,-1,-1,0.01026991568505764
-1,-1,-1,1,1,1,1,-1,1,1,1,-1,1,0.010929391719400883
-1,-1,-1,1,1,1,1,-1,1,1,1,1,-1,0.009684047661721706
-1,-1,-1,1,1,1,1,-1,1,1,1,1,1,0.01013718731701374
-1,-1,-1,1,1,1,1,1,-1,-1,-1,-1,1,0.010972552932798862
-1,-1,-1,1,1,1,1,1,-1,-1,-1,1,-1,0.009915321599692106
-1,-1,-1,1,1,1,1,1,-1,-1,-1,1,1,0.01029138918966055
-1,-1,-1,1,1,1,1,1,-1,-1,1,-1,-1,0.009765621274709702
-1,-1,-1,1,1,1,1,1,-1,-1,1,-1,1,0.010683712549507618
-1,-1,-1,1,1,1,1,1,-1,-1,1,1,-1,0.0093798553571105
-1,-1,-1,1,1,1,1,1,-1,-1,1,1,1,0.009831725154072046
-1,-1,-1,1,1,1,1,1,-1,1,-1,-1,-1,0.01075678039342165
-1,-1,-1,1,1,1,1,1,-1,1,-1,-1,1,0.011549173854291439
-1,-1,-1,1,1,1,1,1,-1,1,-1,1,-1,0.010179038625210524
-1,-1,-1,1,1,1,1,1,-1,1,-1,1,1,0.011015879921615124
-1,-1,-1,1,1,1,1,1,-1,1,1,-1,-1,0.010321377466122309
-1,-1,-1,1,1,1,1,1,-1,1,1,1,1,0.010263382767637571
-1,-1,-1,1,1,1,1,1,1,-1,-1,-1,-1,0.009960412047803402
-1,-1,-1,1,1,1,1,1,1,-1,-1,-1,1,0.010260969400405884
-1,-1,-1,1,1,1,1,1,1,-1,-1,1,-1,0.009119320660829544
-1,-1,-1,1,1,1,1,1,1,-1,-1,1,1,0.009601916186511517
-1,-1,-1,1,1,1,1,1,1,-1,1,-1,1,0.009848943911492825
-1,-1,-1,1,1,1,1,1,1,-1,1,1,1,0.009111423045396805
-1,-1,-1,1,1,1,1,1,1,1,-1,-1,1,0.010925945825874805
-1,-1,-1,1,1,1,1,1,1,1,-1,1,-1,0.009848175570368767
-1,-1,-1,1,1,1,1,1,1,1,-1,1,1,0.010276204440742731
-1,-1,-1,1,1,1,1,1,1,1,1,-1,1,0.010238714516162872
-1,-1,-1,1,1,1,1,1,1,1,1,1,-1,0.008926889393478632
-1,-1,1,-1,-1,-1,-1,-1,-1,-1,-1,-1,-1,0.011708440259099007
-1,-1,1,-1,-1,-1,-1,-1,-1,-1,-1,-1,1,0.0122074776639541
-1,-1,1,-1,-1,-1,-1,-1,-1,-1,-1,1,-1,0.010874358471482992
-1,-1,1,-1,-1,-1,-1,-1,-1,-1,-1,1,1,0.011469573713839054
-1,-1,1,-1,-1,-1,-1,-1,-1,-1,1,-1,-1,0.011086137033998966
-1,-1,1,-1,-1,-1,-1,-1,-1,-1,1,-1,1,0.011542015088101229
-1,-1,1,-1,-1,-1,-1,-1,-1,-1,1,1,-1,0.010305292904376984
-1,-1,1,-1,-1,-1,-1,-1,-1,-1,1,1,1,0.011338867247104645
-1,-1,1,-1,-1,-1,-1,-1,-1,1,-1,-1,-1,0.011607143096625805
-1,-1,1,-1,-1,-1,-1,-1,-1,1,-1,-1,1,0.01235872320830822
-1,-1,1,-1,-1,-1,-1,-1,-1,1,-1,1,-1,0.0112835094332695
-1,-1,1,-1,-1,-1,-1,-1,-1,1,1,-1,-1,0.011729862075299025
-1,-1,1,-1,-1,-1,-1,-1,-1,1,1,-1,1,0.01209635753184557
-1,-1,1,-1,-1,-1,-1,-1,-1,1,1,1,1,0.01115731941536069
-1,-1,1,-1,-1,-1,-1,-1,1,-1,-1,-1,-1,0.010915376245975494
-1,-1,1,-1,-1,-1,-1,-1,1,-1,-1,-1,1,0.011306419968605042
-1,-1,1,-1,-1,-1,-1,-1,1,-1,-1,1,1,0.010646690614521503
-1,-1,1,-1,-1,-1,-1,-1,1,-1,1,-1,-1,0.010584831237792969
-1,-1,1,-1,-1,-1,-1,-1,1,-1,1,1,-1,0.00973249040544033
-1,-1,1,-1,-1,-1,-1,-1,1,-1,1,1,1,0.010383146815001965
-1,-1,1,-1,-1,-1,-1,-1,1,1,-1,-1,-1,0.01126208653052648
-1,-1,1,-1,-1,-1,-1,-1,1,1,-1,-1,1,0.011695049703121185
-1,-1,1,-1,-1,-1,-1,-1,1,1,-1,1,-1,0.010876388289034367
-1,-1,1,-1,-1,-1,-1,-1,1,1,1,-1,1,0.011099090799689293
-1,-1,1,-1,-1,-1,-1,-1,1,1,1,1,1,0.010913120582699776
-1,-1,1,-1,-1,-1,-1,1,-1,-1,-1,-1,-1,0.011210217606276274
-1,-1,1,-1,-1,-1,-1,1,-1,-1,-1,-1,1,0.0117268031463027
-1,-1,1,-1,-1,-1,-1,1,-1,-1,-1,1,1,0.010972064454108477
-1,-1,1,-1,-1,-1,-1,1,-1,-1,1,-1,-1,0.01056144293397665
-1,-1,1,-1,-1,-1,-1,1,-1,-1,1,-1,1,0.011238893494009972
-1,-1,1,-1,-1,-1,-1,1,-1,-1,1,1,-1,0.009718225337564945
-1,-1,1,-1,-1,-1,-1,1,-1,1,-1,-1,-1,0.011344269383698702
-1,-1,1,-1,-1,-1,-1,1,-1,1,-1,-1,1,0.012003223101298014
-1,-1,1,-1,-1,-1,-1,1,-1,1,-1,1,-1,0.010724008083343506
-1,-1,1,-1,-1,-1,-1,1,-1,1,1,-1,1,0.011277072597295046
-1,-1,1,-1,-1,-1,-1,1,-1,1,1,1,1,0.010691271862015128
-1,-1,1,-1,-1,-1,-1,1,1,-1,-1,-1,-1,0.010519316419959068
-1,-1,1,-1,-1,-1,-1,1,1,-1,-1,-1,1,0.011087995022535324
-1,-1,1,-1,-1,-1,-1,1,1,-1,-1,1,-1,0.010011665523052216
-1,-1,1,-1,-1,-1,-1,1,1,-1,1,-1,1,0.010472391421596209
-1,-1,1,-1,-1,-1,-1,1,1,-1,1,1,-1,0.009310643654316664
-1,-1,1,-1,-1,-1,-1,1,1,-1,1,1,1,0.009665992110967636
-1,-1,1,-1,-1,-1,-1,1,1,1,-1,-1,1,0.011295706033706665
-1,-1,1,-1,-1,-1,-1,1,1,1,-1,1,1,0.01057504303753376
-1,-1,1,-1,-1,-1,-1,1,1,1,1,1,-1,0.00958848837763071
-1,-1,1,-1,-1,-1,-1,1,1,1,1,1,1,0.009979934431612492
-1,-1,1,-1,-1,-1,1,-1,-1,-1,-1,-1,1,0.012729401234537363
-1,-1,1,-1,-1,-1,1,-1,-1,-1,-1,1,-1,0.011411399580538273
-1,-1,1,-1,-1,-1,1,-1,-1,-1,-1,1,1,0.011877348956962427
-1,-1,1,-1,-1,-1,1,-1,-1,-1,1,-1,-1,0.011384324170649052
-1,-1,1,-1,-1,-1,1,-1,-1,-1,1,1,1,0.01109114196151495
-1,-1,1,-1,-1,-1,1,-1,-1,1,-1,-1,-1,0.01247892715036869
-1,-1,1,-1,-1,-1,1,-1,-1,1,-1,-1,1,0.012913982849568129
-1,-1,1,-1,-1,-1,1,-1,-1,1,-1,1,1,0.012406738009303808
-1,-1,1,-1,-1,-1,1,-1,-1,1,1,-1,-1,0.011631971225142479
-1,-1,1,-1,-1,-1,1,-1,-1,1,1,-1,1,0.012374091582993666
-1,-1,1,-1,-1,-1,1,-1,-1,1,1,1,-1,0.010976563673466444
-1,-1,1,-1,-1,-1,1,-1,1,-1,-1,1,-1,0.010617580264806747
-1,-1,1,-1,-1,-1,1,-1,1,-1,-1,1,1,0.011125526390969753
-1,-1,1,-1,-1,-1,1,-1,1,-1,1,-1,-1,0.01109279040247202
-1,-1,1,-1,-1,-1,1,-1,1,-1,1,1,-1,0.009711787104606628
-1,-1,1,-1,-1,-1,1,-1,1,1,-1,-1,-1,0.011976627632975578
-1,-1,1,-1,-1,-1,1,-1,1,1,-1,-1,1,0.012263508513569832
-1,-1,1,-1,-1,-1,1,-1,1,1,-1,1,-1,0.011088593862950802
-1,-1,1,-1,-1,-1,1,-1,1,1,-1,1,1,0.011525987647473812
-1,-1,1,-1,-1,-1,1,-1,1,1,1,-1,1,0.011538699269294739
-1,-1,1,-1,-1,-1,1,-1,1,1,1,1,-1,0.010259577538818121
-1,-1,1,-1,-1,-1,1,-1,1,1,1,1,1,0.011021735146641731
-1,-1,1,-1,-1,-1,1,1,-1,-1,-1,-1,-1,0.011527298018336296
-1,-1,1,-1,-1,-1,1,1,-1,-1,-1,1,-1,0.01097966730594635
-1,-1,1,-1,-1,-1,1,1,-1,-1,1,-1,-1,0.011185651179403067
-1,-1,1,-1,-1,-1,1,1,-1,-1,1,-1,1,0.01137805636972189
-1,-1,1,-1,-1,-1,1,1,-1,-1,1,1,-1,0.010376346297562122
-1,-1,1,-1,-1,-1,1,1,-1,-1,1,1,1,0.01091280858963728
-1,-1,1,-1,-1,-1,1,1,-1,1,-1,-1,-1,0.011978807859122753
-1,-1,1,-1,-1,-1,1,1,-1,1,-1,1,-1,0.011256701312959194
-1,-1,1,-1,-1,-1,1,1,-1,1,-1,1,1,0.011767882853746414
-1,-1,1,-1,-1,-1,1,1,-1,1,1,-1,1,0.011794811813160777
-1,-1,1,-1,-1,-1,1,1,-1,1,1,1,-1,0.010387305170297623
-1,-1,1,-1,-1,-1,1,1,-1,1,1,1,1,0.0108201764523983
-1,-1,1,-1,-1,-1,1,1,1,-1,-1,1,-1,0.009854761883616447
-1,-1,1,-1,-1,-1,1,1,1,-1,-1,1,1,0.01051529310643673
-1,-1,1,-1,-1,-1,1,1,1,-1,1,-1,-1,0.010280019603669643
-1,-1,1,-1,-1,-1,1,1,1,-1,1,-1,1,0.010762243997305632
-1,-1,1,-1,-1,-1,1,1,1,-1,1,1,-1,0.009496375918388367
-1,-1,1,-1,-1,-1,1,1,1,-1,1,1,1,0.010090498253703117
-1,-1,1,-1,-1,-1,1,1,1,1,-1,-1,-1,0.011106074787676334
-1,-1,1,-1,-1,-1,1,1,1,1,-1,-1,1,0.011695674620568752
-1,-1,1,-1,-1,-1,1,1,1,1,-1,1,1,0.010725594591349363
-1,-1,1,-1,-1,-1,1,1,1,1,1,-1,-1,0.010432323440909386
-1,-1,1,-1,-1,-1,1,1,1,1,1,1,-1,0.009739501401782036
-1,-1,1,-1,-1,1,-1,-1,-1,-1,-1,-1,-1,0.010866306722164154
-1,-1,1,-1,-1,1,-1,-1,-1,-1,-1,-1,1,0.01201271079480648
-1,-1,1,-1,-1,1,-1,-1,-1,-1,-1,1,1,0.011059185722842813
-1,-1,1,-1,-1,1,-1,-1,-1,-1,1,-1,-1,0.010739516466856003
-1,-1,1,-1,-1,1,-1,-1,-1,-1,1,-1,1,0.011252496081093947
-1,-1,1,-1,-1,1,-1,-1,-1,-1,1,1,-1,0.01000669039785862
-1,-1,1,-1,-1,1,-1,-1,-1,-1,1,1,1,0.010310882702469826
-1,-1,1,-1,-1,1,-1,-1,-1,1,-1,-1,-1,0.011320634745061398
-1,-1,1,-1,-1,1,-1,-1,-1,1,-1,-1,1,0.01200694777071476
-1,-1,1,-1,-1,1,-1,-1,-1,1,1,-1,-1,0.010825366713106632
-1,-1,1,-1,-1,1,-1,-1,-1,1,1,-1,1,0.011572848074138165
-1,-1,1,-1,-1,1,-1,-1,-1,1,1,1,-1,0.010178796015679836
-1,-1,1,-1,-1,1,-1,-1,1,-1,-1,-1,-1,0.010462744161486626
-1,-1,1,-1,-1,1,-1,-1,1,-1,-1,-1,1,0.01095742592588067
-1,-1,1,-1,-1,1,-1,-1,1,-1,-1,1,1,0.010178799740970135
-1,-1,1,-1,-1,1,-1,-1,1,-1,1,-1,-1,0.009955689311027527
-1,-1,1,-1,-1,1,-1,-1,1,-1,1,-1,1,0.010296939872205257
-1,-1,1,-1,-1,1,-1,-1,1,-1,1,1,-1,0.00926659069955349
-1,-1,1,-1,-1,1,-1,-1,1,-1,1,1,1,0.00995586533099413
-1,-1,1,-1,-1,1,-1,-1,1,1,-1,-1,-1,0.010701770583788553
-1,-1,1,-1,-1,1,-1,-1,1,1,1,-1,-1,0.010213617933914065
-1,-1,1,-1,-1,1,-1,-1,1,1,1,-1,1,0.01098351925611496
-1,-1,1,-1,-1,1,-1,-1,1,1,1,1,-1,0.009460190776735544
-1,-1,1,-1,-1,1,-1,1,-1,-1,-1,-1,1,0.011298885568976402
-1,-1,1,-1,-1,1,-1,1,-1,-1,-1,1,-1,0.010360763408243656
-1,-1,1,-1,-1,1,-1,1,-1,-1,-1,1,1,0.010431974194943905
-1,-1,1,-1,-1,1,-1,1,-1,-1,1,-1,-1,0.010458199307322502
-1,-1,1,-1,-1,1,-1,1,-1,-1,1,1,-1,0.009365185163915157
-1,-1,1,-1,-1,1,-1,1,-1,1,-1,-1,-1,0.010984843596816063
-1,-1,1,-1,-1,1,-1,1,-1,1,-1,-1,1,0.011422550305724144
-1,-1,1,-1,-1,1,-1,1,-1,1,-1,1,1,0.010852100560441613
-1,-1,1,-1,-1,1,-1,1,-1,1,1,-1,1,0.010994356591254473
-1,-1,1,-1,-1,1,-1,1,-1,1,1,1,-1,0.009638017353912195
-1,-1,1,-1,-1,1,-1,1,-1,1,1,1,1,0.010142207145690918
-1,-1,1,-1,-1,1,-1,1,1,-1,-1,-1,-1,0.010342800989747047
-1,-1,1,-1,-1,1,-1,1,1,-1,-1,1,-1,0.009534433484077454
-1,-1,1,-1,-1,1,-1,1,1,-1,1,-1,-1,0.009328718297183514
-1,-1,1,-1,-1,1,-1,1,1,-1,1,-1,1,0.010139312595129013
-1,-1,1,-1,-1,1,-1,1,1,-1,1,1,-1,0.00865339720621705
-1,-1,1,-1,-1,1,-1,1,1,-1,1,1,1,0.009554480202496052
-1,-1,1,-1,-1,1,-1,1,1,1,-1,-1,-1,0.010351508390158415
-1,-1,1,-1,-1,1,-1,1,1,1,-1,-1,1,0.010732470080256462
-1,-1,1,-1,-1,1,-1,1,1,1,-1,1,-1,0.00973992794752121
-1,-1,1,-1,-1,1,-1,1,1,1,-1,1,1,0.010076656937599182
-1,-1,1,-1,-1,1,-1,1,1,1,1,-1,-1,0.009555418975651264
-1,-1,1,-1,-1,1,-1,1,1,1,1,-1,1,0.010145625099539757
-1,-1,1,-1,-1,1,-1,1,1,1,1,1,1,0.009677537716925144
-1,-1,1,-1,-1,1,1,-1,-1,-1,-1,-1,1,0.011889521032571793
-1,-1,1,-1,-1,1,1,-1,-1,-1,-1,1,-1,0.010600256733596325
-1,-1,1,-1,-1,1,1,-1,-1,-1,-1,1,1,0.011187303811311722
-1,-1,1,-1,-1,1,1,-1,-1,-1,1,1,-1,0.010101420804858208
-1,-1,1,-1,-1,1,1,-1,-1,-1,1,1,1,0.010738569311797619
-1,-1,1,-1,-1,1,1,-1,-1,1,-1,-1,1,0.011921081691980362
-1,-1,1,-1,-1,1,1,-1,-1,1,1,-1,-1,0.011561030521988869
-1,-1,1,-1,-1,1,1,-1,-1,1,1,-1,1,0.011483342852443457
-1,-1,1,-1,-1,1,1,-1,-1,1,1,1,1,0.01142989844083786
-1,-1,1,-1,-1,1,1,-1,1,-1,-1,-1,-1,0.010965628549456596
-1,-1,1,-1,-1,1,1,-1,1,-1,-1,-1,1,0.01166854053735733
-1,-1,1,-1,-1,1,1,-1,1,-1,-1,1,-1,0.010162459686398506
-1,-1,1,-1,-1,1,1,-1,1,-1,1,-1,1,0.010680308565497398
-1,-1,1,-1,-1,1,1,-1,1,-1,1,1,-1,0.009507096062103907
-1,-1,1,-1,-1,1,1,-1,1,-1,1,1,1,0.010161273181438446
-1,-1,1,-1,-1,1,1,-1,1,1,-1,-1,-1,0.010835814289748669
-1,-1,1,-1,-1,1,1,-1,1,1,-1,-1,1,0.01153420377522707
-1,-1,1,-1,-1,1,1,-1,1,1,-1,1,-1,0.010314087383449078
-1,-1,1,-1,-1,1,1,-1,1,1,-1,1,1,0.010921780951321125
-1,-1,1,-1,-1,1,1,-1,1,1,1,-1,-1,0.010574931278824806
-1,-1,1,-1,-1,1,1,-1,1,1,1,-1,1,0.01107758842408657
-1,-1,1,-1,-1,1,1,-1,1,1,1,1,1,0.010446337051689625
-1,-1,1,-1,-1,1,1,1,-1,-1,-1,-1,-1,0.01091184327378869
-1,-1,1,-1,-1,1,1,1,-1,-1,-1,-1,1,0.011649509891867638
-1,-1,1,-1,-1,1,1,1,-1,-1,-1,1,-1,0.010233677923679352
-1,-1,1,-1,-1,1,1,1,-1,-1,1,-1,-1,0.01044936291873455
-1,-1,1,-1,-1,1,1,1,-1,-1,1,1,-1,0.009662178965906302
-1,-1,1,-1,-1,1,1,1,-1,-1,1,1,1,0.010158884339034557
-1,-1,1,-1,-1,1,1,1,-1,1,-1,-1,-1,0.01112412940710783
-1,-1,1,-1,-1,1,1,1,-1,1,-1,1,1,0.011017370969057083
-1,-1,1,-1,-1,1,1,1,-1,1,1,-1,-1,0.011047063395380974
-1,-1,1,-1,-1,1,1,1,-1,1,1,-1,1,0.01131311897188425
-1,-1,1,-1,-1,1,1,1,-1,1,1,1,-1,0.010023005306720734
-1,-1,1,-1,-1,1,1,1,-1,1,1,1,1,0.0106676509603858
-1,-1,1,-1,-1,1,1,1,1,-1,-1,-1,1,0.010787979078789553
-1,-1,1,-1,-1,1,1,1,1,-1,1,-1,1,0.010204438120126724
-1,-1,1,-1,-1,1,1,1,1,-1,1,1,1,0.009306754916906357
-1,-1,1,-1,-1,1,1,1,1,1,-1,-1,1,0.01094181090593338
-1,-1,1,-1,-1,1,1,1,1,1,-1,1,-1,0.009745653718709946
-1,-1,1,-1,-1,1,1,1,1,1,-1,1,1,0.010385004803538322
-1,-1,1,-1,-1,1,1,1,1,1,1,-1,-1,0.009886177256703377
-1,-1,1,-1,-1,1,1,1,1,1,1,1,-1,0.009515747427940369
-1,-1,1,-1,-1,1,1,1,1,1,1,1,1,0.009566565975546837
-1,-1,1,-1,1,-1,-1,-1,-1,-1,-1,-1,-1,0.012135347351431847
-1,-1,1,-1,1,-1,-1,-1,-1,-1,-1,-1,1,0.012461196165531874
-1,-1,1,-1,1,-1,-1,-1,-1,-1,-1,1,-1,0.01140015572309494
-1,-1,1,-1,1,-1,-1,-1,-1,-1,-1,1,1,0.012243736535310745
-1,-1,1,-1,1,-1,-1,-1,-1,-1,1,-1,-1,0.011609846726059914
-1,-1,1,-1,1,-1,-1,-1,-1,-1,1,-1,1,0.012345191091299057
-1,-1,1,-1,1,-1,-1,-1,-1,-1,1,1,-1,0.01131104864180088
-1,-1,1,-1,1,-1,-1,-1,-1,-1,1,1,1,0.01117516215890646
-1,-1,1,-1,1,-1,-1,-1,-1,1,-1,-1,-1,0.012472126632928848
-1,-1,1,-1,1,-1,-1,-1,-1,1,-1,-1,1,0.013191950507462025
-1,-1,1,-1,1,-1,-1,-1,-1,1,-1,1,-1,0.011745433695614338
-1,-1,1,-1,1,-1,-1,-1,-1,1,-1,1,1,0.01230856217443943
-1,-1,1,-1,1,-1,-1,-1,-1,1,1,-1,-1,0.011727582663297653
-1,-1,1,-1,1,-1,-1,-1,-1,1,1,-1,1,0.012299536727368832
-1,-1,1,-1,1,-1,-1,-1,-1,1,1,1,-1,0.011037325486540794
-1,-1,1,-1,1,-1,-1,-1,1,-1,-1,1,-1,0.010747760534286499
-1,-1,1,-1,1,-1,-1,-1,1,-1,1,-1,-1,0.010918968357145786
-1,-1,1,-1,1,-1,-1,-1,1,-1,1,-1,1,0.011388605926185846
-1,-1,1,-1,1,-1,-1,-1,1,-1,1,1,-1,0.00997209781780839
-1,-1,1,-1,1,-1,-1,-1,1,-1,1,1,1,0.01064706314355135
-1,-1,1,-1,1,-1,-1,-1,1,1,-1,-1,-1,0.011898824945092201
-1,-1,1,-1,1,-1,-1,-1,1,1,-1,-1,1,0.0122428759932518
-1,-1,1,-1,1,-1,-1,-1,1,1,-1,1,-1,0.011168687914808592
-1,-1,1,-1,1,-1,-1,-1,1,1,-1,1,1,0.011651834473013878
-1,-1,1,-1,1,-1,-1,-1,1,1,1,-1,-1,0.010955211396018663
-1,-1,1,-1,1,-1,-1,-1,1,1,1,-1,1,0.011604339815676212
-1,-1,1,-1,1,-1,-1,-1,1,1,1,1,-1,0.010353726334869862
-1,-1,1,-1,1,-1,-1,-1,1,1,1,1,1,0.01103721559047699
-1,-1,1,-1,1,-1,-1,1,-1,-1,-1,-1,-1,0.011450068093836308
-1,-1,1,-1,1,-1,-1,1,-1,-1,-1,-1,1,0.012335059233009815
-1,-1,1,-1,1,-1,-1,1,-1,-1,-1,1,1,0.011422527022659779
-1,-1,1,-1,1,-1,-1,1,-1,-1,1,-1,-1,0.011008850298821926
-1,-1,1,-1,1,-1,-1,1,-1,-1,1,-1,1,0.011467101983726025
-1,-1,1,-1,1,-1,-1,1,-1,-1,1,1,1,0.010823728516697884
-1,-1,1,-1,1,-1,-1,1,-1,1,-1,-1,1,0.01239574234932661
-1,-1,1,-1,1,-1,-1,1,-1,1,-1,1,-1,0.011319687590003014
-1,-1,1,-1,1,-1,-1,1,-1,1,-1,1,1,0.011550107039511204
-1,-1,1,-1,1,-1,-1,1,-1,1,1,-1,-1,0.011335078626871109
-1,-1,1,-1,1,-1,-1,1,-1,1,1,-1,1,0.011832403019070625
-1,-1,1,-1,1,-1,-1,1,-1,1,1,1,-1,0.01059616869315505
-1,-1,1,-1,1,-1,-1,1,-1,1,1,1,1,0.011613814160227776
-1,-1,1,-1,1,-1,-1,1,1,-1,-1,-1,-1,0.010839586146175861
-1,-1,1,-1,1,-1,-1,1,1,-1,-1,-1,1,0.011517557936410109
-1,-1,1,-1,1,-1,-1,1,1,-1,-1,1,-1,0.010183146223425865
-1,-1,1,-1,1,-1,-1,1,1,-1,-1,1,1,0.010712920067210993
-1,-1,1,-1,1,-1,-1,1,1,-1,1,-1,-1,0.010176187381148338
-1,-1,1,-1,1,-1,-1,1,1,-1,1,-1,1,0.010801243595778942
-1,-1,1,-1,1,-1,-1,1,1,-1,1,1,-1,0.010007809847593307
-1,-1,1,-1,1,-1,-1,1,1,1,-1,-1,1,0.011835969518870115
-1,-1,1,-1,1,-1,-1,1,1,1,1,-1,-1,0.01070231944322586
-1,-1,1,-1,1,-1,-1,1,1,1,1,-1,1,0.011292525567114353
-1,-1,1,-1,1,-1,-1,1,1,1,1,1,-1,0.009993532672524452
-1,-1,1,-1,1,-1,-1,1,1,1,1,1,1,0.01062957663089037
-1,-1,1,-1,1,-1,1,-1,-1,-1,-1,-1,-1,0.012398560531437397
-1,-1,1,-1,1,-1,1,-1,-1,-1,-1,-1,1,0.012828937266021967
-1,-1,1,-1,1,-1,1,-1,-1,-1,1,-1,-1,0.01205681823194027
-1,-1,1,-1,1,-1,1,-1,-1,1,-1,-1,-1,0.012937809340655804
-1,-1,1,-1,1,-1,1,-1,-1,1,-1,1,-1,0.012069730088114738
-1,-1,1,-1,1,-1,1,-1,-1,1,-1,1,1,0.012495356922348341
-1,-1,1,-1,1,-1,1,-1,-1,1,1,-1,-1,0.012339194770902395
-1,-1,1,-1,1,-1,1,-1,-1,1,1,-1,1,0.012870950624346733
-1,-1,1,-1,1,-1,1,-1,-1,1,1,1,-1,0.01164283836260438
-1,-1,1,-1,1,-1,1,-1,-1,1,1,1,1,0.01176922395825386
-1,-1,1,-1,1,-1,1,-1,1,-1,-1,-1,1,0.012592008337378502
-1,-1,1,-1,1,-1,1,-1,1,-1,-1,1,-1,0.01099442970007658
-1,-1,1,-1,1,-1,1,-1,1,-1,1,-1,1,0.011635706294327974
-1,-1,1,-1,1,-1,1,-1,1,-1,1,1,-1,0.010582950587073961
-1,-1,1,-1,1,-1,1,-1,1,-1,1,1,1,0.011067699175328016
-1,-1,1,-1,1,-1,1,-1,1,1,-1,-1,-1,0.012091375887393951
-1,-1,1,-1,1,-1,1,-1,1,1,-1,-1,1,0.012694673612713814
-1,-1,1,-1,1,-1,1,-1,1,1,-1,1,-1,0.011352977715432644
-1,-1,1,-1,1,-1,1,-1,1,1,-1,1,1,0.011909387074410915
-1,-1,1,-1,1,-1,1,-1,1,1,1,-1,-1,0.011595186777412891
-1,-1,1,-1,1,-1,1,-1,1,1,1,1,-1,0.010695789009332657
-1,-1,1,-1,1,-1,1,-1,1,1,1,1,1,0.011435538530349731
-1,-1,1,-1,1,-1,1,1,-1,-1,-1,-1,1,0.012559721246361732
-1,-1,1,-1,1,-1,1,1,-1,-1,-1,1,-1,0.011260613799095154
-1,-1,1,-1,1,-1,1,1,-1,-1,-1,1,1,0.011753685306757689
-1,-1,1,-1,1,-1,1,1,-1,-1,1,-1,1,0.012026743963360786
-1,-1,1,-1,1,-1,1,1,-1,1,-1,-1,-1,0.012034217827022076
-1,-1,1,-1,1,-1,1,1,-1,1,-1,-1,1,0.012645700946450233
-1,-1,1,-1,1,-1,1,1,-1,1,-1,1,-1,0.011764675378799438
-1,-1,1,-1,1,-1,1,1,-1,1,-1,1,1,0.01197803858667612
-1,-1,1,-1,1,-1,1,1,-1,1,1,-1,1,0.011959139257669449
-1,-1,1,-1,1,-1,1,1,-1,1,1,1,-1,0.010672289878129959
-1,-1,1,-1,1,-1,1,1,-1,1,1,1,1,0.011411723215132952
-1,-1,1,-1,1,-1,1,1,1,-1,-1,-1,-1,0.011342033743858337
-1,-1,1,-1,1,-1,1,1,1,-1,-1,-1,1,0.011927908286452293
-1,-1,1,-1,1,-1,1,1,1,-1,-1,1,-1,0.010405263863503933
-1,-1,1,-1,1,-1,1,1,1,-1,-1,1,1,0.010800382122397423
-1,-1,1,-1,1,-1,1,1,1,-1,1,1,-1,0.010083887726068497
-1,-1,1,-1,1,-1,1,1,1,-1,1,1,1,0.010176355950534344
-1,-1,1,-1,1,-1,1,1,1,1,-1,-1,-1,0.011848443187773228
-1,-1,1,-1,1,-1,1,1,1,1,-1,-1,1,0.012083005625754595
-1,-1,1,-1,1,-1,1,1,1,1,-1,1,-1,0.010913596954196692
-1,-1,1,-1,1,-1,1,1,1,1,1,1,-1,0.010473392903804779
-1,-1,1,-1,1,-1,1,1,1,1,1,1,1,0.010576939210295677
-1,-1,1,-1,1,1,-1,-1,-1,-1,-1,1,-1,0.01078911063571771
-1,-1,1,-1,1,1,-1,-1,-1,-1,1,-1,1,0.01147001888602972
-1,-1,1,-1,1,1,-1,-1,-1,-1,1,1,1,0.01053690630942583
-1,-1,1,-1,1,1,-1,-1,-1,1,-1,-1,1,0.012557373382151127
-1,-1,1,-1,1,1,-1,-1,-1,1,-1,1,-1,0.011191275902092457
-1,-1,1,-1,1,1,-1,-1,-1,1,-1,1,1,0.01174211036413908
-1,-1,1,-1,1,1,-1,-1,-1,1,1,-1,-1,0.01169500220566988
-1,-1,1,-1,1,1,-1,-1,-1,1,1,-1,1,0.01205193530768156
-1,-1,1,-1,1,1,-1,-1,-1,1,1,1,-1,0.010637384373694658
-1,-1,1,-1,1,1,-1,-1,-1,1,1,1,1,0.01143111102283001
-1,-1,1,-1,1,1,-1,-1,1,-1,-1,-1,-1,0.010992636593679586
-1,-1,1,-1,1,1,-1,-1,1,-1,-1,-1,1,0.011563857551664114
-1,-1,1,-1,1,1,-1,-1,1,-1,-1,1,-1,0.010158348207672438
-1,-1,1,-1,1,1,-1,-1,1,-1,-1,1,1,0.010792409535497427
-1,-1,1,-1,1,1,-1,-1,1,-1,1,-1,-1,0.010519873350858688
-1,-1,1,-1,1,1,-1,-1,1,-1,1,-1,1,0.010767776519060135
-1,-1,1,-1,1,1,-1,-1,1,-1,1,1,1,0.010111300740391016
-1,-1,1,-1,1,1,-1,-1,1,1,-1,-1,-1,0.011257777300973734
-1,-1,1,-1,1,1,-1,-1,1,1,-1,1,1,0.011066782288253307
-1,-1,1,-1,1,1,-1,-1,1,1,1,-1,-1,0.0107392817735672
-1,-1,1,-1,1,1,-1,-1,1,1,1,-1,1,0.011220146901905537
-1,-1,1,-1,1,1,-1,-1,1,1,1,1,-1,0.009877899661660194
-1,-1,1,-1,1,1,-1,-1,1,1,1,1,1,0.010430421680212021
-1,-1,1,-1,1,1,-1,1,-1,-1,-1,-1,1,0.011746128089725971
-1,-1,1,-1,1,1,-1,1,-1,-1,-1,1,-1,0.01028463989496231
-1,-1,1,-1,1,1,-1,1,-1,-1,1,-1,1,0.011240680702030659
-1,-1,1,-1,1,1,-1,1,-1,-1,1,1,1,0.010292856022715569
-1,-1,1,-1,1,1,-1,1,-1,1,-1,-1,-1,0.011838099919259548
-1,-1,1,-1,1,1,-1,1,-1,1,-1,-1,1,0.011966541223227978
-1,-1,1,-1,1,1,-1,1,-1,1,1,-1,-1,0.011044281534850597
-1,-1,1,-1,1,1,-1,1,-1,1,1,-1,1,0.011425165459513664
-1,-1,1,-1,1,1,-1,1,-1,1,1,1,-1,0.010309477336704731
-1,-1,1,-1,1,1,-1,1,-1,1,1,1,1,0.01065443828701973
-1,-1,1,-1,1,1,-1,1,1,-1,-1,-1,-1,0.010515713132917881
-1,-1,1,-1,1,1,-1,1,1,-1,-1,-1,1,0.010753052309155464
-1,-1,1,-1,1,1,-1,1,1,-1,1,-1,-1,0.009936986491084099
-1,-1,1,-1,1,1,-1,1,1,-1,1,-1,1,0.010464835911989212
-1,-1,1,-1,1,1,-1,1,1,-1,1,1,-1,0.008916676665345827
-1,-1,1,-1,1,1,-1,1,1,1,-1,-1,1,0.011369203217327595
-1,-1,1,-1,1,1,-1,1,1,1,-1,1,-1,0.010090829494098822
-1,-1,1,-1,1,1,-1,1,1,1,-1,1,1,0.010415262542665005
-1,-1,1,-1,1,1,-1,1,1,1,1,-1,-1,0.010122130159288645
-1,-1,1,-1,1,1,-1,1,1,1,1,-1,1,0.010774371679872274
-1,-1,1,-1,1,1,-1,1,1,1,1,1,-1,0.00947923120111227
-1,-1,1,-1,1,1,-1,1,1,1,1,1,1,0.010031980462372303
-1,-1,1,-1,1,1,1,-1,-1,-1,-1,-1,-1,0.01187504455447197
-1,-1,1,-1,1,1,1,-1,-1,-1,-1,1,-1,0.011220590211451054
-1,-1,1,-1,1,1,1,-1,-1,-1,1,-1,1,0.011990401893854141
-1,-1,1,-1,1,1,1,-1,-1,-1,1,1,-1,0.010757358744740486
-1,-1,1,-1,1,1,1,-1,-1,-1,1,1,1,0.011206792667508125
-1,-1,1,-1,1,1,1,-1,-1,1,-1,-1,-1,0.012503080070018768
-1,-1,1,-1,1,1,1,-1,-1,1,-1,-1,1,0.013076810166239738
-1,-1,1,-1,1,1,1,-1,-1,1,-1,1,-1,0.011138638481497765
-1,-1,1,-1,1,1,1,-1,-1,1,-1,1,1,0.01183255948126316
-1,-1,1,-1,1,1,1,-1,-1,1,1,-1,-1,0.011560104787349701
-1,-1,1,-1,1,1,1,-1,-1,1,1,-1,1,0.0123335433502992
-1,-1,1,-1,1,1,1,-1,-1,1,1,1,1,0.011325257830321789
-1,-1,1,-1,1,1,1,-1,1,-1,-1,-1,-1,0.011257301550358534
-1,-1,1,-1,1,1,1,-1,1,-1,-1,1,-1,0.010378157254308462
-1,-1,1,-1,1,1,1,-1,1,-1,-1,1,1,0.011152396909892559
-1,-1,1,-1,1,1,1,-1,1,-1,1,-1,-1,0.010971199721097946
-1,-1,1,-1,1,1,1,-1,1,-1,1,-1,1,0.010847996920347214
-1,-1,1,-1,1,1,1,-1,1,-1,1,1,-1,0.010029620490968227
-1,-1,1,-1,1,1,1,-1,1,1,-1,-1,-1,0.011510877637192607
-1,-1,1,-1,1,1,1,-1,1,1,-1,-1,1,0.012109258212149143
-1,-1,1,-1,1,1,1,-1,1,1,-1,1,-1,0.011286681517958641
-1,-1,1,-1,1,1,1,-1,1,1,-1,1,1,0.011393751949071884
-1,-1,1,-1,1,1,1,-1,1,1,1,-1,1,0.011481884401291609
-1,-1,1,-1,1,1,1,-1,1,1,1,1,-1,0.010526024736464024
-1,-1,1,-1,1,1,1,-1,1,1,1,1,1,0.010916497558355331
-1,-1,1,-1,1,1,1,1,-1,-1,-1,-1,-1,0.011462207417935133
-1,-1,1,-1,1,1,1,1,-1,-1,-1,-1,1,0.011693214066326618
-1,-1,1,-1,1,1,1,1,-1,-1,-1,1,-1,0.010752379428595304
-1,-1,1,-1,1,1,1,1,-1,-1,-1,1,1,0.01164789404720068
-1,-1,1,-1,1,1,1,1,-1,-1,1,-1,-1,0.010690669529139996
-1,-1,1,-1,1,1,1,1,-1,-1,1,-1,1,0.01107320748269558
-1,-1,1,-1,1,1,1,1,-1,-1,1,1,-1,0.00997441541403532
-1,-1,1,-1,1,1,1,1,-1,-1,1,1,1,0.010717108535269896
-1,-1,1,-1,1,1,1,1,-1,1,-1,-1,-1,0.011891298461705446
-1,-1,1,-1,1,1,1,1,-1,1,-1,-1,1,0.012195073533803225
-1,-1,1,-1,1,1,1,1,-1,1,-1,1,-1,0.010830483709772428
-1,-1,1,-1,1,1,1,1,-1,1,-1,1,1,0.011274893302470446
-1,-1,1,-1,1,1,1,1,-1,1,1,-1,-1,0.011136835440993309
-1,-1,1,-1,1,1,1,1,-1,1,1,-1,1,0.011648218147456646
-1,-1,1,-1,1,1,1,1,-1,1,1,1,-1,0.010246232772866884
-1,-1,1,-1,1,1,1,1,-1,1,1,1,1,0.010958246421068907
-1,-1,1,-1,1,1,1,1,1,-1,-1,-1,1,0.010990971699357033
-1,-1,1,-1,1,1,1,1,1,-1,-1,1,-1,0.00993104868878921
-1,-1,1,-1,1,1,1,1,1,-1,-1,1,1,0.010788402520120144
-1,-1,1,-1,1,1,1,1,1,-1,1,-1,-1,0.010267935693264008
-1,-1,1,-1,1,1,1,1,1,1,-1,-1,-1,0.011142153603335222
-1,-1,1,-1,1,1,1,1,1,1,-1,-1,1,0.011629005894064903
-1,-1,1,-1,1,1,1,1,1,1,-1,1,-1,0.010480858385562897
-1,-1,1,-1,1,1,1,1,1,1,-1,1,1,0.010666636750102043
-1,-1,1,-1,1,1,1,1,1,1,1,-1,-1,0.01028538215905428
-1,-1,1,-1,1,1,1,1,1,1,1,-1,1,0.01110403286293149
-1,-1,1,-1,1,1,1,1,1,1,1,1,-1,0.009833408519625664
-1,-1,1,-1,1,1,1,1,1,1,1,1,1,0.010218659415841103
-1,-1,1,1,-1,-1,-1,-1,-1,-1,-1,-1,1,0.012129659298807383
-1,-1,1,1,-1,-1,-1,-1,-1,-1,1,-1,-1,0.010818718932569027
-1,-1,1,1,-1,-1,-1,-1,-1,-1,1,-1,1,0.011356068309396505
-1,-1,1,1,-1,-1,-1,-1,-1,-1,1,1,-1,0.010116682387888432
-1,-1,1,1,-1,-1,-1,-1,-1,-1,1,1,1,0.010633247904479504
-1,-1,1,1,-1,-1,-1,-1,-1,1,-1,-1,-1,0.011755704879760742
-1,-1,1,1,-1,-1,-1,-1,-1,1,-1,-1,1,0.01238015852868557
-1,-1,1,1,-1,-1,-1,-1,-1,1,-1,1,1,0.011776045896112919
-1,-1,1,1,-1,-1,-1,-1,-1,1,1,-1,-1,0.011347595602273941
-1,-1,1,1,-1,-1,-1,-1,-1,1,1,-1,1,0.01174730435013771
-1,-1,1,1,-1,-1,-1,-1,-1,1,1,1,-1,0.01062368182465434
-1,-1,1,1,-1,-1,-1,-1,-1,1,1,1,1,0.010924795642495155
-1,-1,1,1,-1,-1,-1,-1,1,-1,-1,-1,-1,0.010881252586841583
-1,-1,1,1,-1,-1,-1,-1,1,-1,-1,-1,1,0.011383877135813236
-1,-1,1,1,-1,-1,-1,-1,1,-1,-1,1,-1,0.010296544060111046
-1,-1,1,1,-1,-1,-1,-1,1,-1,1,-1,1,0.010755328461527824
-1,-1,1,1,-1,-1,-1,-1,1,-1,1,1,1,0.010152100895841917
-1,-1,1,1,-1,-1,-1,-1,1,1,-1,-1,-1,0.011020423844456673
-1,-1,1,1,-1,-1,-1,-1,1,1,-1,1,1,0.011004486121237278
-1,-1,1,1,-1,-1,-1,-1,1,1,1,-1,-1,0.010619326494634151
-1,-1,1,1,-1,-1,-1,-1,1,1,1,-1,1,0.01128008496016264
-1,-1,1,1,-1,-1,-1,-1,1,1,1,1,-1,0.009724782779812813
-1,-1,1,1,-1,-1,-1,1,-1,-1,-1,-1,-1,0.010979508981108665
-1,-1,1,1,-1,-1,-1,1,-1,-1,-1,-1,1,0.01141236163675785
-1,-1,1,1,-1,-1,-1,1,-1,-1,-1,1,-1,0.010569184552878141
-1,-1,1,1,-1,-1,-1,1,-1,-1,1,-1,-1,0.010415683500468731
-1,-1,1,1,-1,-1,-1,1,-1,-1,1,-1,1,0.010832606193919977
-1,-1,1,1,-1,-1,-1,1,-1,-1,1,1,-1,0.009702762588858604
-1,-1,1,1,-1,-1,-1,1,-1,-1,1,1,1,0.010274074971675873
-1,-1,1,1,-1,-1,-1,1,-1,1,-1,-1,-1,0.010971574112772942
-1,-1,1,1,-1,-1,-1,1,-1,1,-1,-1,1,0.011737643741071224
-1,-1,1,1,-1,-1,-1,1,-1,1,-1,1,-1,0.01061074947938323
-1,-1,1,1,-1,-1,-1,1,-1,1,1,-1,1,0.011251067277044058
-1,-1,1,1,-1,-1,-1,1,-1,1,1,1,1,0.010172901209443808
-1,-1,1,1,-1,-1,-1,1,1,-1,-1,-1,1,0.011135304346680641
-1,-1,1,1,-1,-1,-1,1,1,-1,-1,1,-1,0.00965882713596026
-1,-1,1,1,-1,-1,-1,1,1,-1,1,-1,-1,0.009634805843234062
-1,-1,1,1,-1,-1,-1,1,1,-1,1,1,-1,0.008962749503552914
-1,-1,1,1,-1,-1,-1,1,1,-1,1,1,1,0.009412269107997417
-1,-1,1,1,-1,-1,-1,1,1,1,-1,-1,-1,0.010783632285892963
-1,-1,1,1,-1,-1,-1,1,1,1,-1,1,1,0.010208401829004288
-1,-1,1,1,-1,-1,-1,1,1,1,1,-1,-1,0.010175788775086403
-1,-1,1,1,-1,-1,1,-1,-1,-1,-1,-1,-1,0.011818467639386654
-1,-1,1,1,-1,-1,1,-1,-1,-1,-1,-1,1,0.01242634809265534
-1,-1,1,1,-1,-1,1,-1,-1,-1,-1,1,1,0.011701522395014763
-1,-1,1,1,-1,-1,1,-1,-1,-1,1,-1,-1,0.011412505060434341
-1,-1,1,1,-1,-1,1,-1,-1,-1,1,1,-1,0.010301541537046432
-1,-1,1,1,-1,-1,1,-1,-1,-1,1,1,1,0.011223590932786465
-1,-1,1,1,-1,-1,1,-1,-1,1,-1,-1,-1,0.012271316722035408
-1,-1,1,1,-1,-1,1,-1,-1,1,-1,-1,1,0.01251664012670517
-1,-1,1,1,-1,-1,1,-1,-1,1,-1,1,1,0.011965353041887283
-1,-1,1,1,-1,-1,1,-1,-1,1,1,-1,1,0.012001223396509886
-1,-1,1,1,-1,-1,1,-1,-1,1,1,1,-1,0.010730518959462643
-1,-1,1,1,-1,-1,1,-1,-1,1,1,1,1,0.01128366682678461
-1,-1,1,1,-1,-1,1,-1,1,-1,-1,-1,-1,0.011012217961251736
-1,-1,1,1,-1,-1,1,-1,1,-1,-1,-1,1,0.011677445378154516
-1,-1,1,1,-1,-1,1,-1,1,-1,-1,1,-1,0.010484147816896439
-1,-1,1,1,-1,-1,1,-1,1,-1,-1,1,1,0.010746879503130913
-1,-1,1,1,-1,-1,1,-1,1,-1,1,-1,-1,0.010602288879454136
-1,-1,1,1,-1,-1,1,-1,1,-1,1,-1,1,0.010944338515400887
-1,-1,1,1,-1,-1,1,-1,1,-1,1,1,-1,0.009864265099167824
-1,-1,1,1,-1,-1,1,-1,1,-1,1,1,1,0.010248716920614243
-1,-1,1,1,-1,-1,1,-1,1,1,-1,-1,-1,0.011389774270355701
-1,-1,1,1,-1,-1,1,-1,1,1,-1,1,-1,0.01073133572936058
-1,-1,1,1,-1,-1,1,-1,1,1,1,-1,1,0.011429685167968273
-1,-1,1,1,-1,-1,1,-1,1,1,1,1,-1,0.010044286027550697
-1,-1,1,1,-1,-1,1,-1,1,1,1,1,1,0.010560547467321157
-1,-1,1,1,-1,-1,1,1,-1,-1,-1,-1,1,0.011664633639156818
-1,-1,1,1,-1,-1,1,1,-1,-1,-1,1,-1,0.010512866079807281
-1,-1,1,1,-1,-1,1,1,-1,-1,1,1,1,0.010502421762794256
-1,-1,1,1,-1,-1,1,1,-1,1,-1,-1,1,0.012011350132524967
-1,-1,1,1,-1,-1,1,1,-1,1,-1,1,1,0.011512151453644037
-1,-1,1,1,-1,-1,1,1,-1,1,1,-1,-1,0.011147430632263422
-1,-1,1,1,-1,-1,1,1,-1,1,1,-1,1,0.011681171134114265
-1,-1,1,1,-1,-1,1,1,-1,1,1,1,-1,0.010610575787723064
-1,-1,1,1,-1,-1,1,1,1,-1,-1,-1,-1,0.010528966784477234
-1,-1,1,1,-1,-1,1,1,1,-1,-1,-1,1,0.011016337666660547
-1,-1,1,1,-1,-1,1,1,1,-1,-1,1,-1,0.009625549428164959
-1,-1,1,1,-1,-1,1,1,1,-1,1,-1,-1,0.010291638784110546
-1,-1,1,1,-1,-1,1,1,1,-1,1,1,1,0.009876672799388567
-1,-1,1,1,-1,-1,1,1,1,1,-1,-1,-1,0.010777957737445831
-1,-1,1,1,-1,-1,1,1,1,1,-1,-1,1,0.011435778811573982
-1,-1,1,1,-1,-1,1,1,1,1,-1,1,-1,0.010072637349367142
-1,-1,1,1,-1,-1,1,1,1,1,-1,1,1,0.010740408673882484
-1,-1,1,1,-1,-1,1,1,1,1,1,-1,-1,0.01021861843764782
-1,-1,1,1,-1,-1,1,1,1,1,1,1,-1,0.009624484926462173
-1,-1,1,1,-1,-1,1,1,1,1,1,1,1,0.009980428032577038
-1,-1,1,1,-1,1,-1,-1,-1,-1,-1,-1,-1,0.01091586984694004
-1,-1,1,1,-1,1,-1,-1,-1,-1,-1,-1,1,0.011488229501992464
-1,-1,1,1,-1,1,-1,-1,-1,-1,-1,1,-1,0.01038859598338604
-1,-1,1,1,-1,1,-1,-1,-1,-1,-1,1,1,0.010730870068073273
-1,-1,1,1,-1,1,-1,-1,-1,-1,1,1,-1,0.009544029831886292
-1,-1,1,1,-1,1,-1,-1,-1,1,-1,-1,-1,0.011423837393522263
-1,-1,1,1,-1,1,-1,-1,-1,1,-1,-1,1,0.011785916052758694
-1,-1,1,1,-1,1,-1,-1,-1,1,-1,1,-1,0.010772475507110357
-1,-1,1,1,-1,1,-1,-1,-1,1,-1,1,1,0.011429458856582642
-1,-1,1,1,-1,1,-1,-1,-1,1,1,1,1,0.010664762929081917
-1,-1,1,1,-1,1,-1,-1,1,-1,-1,-1,-1,0.010341266170144081
-1,-1,1,1,-1,1,-1,-1,1,-1,-1,1,-1,0.009575175121426582
-1,-1,1,1,-1,1,-1,-1,1,-1,-1,1,1,0.01029359269887209
-1,-1,1,1,-1,1,-1,-1,1,-1,1,-1,-1,0.01002850104123354
-1,-1,1,1,-1,1,-1,-1,1,-1,1,-1,1,0.010301227681338787
-1,-1,1,1,-1,1,-1,-1,1,-1,1,1,-1,0.009025044739246368
-1,-1,1,1,-1,1,-1,-1,1,-1,1,1,1,0.00931401178240776
-1,-1,1,1,-1,1,-1,-1,1,1,1,-1,1,0.01049262440452973
-1,-1,1,1,-1,1,-1,-1,1,1,1,1,1,0.010016283020377159
-1,-1,1,1,-1,1,-1,1,-1,-1,-1,-1,1,0.010875260457396507
-1,-1,1,1,-1,1,-1,1,-1,-1,-1,1,-1,0.009786111147453388
-1,-1,1,1,-1,1,-1,1,-1,-1,-1,1,1,0.010240704752504826
-1,-1,1,1,-1,1,-1,1,-1,-1,1,1,-1,0.009051822125911713
-1,-1,1,1,-1,1,-1,1,-1,1,-1,1,-1,0.010024799965322018
-1,-1,1,1,-1,1,-1,1,-1,1,-1,1,1,0.010449925670400262
-1,-1,1,1,-1,1,-1,1,-1,1,1,-1,-1,0.01023075357079506
-1,-1,1,1,-1,1,-1,1,-1,1,1,-1,1,0.010876050218939781
-1,-1,1,1,-1,1,-1,1,-1,1,1,1,1,0.01008544055124124
-1,-1,1,1,-1,1,-1,1,1,-1,-1,-1,-1,0.009657886810600758
-1,-1,1,1,-1,1,-1,1,1,-1,-1,-1,1,0.010244221892207861
-1,-1,1,1,-1,1,-1,1,1,-1,-1,1,-1,0.009031265508383512
-1,-1,1,1,-1,1,-1,1,1,-1,-1,1,1,0.00952813751064241
-1,-1,1,1,-1,1,-1,1,1,-1,1,-1,1,0.009565228596329689
-1,-1,1,1,-1,1,-1,1,1,-1,1,1,-1,0.00855936078975598
-1,-1,1,1,-1,1,-1,1,1,-1,1,1,1,0.009116069413721561
-1,-1,1,1,-1,1,-1,1,1,1,-1,-1,-1,0.010157537336150805
-1,-1,1,1,-1,1,-1,1,1,1,-1,-1,1,0.010704237967729568
-1,-1,1,1,-1,1,-1,1,1,1,-1,1,-1,0.009331686422228813
-1,-1,1,1,-1,1,-1,1,1,1,-1,1,1,0.009931007400155067
-1,-1,1,1,-1,1,-1,1,1,1,1,-1,-1,0.009451954811811446
-1,-1,1,1,-1,1,-1,1,1,1,1,1,-1,0.00858359131962061
-1,-1,1,1,-1,1,-1,1,1,1,1,1,1,0.009492956101894379
-1,-1,1,1,-1,1,1,-1,-1,-1,-1,-1,-1,0.01116501446813345
-1,-1,1,1,-1,1,1,-1,-1,-1,-1,1,-1,0.01055156160145998
-1,-1,1,1,-1,1,1,-1,-1,-1,1,-1,-1,0.010952062904834747
-1,-1,1,1,-1,1,1,-1,-1,-1,1,-1,1,0.011270565679296851
-1,-1,1,1,-1,1,1,-1,-1,-1,1,1,-1,0.010060330852866173
-1,-1,1,1,-1,1,1,-1,-1,1,-1,-1,-1,0.011592911556363106
-1,-1,1,1,-1,1,1,-1,-1,1,-1,-1,1,0.011874500662088394
-1,-1,1,1,-1,1,1,-1,-1,1,-1,1,-1,0.010890292003750801
-1,-1,1,1,-1,1,1,-1,-1,1,-1,1,1,0.011580348014831543
-1,-1,1,1,-1,1,1,-1,-1,1,1,-1,-1,0.01112439576536417
-1,-1,1,1,-1,1,1,-1,-1,1,1,-1,1,0.011489567657311758
-1,-1,1,1,-1,1,1,-1,-1,1,1,1,1,0.010557706467807293
-1,-1,1,1,-1,1,1,-1,1,-1,-1,-1,-1,0.010176999494433403
-1,-1,1,1,-1,1,1,-1,1,-1,1,-1,-1,0.009938744362443686
-1,-1,1,1,-1,1,1,-1,1,-1,1,1,-1,0.009528481401503086
-1,-1,1,1,-1,1,1,-1,1,-1,1,1,1,0.009782826527953148
-1,-1,1,1,-1,1,1,-1,1,1,-1,-1,-1,0.010859577916562557
-1,-1,1,1,-1,1,1,-1,1,1,-1,1,1,0.010885553434491158
-1,-1,1,1,-1,1,1,-1,1,1,1,-1,-1,0.010494435671716928
-1,-1,1,1,-1,1,1,-1,1,1,1,-1,1,0.010838547721505165
-1,-1,1,1,-1,1,1,-1,1,1,1,1,-1,0.009556125849485397
-1,-1,1,1,-1,1,1,1,-1,-1,-1,-1,1,0.01132721547037363
-1,-1,1,1,-1,1,1,1,-1,-1,1,-1,-1,0.01022619754076004
-1,-1,1,1,-1,1,1,1,-1,-1,1,-1,1,0.01086160633713007
-1,-1,1,1,-1,1,1,1,-1,-1,1,1,-1,0.009506157909830412
-1,-1,1,1,-1,1,1,1,-1,-1,1,1,1,0.009891311638057232
-1,-1,1,1,-1,1,1,1,-1,1,-1,-1,-1,0.010911003686487675
-1,-1,1,1,-1,1,1,1,-1,1,-1,1,1,0.011093528009951115
-1,-1,1,1,-1,1,1,1,-1,1,1,-1,-1,0.010486684739589691
-1,-1,1,1,-1,1,1,1,-1,1,1,-1,1,0.01079977061599493
-1,-1,1,1,-1,1,1,1,-1,1,1,1,-1,0.009657163172960281
-1,-1,1,1,-1,1,1,1,-1,1,1,1,1,0.010159689001739025
-1,-1,1,1,-1,1,1,1,1,-1,-1,-1,-1,0.010131504852324724
-1,-1,1,1,-1,1,1,1,1,-1,-1,-1,1,0.010614223778247833
-1,-1,1,1,-1,1,1,1,1,-1,-1,1,1,0.009651887696236372
-1,-1,1,1,-1,1,1,1,1,-1,1,-1,-1,0.009650208987295628
-1,-1,1,1,-1,1,1,1,1,-1,1,-1,1,0.010041679721325636
-1,-1,1,1,-1,1,1,1,1,-1,1,1,-1,0.00899045697102944
-1,-1,1,1,-1,1,1,1,1,1,-1,-1,-1,0.01058181282132864
-1,-1,1,1,-1,1,1,1,1,1,-1,-1,1,0.010794244706630707
-1,-1,1,1,-1,1,1,1,1,1,-1,1,-1,0.009462098591029644
-1,-1,1,1,-1,1,1,1,1,1,1,-1,-1,0.009958585724234581
-1,-1,1,1,-1,1,1,1,1,1,1,-1,1,0.010268970392644405
-1,-1,1,1,-1,1,1,1,1,1,1,1,-1,0.009381351061165333
-1,-1,1,1,1,-1,-1,-1,-1,-1,-1,1,1,0.01134240161627531
-1,-1,1,1,1,-1,-1,-1,-1,-1,1,-1,-1,0.011570402421057224
-1,-1,1,1,1,-1,-1,-1,-1,-1,1,1,-1,0.0103021040558815
-1,-1,1,1,1,-1,-1,-1,-1,-1,1,1,1,0.011114750057458878
-1,-1,1,1,1,-1,-1,-1,-1,1,-1,-1,-1,0.012181462720036507
-1,-1,1,1,1,-1,-1,-1,-1,1,-1,1,-1,0.011687575839459896
-1,-1,1,1,1,-1,-1,-1,-1,1,-1,1,1,0.012055837083607912
-1,-1,1,1,1,-1,-1,-1,-1,1,1,-1,-1,0.011950723826885223
-1,-1,1,1,1,-1,-1,-1,-1,1,1,-1,1,0.012520667165517807
-1,-1,1,1,1,-1,-1,-1,-1,1,1,1,-1,0.011004978325217962
-1,-1,1,1,1,-1,-1,-1,-1,1,1,1,1,0.011637402698397636
-1,-1,1,1,1,-1,-1,-1,1,-1,-1,-1,-1,0.011236666701734066
-1,-1,1,1,1,-1,-1,-1,1,-1,-1,-1,1,0.01186358742415905
-1,-1,1,1,1,-1,-1,-1,1,-1,-1,1,-1,0.01057840958237648
-1,-1,1,1,1,-1,-1,-1,1,-1,1,-1,-1,0.010631374083459377
-1,-1,1,1,1,-1,-1,-1,1,-1,1,1,1,0.010436607990413904
-1,-1,1,1,1,-1,-1,-1,1,1,-1,-1,-1,0.011488912161439657
-1,-1,1,1,1,-1,-1,-1,1,1,-1,-1,1,0.012013350613415241
-1,-1,1,1,1,-1,-1,-1,1,1,-1,1,-1,0.010960191488265991
-1,-1,1,1,1,-1,-1,-1,1,1,-1,1,1,0.011285555548965931
-1,-1,1,1,1,-1,-1,-1,1,1,1,-1,1,0.011480702087283134
-1,-1,1,1,1,-1,-1,-1,1,1,1,1,-1,0.01062694750726223
-1,-1,1,1,1,-1,-1,-1,1,1,1,1,1,0.010976741400857767
-1,-1,1,1,1,-1,-1,1,-1,-1,-1,-1,-1,0.011565468274056911
-1,-1,1,1,1,-1,-1,1,-1,-1,-1,-1,1,0.012184514198452234
-1,-1,1,1,1,-1,-1,1,-1,-1,-1,1,-1,0.010643135523423553
-1,-1,1,1,1,-1,-1,1,-1,-1,1,-1,-1,0.010778987314552069
-1,-1,1,1,1,-1,-1,1,-1,-1,1,-1,1,0.011497928450504938
-1,-1,1,1,1,-1,-1,1,-1,-1,1,1,-1,0.010301810689270496
-1,-1,1,1,1,-1,-1,1,-1,1,-1,-1,-1,0.011687850579619408
-1,-1,1,1,1,-1,-1,1,-1,1,-1,-1,1,0.012258900639911493
-1,-1,1,1,1,-1,-1,1,-1,1,-1,1,-1,0.011231658359368643
-1,-1,1,1,1,-1,-1,1,-1,1,-1,1,1,0.011403035372495651
-1,-1,1,1,1,-1,-1,1,-1,1,1,-1,-1,0.011054709553718567
-1,-1,1,1,1,-1,-1,1,-1,1,1,-1,1,0.011898517608642578
-1,-1,1,1,1,-1,-1,1,1,-1,-1,-1,1,0.011021673679351807
-1,-1,1,1,1,-1,-1,1,1,-1,-1,1,-1,0.009974638931453228
-1,-1,1,1,1,-1,-1,1,1,-1,-1,1,1,0.010387429346640905
-1,-1,1,1,1,-1,-1,1,1,1,-1,-1,-1,0.011056835763156414
-1,-1,1,1,1,-1,-1,1,1,1,-1,-1,1,0.011542593128979206
-1,-1,1,1,1,-1,-1,1,1,1,-1,1,-1,0.010334446094930172
-1,-1,1,1,1,-1,-1,1,1,1,-1,1,1,0.011132449842989445
-1,-1,1,1,1,-1,-1,1,1,1,1,-1,-1,0.010456857271492481
-1,-1,1,1,1,-1,-1,1,1,1,1,-1,1,0.010974668432027102
-1,-1,1,1,1,-1,-1,1,1,1,1,1,-1,0.009882934391498566
-1,-1,1,1,1,-1,1,-1,-1,-1,-1,-1,-1,0.012225250713527203
-1,-1,1,1,1,-1,1,-1,-1,-1,-1,-1,1,0.012598362052813172
-1,-1,1,1,1,-1,1,-1,-1,-1,-1,1,-1,0.011452419217675924
-1,-1,1,1,1,-1,1,-1,-1,-1,-1,1,1,0.012256775051355362
-1,-1,1,1,1,-1,1,-1,-1,-1,1,-1,-1,0.011684337630867958
-1,-1,1,1,1,-1,1,-1,-1,-1,1,-1,1,0.011988339945673943
-1,-1,1,1,1,-1,1,-1,-1,-1,1,1,-1,0.010942293951908747
-1,-1,1,1,1,-1,1,-1,-1,1,-1,-1,1,0.01313778106123209
-1,-1,1,1,1,-1,1,-1,-1,1,-1,1,-1,0.011829352006316185
-1,-1,1,1,1,-1,1,-1,-1,1,1,-1,-1,0.011936336755752563
-1,-1,1,1,1,-1,1,-1,-1,1,1,-1,1,0.012364500667899847
-1,-1,1,1,1,-1,1,-1,-1,1,1,1,-1,0.011334942653775215
-1,-1,1,1,1,-1,1,-1,-1,1,1,1,1,0.011757139582186937
-1,-1,1,1,1,-1,1,-1,1,-1,-1,-1,-1,0.011444585397839546
-1,-1,1,1,1,-1,1,-1,1,-1,-1,-1,1,0.012229063548147678
-1,-1,1,1,1,-1,1,-1,1,-1,-1,1,-1,0.010796394664794207
-1,-1,1,1,1,-1,1,-1,1,-1,-1,1,1,0.011471402831375599
-1,-1,1,1,1,-1,1,-1,1,-1,1,-1,-1,0.010990430290500322
-1,-1,1,1,1,-1,1,-1,1,-1,1,-1,1,0.011336810886859894
-1,-1,1,1,1,-1,1,-1,1,-1,1,1,1,0.010595726314932108
-1,-1,1,1,1,-1,1,-1,1,1,-1,-1,1,0.012302883435040712
-1,-1,1,1,1,-1,1,-1,1,1,-1,1,-1,0.011105617042630911
-1,-1,1,1,1,-1,1,-1,1,1,-1,1,1,0.011641517281532288
-1,-1,1,1,1,-1,1,-1,1,1,1,-1,-1,0.011451107915490866
-1,-1,1,1,1,-1,1,-1,1,1,1,-1,1,0.011884022038429976
-1,-1,1,1,1,-1,1,-1,1,1,1,1,-1,0.010827441699802876
-1,-1,1,1,1,-1,1,-1,1,1,1,1,1,0.011176131432875991
-1,-1,1,1,1,-1,1,1,-1,-1,-1,-1,1,0.012079743668437004
-1,-1,1,1,1,-1,1,1,-1,-1,1,-1,-1,0.011070754379034042
-1,-1,1,1,1,-1,1,1,-1,-1,1,-1,1,0.011702814139425755
-1,-1,1,1,1,-1,1,1,-1,-1,1,1,-1,0.010117066092789173
-1,-1,1,1,1,-1,1,1,-1,-1,1,1,1,0.010962091075877348
-1,-1,1,1,1,-1,1,1,-1,1,-1,-1,-1,0.012165738735347986
-1,-1,1,1,1,-1,1,1,-1,1,-1,-1,1,0.012507537379860878
-1,-1,1,1,1,-1,1,1,-1,1,-1,1,-1,0.011425981763750315
-1,-1,1,1,1,-1,1,1,-1,1,1,1,-1,0.010625033639371395
-1,-1,1,1,1,-1,1,1,-1,1,1,1,1,0.011403474025428295
-1,-1,1,1,1,-1,1,1,1,-1,-1,-1,1,0.011471895035356283
-1,-1,1,1,1,-1,1,1,1,-1,-1,1,-1,0.010483397170901299
-1,-1,1,1,1,-1,1,1,1,-1,-1,1,1,0.010899116285145283
-1,-1,1,1,1,-1,1,1,1,-1,1,-1,-1,0.010202694684267044
-1,-1,1,1,1,-1,1,1,1,-1,1,-1,1,0.010991905815899372
-1,-1,1,1,1,-1,1,1,1,-1,1,1,-1,0.0098872110247612
-1,-1,1,1,1,-1,1,1,1,-1,1,1,1,0.01007603108882904
-1,-1,1,1,1,-1,1,1,1,1,-1,-1,-1,0.011345499660819769
-1,-1,1,1,1,-1,1,1,1,1,-1,-1,1,0.011913119815289974
-1,-1,1,1,1,-1,1,1,1,1,-1,1,1,0.011044078972190619
-1,-1,1,1,1,-1,1,1,1,1,1,-1,-1,0.01080362219363451
-1,-1,1,1,1,-1,1,1,1,1,1,-1,1,0.011085919725398222
-1,-1,1,1,1,-1,1,1,1,1,1,1,-1,0.010072626173496246
-1,-1,1,1,1,-1,1,1,1,1,1,1,1,0.010448098182678223
-1,-1,1,1,1,1,-1,-1,-1,-1,-1,-1,-1,0.01144062727689743
-1,-1,1,1,1,1,-1,-1,-1,-1,-1,-1,1,0.011954504530876875
-1,-1,1,1,1,1,-1,-1,-1,-1,-1,1,-1,0.010569104614357153
-1,-1,1,1,1,1,-1,-1,-1,-1,1,1,1,0.010511533357203007
-1,-1,1,1,1,1,-1,-1,-1,1,-1,-1,1,0.01218173187226057
-1,-1,1,1,1,1,-1,-1,-1,1,-1,1,-1,0.011201906017959118
-1,-1,1,1,1,1,-1,-1,-1,1,1,-1,-1,0.011188614182174206
-1,-1,1,1,1,1,-1,-1,-1,1,1,-1,1,0.01141704572364688
-1,-1,1,1,1,1,-1,-1,-1,1,1,1,1,0.011026165448129177
-1,-1,1,1,1,1,-1,-1,1,-1,-1,-1,-1,0.010364838875830173
-1,-1,1,1,1,1,-1,-1,1,-1,-1,-1,1,0.011199181899428368
-1,-1,1,1,1,1,-1,-1,1,-1,-1,1,-1,0.0099843330681324
-1,-1,1,1,1,1,-1,-1,1,-1,-1,1,1,0.010769074782729149
-1,-1,1,1,1,1,-1,-1,1,-1,1,-1,-1,0.010293093509972095
-1,-1,1,1,1,1,-1,-1,1,-1,1,1,-1,0.00952904298901558
-1,-1,1,1,1,1,-1,-1,1,-1,1,1,1,0.010068199597299099
-1,-1,1,1,1,1,-1,-1,1,1,-1,1,-1,0.010334549006074667
-1,-1,1,1,1,1,-1,-1,1,1,-1,1,1,0.010948145451645056
-1,-1,1,1,1,1,-1,-1,1,1,1,-1,-1,0.010244986973702908
-1,-1,1,1,1,1,-1,-1,1,1,1,-1,1,0.010815112851560116
-1,-1,1,1,1,1,-1,-1,1,1,1,1,-1,0.009751776233315468
-1,-1,1,1,1,1,-1,1,-1,-1,-1,-1,1,0.011537221260368824
-1,-1,1,1,1,1,-1,1,-1,-1,-1,1,-1,0.010189416197439035
-1,-1,1,1,1,1,-1,1,-1,-1,-1,1,1,0.011131038889288902
-1,-1,1,1,1,1,-1,1,-1,-1,1,-1,1,0.01089210994541645
-1,-1,1,1,1,1,-1,1,-1,1,-1,-1,-1,0.010978208854794502
-1,-1,1,1,1,1,-1,1,-1,1,-1,-1,1,0.011772082497676214
-1,-1,1,1,1,1,-1,1,-1,1,-1,1,-1,0.010543369688093662
-1,-1,1,1,1,1,-1,1,-1,1,1,-1,-1,0.010859698988497257
-1,-1,1,1,1,1,-1,1,-1,1,1,-1,1,0.011132013984024525
-1,-1,1,1,1,1,-1,1,-1,1,1,1,1,0.010441114660352468
-1,-1,1,1,1,1,-1,1,1,-1,-1,-1,-1,0.010289973579347134
-1,-1,1,1,1,1,-1,1,1,-1,-1,1,1,0.010358575731515884
-1,-1,1,1,1,1,-1,1,1,-1,1,-1,-1,0.009731349845727285
-1,-1,1,1,1,1,-1,1,1,-1,1,1,-1,0.008732834830880165
-1,-1,1,1,1,1,-1,1,1,1,-1,-1,-1,0.010575017891824245
-1,-1,1,1,1,1,-1,1,1,1,-1,-1,1,0.011165894567966461
-1,-1,1,1,1,1,-1,1,1,1,-1,1,-1,0.009915228933095932
-1,-1,1,1,1,1,-1,1,1,1,-1,1,1,0.010145875625312328
-1,-1,1,1,1,1,-1,1,1,1,1,-1,-1,0.010373876430094242
-1,-1,1,1,1,1,-1,1,1,1,1,-1,1,0.01044954483707746
-1,-1,1,1,1,1,-1,1,1,1,1,1,-1,0.009598670527338982
-1,-1,1,1,1,1,-1,1,1,1,1,1,1,0.009936050046235323
-1,-1,1,1,1,1,1,-1,-1,-1,-1,-1,-1,0.01165742427110672
-1,-1,1,1,1,1,1,-1,-1,-1,-1,-1,1,0.012007911689579487
-1,-1,1,1,1,1,1,-1,-1,-1,1,-1,-1,0.010916933417320251
-1,-1,1,1,1,1,1,-1,-1,1,-1,-1,-1,0.011899873614311218
-1,-1,1,1,1,1,1,-1,-1,1,-1,-1,1,0.012511233799159527
-1,-1,1,1,1,1,1,-1,-1,1,-1,1,1,0.012022668495774269
-1,-1,1,1,1,1,1,-1,-1,1,1,-1,-1,0.0114053413271904
-1,-1,1,1,1,1,1,-1,-1,1,1,1,-1,0.010755028575658798
-1,-1,1,1,1,1,1,-1,-1,1,1,1,1,0.01114991307258606
-1,-1,1,1,1,1,1,-1,1,-1,-1,-1,-1,0.011067829793319106
-1,-1,1,1,1,1,1,-1,1,-1,-1,1,-1,0.010253467829898
-1,-1,1,1,1,1,1,-1,1,-1,-1,1,1,0.010521349497139454
-1,-1,1,1,1,1,1,-1,1,-1,1,-1,1,0.010887646116316319
-1,-1,1,1,1,1,1,-1,1,-1,1,1,1,0.010258307680487633
-1,-1,1,1,1,1,1,-1,1,1,-1,-1,-1,0.01130093284882605
-1,-1,1,1,1,1,1,-1,1,1,-1,-1,1,0.01196911046281457
-1,-1,1,1,1,1,1,-1,1,1,-1,1,-1,0.01068589836359024
-1,-1,1,1,1,1,1,-1,1,1,-1,1,1,0.011228928342461586
-1,-1,1,1,1,1,1,-1,1,1,1,-1,1,0.011423475109040737
-1,-1,1,1,1,1,1,-1,1,1,1,1,-1,0.01012298185378313
-1,-1,1,1,1,1,1,1,-1,-1,-1,-1,-1,0.011387366335839033
-1,-1,1,1,1,1,1,1,-1,-1,-1,-1,1,0.011522337794303894
-1,-1,1,1,1,1,1,1,-1,-1,-1,1,1,0.011173884849995375
-1,-1,1,1,1,1,1,1,-1,-1,1,1,1,0.01054555115600427
-1,-1,1,1,1,1,1,1,-1,1,-1,-1,-1,0.011444848030805588
-1,-1,1,1,1,1,1,1,-1,1,-1,-1,1,0.012250744737684727
-1,-1,1,1,1,1,1,1,-1,1,-1,1,-1,0.010644291527569294
-1,-1,1,1,1,1,1,1,-1,1,-1,1,1,0.011313488706946373
-1,-1,1,1,1,1,1,1,-1,1,1,-1,1,0.011396571062505245
-1,-1,1,1,1,1,1,1,-1,1,1,1,-1,0.010198429226875305
-1,-1,1,1,1,1,1,1,-1,1,1,1,1,0.010666603222489357
-1,-1,1,1,1,1,1,1,1,-1,-1,-1,1,0.010852893814444542
-1,-1,1,1,1,1,1,1,1,-1,-1,1,-1,0.009699046611785889
-1,-1,1,1,1,1,1,1,1,-1,1,-1,-1,0.009973127394914627
-1,-1,1,1,1,1,1,1,1,-1,1,-1,1,0.010158438235521317
-1,-1,1,1,1,1,1,1,1,-1,1,1,-1,0.009181955829262733
-1,-1,1,1,1,1,1,1,1,-1,1,1,1,0.009648074395954609
-1,-1,1,1,1,1,1,1,1,1,-1,-1,-1,0.010813268832862377
-1,-1,1,1,1,1,1,1,1,1,-1,-1,1,0.011166448704898357
-1,-1,1,1,1,1,1,1,1,1,-1,1,-1,0.010136931668967009
-1,-1,1,1,1,1,1,1,1,1,-1,1,1,0.010785942897200584
-1,-1,1,1,1,1,1,1,1,1,1,-1,-1,0.010209609754383564
-1,-1,1,1,1,1,1,1,1,1,1,-1,1,0.010844006203114986
-1,-1,1,1,1,1,1,1,1,1,1,1,-1,0.009539310820400715
-1,-1,1,1,1,1,1,1,1,1,1,1,1,0.010116566438227892
-1,1,-1,-1,-1,-1,-1,-1,-1,-1,-1,-1,1,0.011086156902213892
-1,1,-1,-1,-1,-1,-1,-1,-1,-1,-1,1,-1,0.00988240446895361
-1,1,-1,-1,-1,-1,-1,-1,-1,-1,-1,1,1,0.010190616361796856
-1,1,-1,-1,-1,-1,-1,-1,-1,-1,1,-1,-1,0.010090663097798824
-1,1,-1,-1,-1,-1,-1,-1,-1,-1,1,1,-1,0.009401421993970871
-1,1,-1,-1,-1,-1,-1,-1,-1,-1,1,1,1,0.009831346571445465
-1,1,-1,-1,-1,-1,-1,-1,-1,1,-1,-1,1,0.011338025331497192
-1,1,-1,-1,-1,-1,-1,-1,-1,1,-1,1,1,0.010541125200688839
-1,1,-1,-1,-1,-1,-1,-1,-1,1,1,1,-1,0.00972114410251379
-1,1,-1,-1,-1,-1,-1,-1,1,-1,-1,-1,1,0.01059197448194027
-1,1,-1,-1,-1,-1,-1,-1,1,-1,-1,1,-1,0.009203388821333647
-1,1,-1,-1,-1,-1,-1,-1,1,-1,1,-1,1,0.00992420595139265
-1,1,-1,-1,-1,-1,-1,-1,1,-1,1,1,-1,0.008527618832886219
-1,1,-1,-1,-1,-1,-1,-1,1,-1,1,1,1,0.008810603991150856
-1,1,-1,-1,-1,-1,-1,-1,1,1,-1,-1,1,0.010718757597108683
-1,1,-1,-1,-1,-1,-1,-1,1,1,-1,1,-1,0.009510401636362076
-1,1,-1,-1,-1,-1,-1,-1,1,1,-1,1,1,0.009715022519230843
-1,1,-1,-1,-1,-1,-1,-1,1,1,1,-1,-1,0.009582575876265764
-1,1,-1,-1,-1,-1,-1,-1,1,1,1,-1,1,0.010007547214627266
-1,1,-1,-1,-1,-1,-1,-1,1,1,1,1,1,0.009410589467734098
-1,1,-1,-1,-1,-1,-1,1,-1,-1,-1,-1,-1,0.010035908780992031
-1,1,-1,-1,-1,-1,-1,1,-1,-1,-1,-1,1,0.01020736712962389
-1,1,-1,-1,-1,-1,-1,1,-1,-1,-1,1,-1,0.00933979731053114
-1,1,-1,-1,-1,-1,-1,1,-1,-1,-1,1,1,0.009991006925702095
-1,1,-1,-1,-1,-1,-1,1,-1,-1,1,-1,-1,0.009567288681864738
-1,1,-1,-1,-1,-1,-1,1,-1,-1,1,-1,1,0.0101468819193542
-1,1,-1,-1,-1,-1,-1,1,-1,-1,1,1,-1,0.008863680064678192
-1,1,-1,-1,-1,-1,-1,1,-1,-1,1,1,1,0.009417504072189331
-1,1,-1,-1,-1,-1,-1,1,-1,1,-1,-1,-1,0.010519379749894142
-1,1,-1,-1,-1,-1,-1,1,-1,1,-1,-1,1,0.011217769235372543
-1,1,-1,-1,-1,-1,-1,1,-1,1,-1,1,-1,0.009466074407100677
-1,1,-1,-1,-1,-1,-1,1,-1,1,-1,1,1,0.010130626149475574
-1,1,-1,-1,-1,-1,-1,1,-1,1,1,-1,-1,0.00980912335216999
-1,1,-1,-1,-1,-1,-1,1,-1,1,1,-1,1,0.010643590241670609
-1,1,-1,-1,-1,-1,-1,1,-1,1,1,1,-1,0.008986737579107285
-1,1,-1,-1,-1,-1,-1,1,-1,1,1,1,1,0.009515941143035889
-1,1,-1,-1,-1,-1,-1,1,1,-1,-1,-1,-1,0.009267465211451054
-1,1,-1,-1,-1,-1,-1,1,1,-1,-1,-1,1,0.009915957227349281
-1,1,-1,-1,-1,-1,-1,1,1,-1,-1,1,-1,0.008778223767876625
-1,1,-1,-1,-1,-1,-1,1,1,-1,1,-1,-1,0.008941443637013435
-1,1,-1,-1,-1,-1,-1,1,1,-1,1,-1,1,0.009283492341637611
-1,1,-1,-1,-1,-1,-1,1,1,1,-1,-1,-1,0.009761763736605644
-1,1,-1,-1,-1,-1,-1,1,1,1,-1,1,1,0.009482250548899174
-1,1,-1,-1,-1,-1,-1,1,1,1,1,1,1,0.008844365831464529
-1,1,-1,-1,-1,-1,1,-1,-1,-1,-1,1,-1,0.010118371434509754
-1,1,-1,-1,-1,-1,1,-1,-1,-1,-1,1,1,0.010731007903814316
-1,1,-1,-1,-1,-1,1,-1,-1,-1,1,-1,-1,0.010455937823280692
-1,1,-1,-1,-1,-1,1,-1,-1,-1,1,-1,1,0.010863433592021465
-1,1,-1,-1,-1,-1,1,-1,-1,-1,1,1,1,0.010160848498344421
-1,1,-1,-1,-1,-1,1,-1,-1,1,-1,-1,-1,0.011392341926693916
-1,1,-1,-1,-1,-1,1,-1,-1,1,-1,-1,1,0.011592567898333073
-1,1,-1,-1,-1,-1,1,-1,-1,1,-1,1,1,0.010850150138139725
-1,1,-1,-1,-1,-1,1,-1,-1,1,1,-1,1,0.011316740419715643
-1,1,-1,-1,-1,-1,1,-1,-1,1,1,1,-1,0.010071334894746542
-1,1,-1,-1,-1,-1,1,-1,-1,1,1,1,1,0.010752981528639793
-1,1,-1,-1,-1,-1,1,-1,1,-1,-1,-1,-1,0.01030120113864541
-1,1,-1,-1,-1,-1,1,-1,1,-1,-1,-1,1,0.010987351648509502
-1,1,-1,-1,-1,-1,1,-1,1,-1,-1,1,-1,0.00973277073353529
-1,1,-1,-1,-1,-1,1,-1,1,-1,-1,1,1,0.010112244170159101
-1,1,-1,-1,-1,-1,1,-1,1,-1,1,-1,-1,0.009946749079972506
-1,1,-1,-1,-1,-1,1,-1,1,-1,1,-1,1,0.010450230911374092
-1,1,-1,-1,-1,-1,1,-1,1,-1,1,1,-1,0.00891433097422123
-1,1,-1,-1,-1,-1,1,-1,1,-1,1,1,1,0.009567799745127559
-1,1,-1,-1,-1,-1,1,-1,1,1,-1,-1,-1,0.01064759586006403
-1,1,-1,-1,-1,-1,1,-1,1,1,-1,-1,1,0.011209961958229542
-1,1,-1,-1,-1,-1,1,-1,1,1,-1,1,-1,0.009702172596007586
-1,1,-1,-1,-1,-1,1,-1,1,1,-1,1,1,0.010189943015575409
-1,1,-1,-1,-1,-1,1,-1,1,1,1,-1,-1,0.010135948657989502
-1,1,-1,-1,-1,-1,1,-1,1,1,1,-1,1,0.01044471375644207
-1,1,-1,-1,-1,-1,1,-1,1,1,1,1,1,0.009632925192515055
-1,1,-1,-1,-1,-1,1,1,-1,-1,-1,1,-1,0.00959911166379849
-1,1,-1,-1,-1,-1,1,1,-1,-1,-1,1,1,0.010141896083950996
-1,1,-1,-1,-1,-1,1,1,-1,-1,1,-1,1,0.010177838305632273
-1,1,-1,-1,-1,-1,1,1,-1,-1,1,1,-1,0.009170755743980408
-1,1,-1,-1,-1,-1,1,1,-1,1,-1,-1,-1,0.010992997325956821
-1,1,-1,-1,-1,-1,1,1,-1,1,-1,1,-1,0.010276743676513433
-1,1,-1,-1,-1,-1,1,1,-1,1,-1,1,1,0.010476156137883663
-1,1,-1,-1,-1,-1,1,1,-1,1,1,1,-1,0.009466778797407946
-1,1,-1,-1,-1,-1,1,1,-1,1,1,1,1,0.009971368126571178
-1,1,-1,-1,-1,-1,1,1,1,-1,-1,1,-1,0.009241827297955751
-1,1,-1,-1,-1,-1,1,1,1,-1,-1,1,1,0.009444870986044407
-1,1,-1,-1,-1,-1,1,1,1,-1,1,-1,1,0.009786253795027733
-1,1,-1,-1,-1,-1,1,1,1,-1,1,1,-1,0.008378063018123308
-1,1,-1,-1,-1,-1,1,1,1,-1,1,1,1,0.008604861795902252
-1,1,-1,-1,-1,-1,1,1,1,1,-1,-1,-1,0.009909453801810741
-1,1,-1,-1,-1,-1,1,1,1,1,-1,-1,1,0.01055464893579483
-1,1,-1,-1,-1,-1,1,1,1,1,-1,1,1,0.010079977102577686
-1,1,-1,-1,-1,-1,1,1,1,1,1,-1,-1,0.009402095340192318
-1,1,-1,-1,-1,-1,1,1,1,1,1,-1,1,0.01027039997279644
-1,1,-1,-1,-1,-1,1,1,1,1,1,1,-1,0.008750780175129572
-1,1,-1,-1,-1,-1,1,1,1,1,1,1,1,0.009432213380932808
-1,1,-1,-1,-1,1,-1,-1,-1,-1,-1,-1,-1,0.01024335902184248
-1,1,-1,-1,-1,1,-1,-1,-1,-1,-1,-1,1,0.010673439595848322
-1,1,-1,-1,-1,1,-1,-1,-1,-1,-1,1,-1,0.009480038657784462
-1,1,-1,-1,-1,1,-1,-1,-1,-1,-1,1,1,0.00982745736837387
-1,1,-1,-1,-1,1,-1,-1,-1,-1,1,-1,-1,0.00973028689622879
-1,1,-1,-1,-1,1,-1,-1,-1,-1,1,-1,1,0.009881596080958843
-1,1,-1,-1,-1,1,-1,-1,-1,-1,1,1,-1,0.008661227766424417
-1,1,-1,-1,-1,1,-1,-1,-1,-1,1,1,1,0.009122746996581554
-1,1,-1,-1,-1,1,-1,-1,-1,1,-1,-1,-1,0.010473911417648196
-1,1,-1,-1,-1,1,-1,-1,-1,1,-1,-1,1,0.010923138198753199
-1,1,-1,-1,-1,1,-1,-1,-1,1,-1,1,1,0.010147682391107082
-1,1,-1,-1,-1,1,-1,-1,-1,1,1,-1,-1,0.00986245134845376
-1,1,-1,-1,-1,1,-1,-1,-1,1,1,-1,1,0.01048626285046339
-1,1,-1,-1,-1,1,-1,-1,-1,1,1,1,-1,0.008883154019713402
-1,1,-1,-1,-1,1,-1,-1,-1,1,1,1,1,0.009884165599942207
-1,1,-1,-1,-1,1,-1,-1,1,-1,-1,-1,-1,0.009142501279711723
-1,1,-1,-1,-1,1,-1,-1,1,-1,-1,1,1,0.009152565617114305
-1,1,-1,-1,-1,1,-1,-1,1,-1,1,-1,-1,0.009016299154609442
-1,1,-1,-1,-1,1,-1,-1,1,-1,1,-1,1,0.009430060163140297
-1,1,-1,-1,-1,1,-1,-1,1,-1,1,1,-1,0.007830297574400902
-1,1,-1,-1,-1,1,-1,-1,1,-1,1,1,1,0.008474820293486118
-1,1,-1,-1,-1,1,-1,-1,1,1,-1,-1,1,0.01024604868143797
-1,1,-1,-1,-1,1,-1,-1,1,1,-1,1,-1,0.00923233199864626
-1,1,-1,-1,-1,1,-1,-1,1,1,-1,1,1,0.00971028208732605
-1,1,-1,-1,-1,1,-1,-1,1,1,1,-1,-1,0.008992490669091543
-1,1,-1,-1,-1,1,-1,-1,1,1,1,-1,1,0.009562904946506023
-1,1,-1,-1,-1,1,-1,-1,1,1,1,1,-1,0.008549916557967663
-1,1,-1,-1,-1,1,-1,-1,1,1,1,1,1,0.008975652046501637
-1,1,-1,-1,-1,1,-1,1,-1,-1,-1,-1,-1,0.009638447314500809
-1,1,-1,-1,-1,1,-1,1,-1,-1,-1,1,1,0.009340742602944374
-1,1,-1,-1,-1,1,-1,1,-1,-1,1,1,-1,0.008255242370069027
-1,1,-1,-1,-1,1,-1,1,-1,-1,1,1,1,0.00890522263944149
-1,1,-1,-1,-1,1,-1,1,-1,1,-1,1,1,0.009388655424118042
-1,1,-1,-1,-1,1,-1,1,-1,1,1,-1,1,0.009664254263043404
-1,1,-1,-1,-1,1,-1,1,-1,1,1,1,-1,0.00866774283349514
-1,1,-1,-1,-1,1,-1,1,-1,1,1,1,1,0.009231677278876305
-1,1,-1,-1,-1,1,-1,1,1,-1,-1,-1,-1,0.008809464983642101
-1,1,-1,-1,-1,1,-1,1,1,-1,-1,-1,1,0.009542819578200579
-1,1,-1,-1,-1,1,-1,1,1,-1,-1,1,1,0.00876518664881587
-1,1,-1,-1,-1,1,-1,1,1,-1,1,-1,-1,0.00835557235404849
-1,1,-1,-1,-1,1,-1,1,1,-1,1,-1,1,0.008859556168317795
-1,1,-1,-1,-1,1,-1,1,1,-1,1,1,-1,0.007705585565418005
-1,1,-1,-1,-1,1,-1,1,1,1,-1,-1,-1,0.009444295428693295
-1,1,-1,-1,-1,1,-1,1,1,1,-1,-1,1,0.009756126441061497
-1,1,-1,-1,-1,1,-1,1,1,1,-1,1,1,0.00894613889977336
-1,1,-1,-1,-1,1,-1,1,1,1,1,-1,-1,0.008491019407908121
-1,1,-1,-1,-1,1,-1,1,1,1,1,-1,1,0.009095994755625725
-1,1,-1,-1,-1,1,-1,1,1,1,1,1,-1,0.0077332304790616035
-1,1,-1,-1,-1,1,-1,1,1,1,1,1,1,0.008479014970362186
-1,1,-1,-1,-1,1,1,-1,-1,-1,-1,-1,-1,0.010521888732910156
-1,1,-1,-1,-1,1,1,-1,-1,-1,-1,-1,1,0.010822964832186699
-1,1,-1,-1,-1,1,1,-1,-1,-1,-1,1,-1,0.009664403274655342
-1,1,-1,-1,-1,1,1,-1,-1,-1,1,-1,-1,0.009688376914709806
-1,1,-1,-1,-1,1,1,-1,-1,-1,1,-1,1,0.01053479965776205
-1,1,-1,-1,-1,1,1,-1,-1,1,-1,-1,-1,0.010773763991892338
-1,1,-1,-1,-1,1,1,-1,-1,1,-1,-1,1,0.011308017652481794
-1,1,-1,-1,-1,1,1,-1,-1,1,-1,1,-1,0.01017304603010416
-1,1,-1,-1,-1,1,1,-1,-1,1,-1,1,1,0.010676469653844833
-1,1,-1,-1,-1,1,1,-1,-1,1,1,1,-1,0.009348733350634575
-1,1,-1,-1,-1,1,1,-1,-1,1,1,1,1,0.010052443481981754
-1,1,-1,-1,-1,1,1,-1,1,-1,-1,-1,-1,0.00963742999980847
-1,1,-1,-1,-1,1,1,-1,1,-1,-1,-1,1,0.01054338552057743
-1,1,-1,-1,-1,1,1,-1,1,-1,-1,1,-1,0.00887073203921318
-1,1,-1,-1,-1,1,1,-1,1,-1,-1,1,1,0.009495827369391918
-1,1,-1,-1,-1,1,1,-1,1,-1,1,-1,-1,0.00923572201281786
-1,1,-1,-1,-1,1,1,-1,1,-1,1,-1,1,0.009691108018159866
-1,1,-1,-1,-1,1,1,-1,1,-1,1,1,-1,0.008619653061032295
-1,1,-1,-1,-1,1,1,-1,1,-1,1,1,1,0.008853597566485405
-1,1,-1,-1,-1,1,1,-1,1,1,-1,1,-1,0.00935532315634191
-1,1,-1,-1,-1,1,1,-1,1,1,-1,1,1,0.010135478340089321
-1,1,-1,-1,-1,1,1,-1,1,1,1,-1,-1,0.00936862826347351
-1,1,-1,-1,-1,1,1,-1,1,1,1,-1,1,0.00995611616720756
-1,1,-1,-1,-1,1,1,-1,1,1,1,1,-1,0.008829748257994652
-1,1,-1,-1,-1,1,1,-1,1,1,1,1,1,0.009135760056475798
-1,1,-1,-1,-1,1,1,1,-1,-1,-1,-1,1,0.010332642588764429
-1,1,-1,-1,-1,1,1,1,-1,-1,-1,1,-1,0.009328838437795639
-1,1,-1,-1,-1,1,1,1,-1,-1,-1,1,1,0.009516269899904728
-1,1,-1,-1,-1,1,1,1,-1,-1,1,-1,-1,0.009446979500353336
-1,1,-1,-1,-1,1,1,1,-1,-1,1,1,-1,0.008866186253726482
-1,1,-1,-1,-1,1,1,1,-1,1,-1,-1,-1,0.01005254266783595
-1,1,-1,-1,-1,1,1,1,-1,1,-1,1,-1,0.009572049602866173
-1,1,-1,-1,-1,1,1,1,-1,1,-1,1,1,0.009663965553045273
-1,1,-1,-1,-1,1,1,1,-1,1,1,-1,1,0.01035240339115262
-1,1,-1,-1,-1,1,1,1,-1,1,1,1,-1,0.008959458209574223
-1,1,-1,-1,-1,1,1,1,-1,1,1,1,1,0.009073100984096527
-1,1,-1,-1,-1,1,1,1,1,-1,-1,-1,-1,0.009517694357782602
-1,1,-1,-1,-1,1,1,1,1,-1,-1,-1,1,0.009704123251140118
-1,1,-1,-1,-1,1,1,1,1,-1,-1,1,1,0.009075474925339222
-1,1,-1,-1,-1,1,1,1,1,-1,1,-1,1,0.009086319245398045
-1,1,-1,-1,-1,1,1,1,1,-1,1,1,-1,0.007818845100700855
-1,1,-1,-1,-1,1,1,1,1,-1,1,1,1,0.008439576098074516
-1,1,-1,-1,-1,1,1,1,1,1,-1,-1,-1,0.009574116207659245
-1,1,-1,-1,-1,1,1,1,1,1,-1,-1,1,0.009934330824762583
-1,1,-1,-1,-1,1,1,1,1,1,-1,1,-1,0.008902293629944324
-1,1,-1,-1,-1,1,1,1,1,1,1,-1,-1,0.00892961211502552
-1,1,-1,-1,-1,1,1,1,1,1,1,1,-1,0.00821418920531869
-1,1,-1,-1,1,-1,-1,-1,-1,-1,-1,-1,-1,0.010884136892855167
-1,1,-1,-1,1,-1,-1,-1,-1,-1,-1,1,-1,0.010381502409776052
-1,1,-1,-1,1,-1,-1,-1,-1,-1,-1,1,1,0.010964561253786087
-1,1,-1,-1,1,-1,-1,-1,-1,-1,1,-1,1,0.011042185127735138
-1,1,-1,-1,1,-1,-1,-1,-1,-1,1,1,1,0.010214532725512981
-1,1,-1,-1,1,-1,-1,-1,-1,1,-1,-1,1,0.011892184615135193
-1,1,-1,-1,1,-1,-1,-1,-1,1,-1,1,1,0.01118964081009229
-1,1,-1,-1,1,-1,-1,-1,-1,1,1,-1,-1,0.010688294656574726
-1,1,-1,-1,1,-1,-1,-1,-1,1,1,-1,1,0.011265610810369253
-1,1,-1,-1,1,-1,-1,-1,-1,1,1,1,-1,0.010046739131212234
-1,1,-1,-1,1,-1,-1,-1,-1,1,1,1,1,0.010606505908071995
-1,1,-1,-1,1,-1,-1,-1,1,-1,-1,-1,-1,0.010362528078258038
-1,1,-1,-1,1,-1,-1,-1,1,-1,-1,1,-1,0.009622481651604176
-1,1,-1,-1,1,-1,-1,-1,1,-1,-1,1,1,0.010127325231830278
-1,1,-1,-1,1,-1,-1,-1,1,-1,1,-1,-1,0.00981093073884646
-1,1,-1,-1,1,-1,-1,-1,1,-1,1,-1,1,0.01027640886604786
-1,1,-1,-1,1,-1,-1,-1,1,-1,1,1,-1,0.009165151044726372
-1,1,-1,-1,1,-1,-1,-1,1,1,1,-1,-1,0.010129251517355442
-1,1,-1,-1,1,-1,-1,-1,1,1,1,1,1,0.010122266132384539
-1,1,-1,-1,1,-1,-1,1,-1,-1,-1,-1,-1,0.010812056250870228
-1,1,-1,-1,1,-1,-1,1,-1,-1,-1,1,-1,0.009842997416853905
-1,1,-1,-1,1,-1,-1,1,-1,-1,1,-1,-1,0.010142029263079166
-1,1,-1,-1,1,-1,-1,1,-1,-1,1,-1,1,0.010473675094544888
-1,1,-1,-1,1,-1,-1,1,-1,-1,1,1,-1,0.009108366444706917
-1,1,-1,-1,1,-1,-1,1,-1,-1,1,1,1,0.0100011695176363
-1,1,-1,-1,1,-1,-1,1,-1,1,-1,-1,-1,0.010997200384736061
-1,1,-1,-1,1,-1,-1,1,-1,1,-1,1,-1,0.009945577010512352
-1,1,-1,-1,1,-1,-1,1,-1,1,-1,1,1,0.010528543964028358
-1,1,-1,-1,1,-1,-1,1,-1,1,1,-1,-1,0.010441940277814865
-1,1,-1,-1,1,-1,-1,1,-1,1,1,-1,1,0.010884826071560383
-1,1,-1,-1,1,-1,-1,1,1,-1,-1,-1,-1,0.009942558594048023
-1,1,-1,-1,1,-1,-1,1,1,-1,-1,-1,1,0.010396008612588048
-1,1,-1,-1,1,-1,-1,1,1,-1,-1,1,-1,0.009606130421161652
-1,1,-1,-1,1,-1,-1,1,1,-1,1,1,1,0.009192743804305792
-1,1,-1,-1,1,-1,-1,1,1,1,-1,-1,-1,0.010274531785398722
-1,1,-1,-1,1,-1,-1,1,1,1,-1,1,-1,0.009356248192489147
-1,1,-1,-1,1,-1,-1,1,1,1,1,-1,-1,0.00968075543642044
-1,1,-1,-1,1,-1,-1,1,1,1,1,-1,1,0.01005405280739069
-1,1,-1,-1,1,-1,1,-1,-1,-1,-1,-1,-1,0.010968825779855251
-1,1,-1,-1,1,-1,1,-1,-1,-1,-1,1,1,0.010957760736346245
-1,1,-1,-1,1,-1,1,-1,-1,-1,1,-1,-1,0.010848904959857464
-1,1,-1,-1,1,-1,1,-1,-1,-1,1,-1,1,0.011374581605196
-1,1,-1,-1,1,-1,1,-1,-1,-1,1,1,-1,0.0100455516949296
-1,1,-1,-1,1,-1,1,-1,-1,-1,1,1,1,0.010556597883502642
-1,1,-1,-1,1,-1,1,-1,-1,1,-1,-1,-1,0.011721832677721977
-1,1,-1,-1,1,-1,1,-1,-1,1,-1,-1,1,0.012162647675722837
-1,1,-1,-1,1,-1,1,-1,-1,1,-1,1,-1,0.011041970923542976
-1,1,-1,-1,1,-1,1,-1,-1,1,-1,1,1,0.011847995532055696
-1,1,-1,-1,1,-1,1,-1,-1,1,1,-1,-1,0.011021123733371496
-1,1,-1,-1,1,-1,1,-1,-1,1,1,-1,1,0.01126938872039318
-1,1,-1,-1,1,-1,1,-1,-1,1,1,1,-1,0.010343176312744617
-1,1,-1,-1,1,-1,1,-1,1,-1,-1,-1,-1,0.010698110796511173
-1,1,-1,-1,1,-1,1,-1,1,-1,-1,-1,1,0.011093913577497005
-1,1,-1,-1,1,-1,1,-1,1,-1,-1,1,-1,0.009872494265437126
-1,1,-1,-1,1,-1,1,-1,1,-1,-1,1,1,0.01070361863821745
-1,1,-1,-1,1,-1,1,-1,1,-1,1,-1,-1,0.01016167551279068
-1,1,-1,-1,1,-1,1,-1,1,-1,1,-1,1,0.01061364938504994
-1,1,-1,-1,1,-1,1,-1,1,-1,1,1,1,0.009980730479583144
-1,1,-1,-1,1,-1,1,-1,1,1,-1,-1,-1,0.01110627269372344
-1,1,-1,-1,1,-1,1,-1,1,1,-1,-1,1,0.011611345534523329
-1,1,-1,-1,1,-1,1,-1,1,1,-1,1,-1,0.01046012807637453
-1,1,-1,-1,1,-1,1,-1,1,1,1,1,1,0.010508691892027855
-1,1,-1,-1,1,-1,1,1,-1,-1,-1,-1,-1,0.01093114260584116
-1,1,-1,-1,1,-1,1,1,-1,-1,-1,-1,1,0.011439477279782295
-1,1,-1,-1,1,-1,1,1,-1,-1,-1,1,1,0.010518592782318592
-1,1,-1,-1,1,-1,1,1,-1,-1,1,-1,-1,0.010199732147157192
-1,1,-1,-1,1,-1,1,1,-1,-1,1,1,-1,0.009531461633741856
-1,1,-1,-1,1,-1,1,1,-1,-1,1,1,1,0.009977102279663086
-1,1,-1,-1,1,-1,1,1,-1,1,-1,-1,-1,0.01096541527658701
-1,1,-1,-1,1,-1,1,1,-1,1,-1,1,-1,0.01070455415174365
-1,1,-1,-1,1,-1,1,1,-1,1,1,-1,-1,0.010646020993590355
-1,1,-1,-1,1,-1,1,1,-1,1,1,-1,1,0.011000110767781734
-1,1,-1,-1,1,-1,1,1,-1,1,1,1,1,0.010359319858253002
-1,1,-1,-1,1,-1,1,1,1,-1,-1,-1,-1,0.0101217245683074
-1,1,-1,-1,1,-1,1,1,1,-1,-1,-1,1,0.010716150049120188
-1,1,-1,-1,1,-1,1,1,1,-1,-1,1,1,0.010417778044939041
-1,1,-1,-1,1,-1,1,1,1,-1,1,-1,-1,0.009514175355434418
-1,1,-1,-1,1,-1,1,1,1,-1,1,-1,1,0.0103784603998065
-1,1,-1,-1,1,-1,1,1,1,-1,1,1,-1,0.009170383214950562
-1,1,-1,-1,1,-1,1,1,1,-1,1,1,1,0.009354526177048683
-1,1,-1,-1,1,-1,1,1,1,1,-1,-1,-1,0.010530623607337475
-1,1,-1,-1,1,-1,1,1,1,1,-1,-1,1,0.01092654000967741
-1,1,-1,-1,1,-1,1,1,1,1,-1,1,-1,0.010054097510874271
-1,1,-1,-1,1,-1,1,1,1,1,-1,1,1,0.01040718254322807
-1,1,-1,-1,1,-1,1,1,1,1,1,-1,-1,0.009960863273590803
-1,1,-1,-1,1,-1,1,1,1,1,1,1,-1,0.009300680831074715
-1,1,-1,-1,1,-1,1,1,1,1,1,1,1,0.009576529264450073
-1,1,-1,-1,1,1,-1,-1,-1,-1,-1,-1,-1,0.010615119710564613
-1,1,-1,-1,1,1,-1,-1,-1,-1,-1,-1,1,0.011084877885878086
-1,1,-1,-1,1,1,-1,-1,-1,-1,-1,1,-1,0.009826214984059334
-1,1,-1,-1,1,1,-1,-1,-1,-1,1,-1,-1,0.009927338299651941
-1,1,-1,-1,1,1,-1,-1,-1,-1,1,1,-1,0.00915314070880413
-1,1,-1,-1,1,1,-1,-1,-1,-1,1,1,1,0.009602021425962448
-1,1,-1,-1,1,1,-1,-1,-1,1,-1,-1,-1,0.010999233461916447
-1,1,-1,-1,1,1,-1,-1,-1,1,-1,-1,1,0.011437214445322752
-1,1,-1,-1,1,1,-1,-1,-1,1,-1,1,-1,0.010501431301236153
-1,1,-1,-1,1,1,-1,-1,-1,1,-1,1,1,0.010520566875735918
-1,1,-1,-1,1,1,-1,-1,-1,1,1,-1,-1,0.010259707768758139
-1,1,-1,-1,1,1,-1,-1,-1,1,1,-1,1,0.010948731563985348
-1,1,-1,-1,1,1,-1,-1,-1,1,1,1,1,0.009828774258494377
-1,1,-1,-1,1,1,-1,-1,1,-1,-1,-1,1,0.010199232259765267
-1,1,-1,-1,1,1,-1,-1,1,-1,-1,1,-1,0.009172610007226467
-1,1,-1,-1,1,1,-1,-1,1,-1,-1,1,1,0.009774759411811829
-1,1,-1,-1,1,1,-1,-1,1,-1,1,-1,1,0.00989349139854312
-1,1,-1,-1,1,1,-1,-1,1,-1,1,1,1,0.0090414360165596
-1,1,-1,-1,1,1,-1,-1,1,1,-1,-1,-1,0.01042094873264432
-1,1,-1,-1,1,1,-1,-1,1,1,-1,-1,1,0.010531066916882992
-1,1,-1,-1,1,1,-1,-1,1,1,-1,1,-1,0.009454213082790375
-1,1,-1,-1,1,1,-1,-1,1,1,-1,1,1,0.009906899804870287
-1,1,-1,-1,1,1,-1,-1,1,1,1,-1,1,0.010209301797052225
-1,1,-1,-1,1,1,-1,-1,1,1,1,1,-1,0.009140226989984512
-1,1,-1,-1,1,1,-1,-1,1,1,1,1,1,0.009230019524693489
-1,1,-1,-1,1,1,-1,1,-1,-1,-1,1,-1,0.00936810610195001
-1,1,-1,-1,1,1,-1,1,-1,-1,-1,1,1,0.0100881801918149
-1,1,-1,-1,1,1,-1,1,-1,-1,1,-1,-1,0.009292948059737682
-1,1,-1,-1,1,1,-1,1,-1,-1,1,1,1,0.009553182870149612
-1,1,-1,-1,1,1,-1,1,-1,1,-1,-1,-1,0.010479390621185303
-1,1,-1,-1,1,1,-1,1,-1,1,-1,-1,1,0.011232808232307434
-1,1,-1,-1,1,1,-1,1,-1,1,-1,1,-1,0.009676160290837288
-1,1,-1,-1,1,1,-1,1,-1,1,-1,1,1,0.010237058624625206
-1,1,-1,-1,1,1,-1,1,-1,1,1,-1,-1,0.009657589718699455
-1,1,-1,-1,1,1,-1,1,-1,1,1,-1,1,0.01027066819369793
-1,1,-1,-1,1,1,-1,1,-1,1,1,1,-1,0.009006472304463387
-1,1,-1,-1,1,1,-1,1,-1,1,1,1,1,0.009561512153595686
-1,1,-1,-1,1,1,-1,1,1,-1,-1,-1,-1,0.009314990602433681
-1,1,-1,-1,1,1,-1,1,1,-1,-1,-1,1,0.00979045033454895
-1,1,-1,-1,1,1,-1,1,1,-1,-1,1,1,0.009334193542599678
-1,1,-1,-1,1,1,-1,1,1,-1,1,-1,-1,0.008842375595122576
-1,1,-1,-1,1,1,-1,1,1,-1,1,-1,1,0.00899985246360302
-1,1,-1,-1,1,1,-1,1,1,-1,1,1,-1,0.007985979318618774
-1,1,-1,-1,1,1,-1,1,1,-1,1,1,1,0.008575018029659986
-1,1,-1,-1,1,1,-1,1,1,1,-1,-1,-1,0.009605173021554947
-1,1,-1,-1,1,1,-1,1,1,1,-1,1,1,0.009307468309998512
-1,1,-1,-1,1,1,-1,1,1,1,1,-1,-1,0.009122042916715145
-1,1,-1,-1,1,1,-1,1,1,1,1,1,-1,0.00868189986795187
-1,1,-1,-1,1,1,1,-1,-1,-1,-1,-1,-1,0.010746604762971401
-1,1,-1,-1,1,1,1,-1,-1,-1,1,-1,-1,0.01020202087238431
-1,1,-1,-1,1,1,1,-1,-1,-1,1,-1,1,0.010936767483750979
-1,1,-1,-1,1,1,1,-1,-1,-1,1,1,-1,0.009714518673717976
-1,1,-1,-1,1,1,1,-1,-1,1,-1,-1,1,0.011455501895397902
-1,1,-1,-1,1,1,1,-1,-1,1,-1,1,-1,0.01054493710398674
-1,1,-1,-1,1,1,1,-1,-1,1,-1,1,1,0.010993238538503647
-1,1,-1,-1,1,1,1,-1,-1,1,1,-1,-1,0.01062737824395299
-1,1,-1,-1,1,1,1,-1,-1,1,1,-1,1,0.011074239388108253
-1,1,-1,-1,1,1,1,-1,-1,1,1,1,-1,0.0096927834674716
-1,1,-1,-1,1,1,1,-1,-1,1,1,1,1,0.010709881782531738
-1,1,-1,-1,1,1,1,-1,1,-1,-1,-1,-1,0.01027151569724083
-1,1,-1,-1,1,1,1,-1,1,-1,-1,-1,1,0.01064026146195829
-1,1,-1,-1,1,1,1,-1,1,-1,-1,1,1,0.010173422284424305
-1,1,-1,-1,1,1,1,-1,1,-1,1,-1,-1,0.009597912430763245
-1,1,-1,-1,1,1,1,-1,1,-1,1,-1,1,0.01022045686841011
-1,1,-1,-1,1,1,1,-1,1,-1,1,1,-1,0.008854921907186508
-1,1,-1,-1,1,1,1,-1,1,1,-1,-1,1,0.01109397504478693
-1,1,-1,-1,1,1,1,-1,1,1,-1,1,-1,0.009887889493256807
-1,1,-1,-1,1,1,1,-1,1,1,-1,1,1,0.010324571747332811
-1,1,-1,-1,1,1,1,-1,1,1,1,-1,1,0.01035628467798233
-1,1,-1,-1,1,1,1,-1,1,1,1,1,-1,0.009061092510819435
-1,1,-1,-1,1,1,1,-1,1,1,1,1,1,0.009659276809543371
-1,1,-1,-1,1,1,1,1,-1,-1,-1,-1,1,0.011173734441399574
-1,1,-1,-1,1,1,1,1,-1,-1,-1,1,-1,0.009635782334953547
-1,1,-1,-1,1,1,1,1,-1,-1,-1,1,1,0.010274459607899189
-1,1,-1,-1,1,1,1,1,-1,-1,1,-1,1,0.010212728132804235
-1,1,-1,-1,1,1,1,1,-1,-1,1,1,1,0.009718324523419142
-1,1,-1,-1,1,1,1,1,-1,1,-1,1,-1,0.00998789444565773
-1,1,-1,-1,1,1,1,1,-1,1,-1,1,1,0.010398494079709053
-1,1,-1,-1,1,1,1,1,-1,1,1,-1,-1,0.009963261894881725
-1,1,-1,-1,1,1,1,1,-1,1,1,-1,1,0.010641815140843391
-1,1,-1,-1,1,1,1,1,-1,1,1,1,-1,0.00946429061392943
-1,1,-1,-1,1,1,1,1,1,-1,-1,1,-1,0.008741000977655252
-1,1,-1,-1,1,1,1,1,1,-1,1,-1,-1,0.009034761848549048
-1,1,-1,-1,1,1,1,1,1,-1,1,-1,1,0.009696906122068564
-1,1,-1,-1,1,1,1,1,1,-1,1,1,-1,0.008535919710993767
-1,1,-1,-1,1,1,1,1,1,-1,1,1,1,0.009034628979861736
-1,1,-1,-1,1,1,1,1,1,1,-1,-1,-1,0.009751594625413418
-1,1,-1,-1,1,1,1,1,1,1,1,-1,1,0.010036483407020569
-1,1,-1,-1,1,1,1,1,1,1,1,1,-1,0.008953023236244917
-1,1,-1,-1,1,1,1,1,1,1,1,1,1,0.00926557369530201
-1,1,-1,1,-1,-1,-1,-1,-1,-1,-1,-1,1,0.010952403768897057
-1,1,-1,1,-1,-1,-1,-1,-1,-1,-1,1,-1,0.009580572135746479
-1,1,-1,1,-1,-1,-1,-1,-1,-1,1,-1,-1,0.009804558319350084
-1,1,-1,1,-1,-1,-1,-1,-1,-1,1,-1,1,0.01040736772119999
-1,1,-1,1,-1,-1,-1,-1,-1,-1,1,1,1,0.009736100677400827
-1,1,-1,1,-1,-1,-1,-1,-1,1,-1,-1,-1,0.010677519254386425
-1,1,-1,1,-1,-1,-1,-1,-1,1,-1,-1,1,0.01144840894266963
-1,1,-1,1,-1,-1,-1,-1,-1,1,-1,1,-1,0.010001191248496374
-1,1,-1,1,-1,-1,-1,-1,-1,1,-1,1,1,0.010335392784327269
-1,1,-1,1,-1,-1,-1,-1,-1,1,1,-1,-1,0.009997409768402576
-1,1,-1,1,-1,-1,-1,-1,-1,1,1,1,-1,0.009705828968435526
-1,1,-1,1,-1,-1,-1,-1,-1,1,1,1,1,0.009999104775488377
-1,1,-1,1,-1,-1,-1,-1,1,-1,-1,-1,-1,0.009763156063854694
-1,1,-1,1,-1,-1,-1,-1,1,-1,-1,-1,1,0.010329827666282654
-1,1,-1,1,-1,-1,-1,-1,1,-1,-1,1,-1,0.008976235364874205
-1,1,-1,1,-1,-1,-1,-1,1,-1,-1,1,1,0.00952902203425765
-1,1,-1,1,-1,-1,-1,-1,1,-1,1,-1,1,0.009618895128369331
-1,1,-1,1,-1,-1,-1,-1,1,-1,1,1,-1,0.008372927084565163
-1,1,-1,1,-1,-1,-1,-1,1,-1,1,1,1,0.008855574764311314
-1,1,-1,1,-1,-1,-1,-1,1,1,-1,-1,-1,0.009902446996420622
-1,1,-1,1,-1,-1,-1,-1,1,1,-1,1,-1,0.009425844065845013
-1,1,-1,1,-1,-1,-1,-1,1,1,1,-1,-1,0.009550993330776691
-1,1,-1,1,-1,-1,-1,-1,1,1,1,1,1,0.009152380749583244
-1,1,-1,1,-1,-1,-1,1,-1,-1,-1,-1,-1,0.01003660075366497
-1,1,-1,1,-1,-1,-1,1,-1,-1,-1,1,-1,0.009222111664712429
-1,1,-1,1,-1,-1,-1,1,-1,-1,-1,1,1,0.009651067666709423
-1,1,-1,1,-1,-1,-1,1,-1,-1,1,-1,-1,0.00945165567100048
-1,1,-1,1,-1,-1,-1,1,-1,-1,1,-1,1,0.009901915211230516
-1,1,-1,1,-1,-1,-1,1,-1,-1,1,1,-1,0.008764396421611309
-1,1,-1,1,-1,-1,-1,1,-1,-1,1,1,1,0.009043727070093155
-1,1,-1,1,-1,-1,-1,1,-1,1,-1,-1,-1,0.010253213346004486
-1,1,-1,1,-1,-1,-1,1,-1,1,-1,1,-1,0.00986738596111536
-1,1,-1,1,-1,-1,-1,1,-1,1,-1,1,1,0.010143234394490719
-1,1,-1,1,-1,-1,-1,1,-1,1,1,-1,-1,0.009608268737792969
-1,1,-1,1,-1,-1,-1,1,-1,1,1,-1,1,0.010435082949697971
-1,1,-1,1,-1,-1,-1,1,-1,1,1,1,-1,0.008892226032912731
-1,1,-1,1,-1,-1,-1,1,-1,1,1,1,1,0.009422979317605495
-1,1,-1,1,-1,-1,-1,1,1,-1,-1,-1,-1,0.009273261452714602
-1,1,-1,1,-1,-1,-1,1,1,-1,-1,-1,1,0.009549334179610014
-1,1,-1,1,-1,-1,-1,1,1,-1,-1,1,-1,0.008373489292959372
-1,1,-1,1,-1,-1,-1,1,1,-1,-1,1,1,0.009063780307769775
-1,1,-1,1,-1,-1,-1,1,1,-1,1,-1,-1,0.008741600438952446
-1,1,-1,1,-1,-1,-1,1,1,-1,1,-1,1,0.008962870109826326
-1,1,-1,1,-1,-1,-1,1,1,-1,1,1,-1,0.007881151046603918
-1,1,-1,1,-1,-1,-1,1,1,-1,1,1,1,0.008361424319446087
-1,1,-1,1,-1,-1,-1,1,1,1,-1,-1,-1,0.00934399664402008
-1,1,-1,1,-1,-1,-1,1,1,1,-1,-1,1,0.00994611345231533
-1,1,-1,1,-1,-1,-1,1,1,1,-1,1,1,0.009482096880674362
-1,1,-1,1,-1,-1,-1,1,1,1,1,-1,-1,0.009020383469760418
-1,1,-1,1,-1,-1,-1,1,1,1,1,-1,1,0.009641342796385288
-1,1,-1,1,-1,-1,-1,1,1,1,1,1,-1,0.00810140511021018
-1,1,-1,1,-1,-1,-1,1,1,1,1,1,1,0.008700891863554716
-1,1,-1,1,-1,-1,1,-1,-1,-1,-1,-1,-1,0.010815423913300037
-1,1,-1,1,-1,-1,1,-1,-1,-1,-1,1,-1,0.01029672659933567
-1,1,-1,1,-1,-1,1,-1,-1,-1,-1,1,1,0.010630737990140915
-1,1,-1,1,-1,-1,1,-1,-1,-1,1,-1,1,0.010748565196990967
-1,1,-1,1,-1,-1,1,-1,-1,-1,1,1,-1,0.009379104400674501
-1,1,-1,1,-1,-1,1,-1,-1,1,-1,1,-1,0.010495534166693687
-1,1,-1,1,-1,-1,1,-1,-1,1,-1,1,1,0.010931716999039054
-1,1,-1,1,-1,-1,1,-1,-1,1,1,-1,-1,0.010612999089062214
-1,1,-1,1,-1,-1,1,-1,-1,1,1,-1,1,0.011025105913480123
-1,1,-1,1,-1,-1,1,-1,-1,1,1,1,-1,0.009530551731586456
-1,1,-1,1,-1,-1,1,-1,1,-1,-1,-1,-1,0.010038664098829031
-1,1,-1,1,-1,-1,1,-1,1,-1,-1,-1,1,0.01038011396303773
-1,1,-1,1,-1,-1,1,-1,1,-1,-1,1,-1,0.009301210753619671
-1,1,-1,1,-1,-1,1,-1,1,-1,-1,1,1,0.009986423887312412
-1,1,-1,1,-1,-1,1,-1,1,-1,1,-1,-1,0.009622036945074797
-1,1,-1,1,-1,-1,1,-1,1,-1,1,-1,1,0.010233486071228981
-1,1,-1,1,-1,-1,1,-1,1,-1,1,1,1,0.009341858327388763
-1,1,-1,1,-1,-1,1,-1,1,1,-1,-1,-1,0.01040258506933848
-1,1,-1,1,-1,-1,1,-1,1,1,-1,-1,1,0.01105532143265009
-1,1,-1,1,-1,-1,1,-1,1,1,-1,1,-1,0.009647198021411896
-1,1,-1,1,-1,-1,1,-1,1,1,1,-1,-1,0.00980558805167675
-1,1,-1,1,-1,-1,1,-1,1,1,1,-1,1,0.01035002851858735
-1,1,-1,1,-1,-1,1,-1,1,1,1,1,-1,0.008907975628972054
-1,1,-1,1,-1,-1,1,-1,1,1,1,1,1,0.009474878199398518
-1,1,-1,1,-1,-1,1,1,-1,-1,-1,-1,-1,0.0101808225736022
-1,1,-1,1,-1,-1,1,1,-1,-1,-1,-1,1,0.010669917333871126
-1,1,-1,1,-1,-1,1,1,-1,-1,-1,1,-1,0.009423239156603813
-1,1,-1,1,-1,-1,1,1,-1,-1,-1,1,1,0.010057685896754265
-1,1,-1,1,-1,-1,1,1,-1,-1,1,-1,-1,0.009682315401732922
-1,1,-1,1,-1,-1,1,1,-1,-1,1,1,-1,0.00929201953113079
-1,1,-1,1,-1,-1,1,1,-1,-1,1,1,1,0.009661910124123096
-1,1,-1,1,-1,-1,1,1,-1,1,-1,-1,-1,0.010485810227692127
-1,1,-1,1,-1,-1,1,1,-1,1,-1,1,-1,0.009732488542795181
-1,1,-1,1,-1,-1,1,1,-1,1,-1,1,1,0.010361225809901953
-1,1,-1,1,-1,-1,1,1,-1,1,1,1,1,0.00975217018276453
-1,1,-1,1,-1,-1,1,1,1,-1,-1,-1,-1,0.009656994603574276
-1,1,-1,1,-1,-1,1,1,1,-1,-1,-1,1,0.01004774154474338
-1,1,-1,1,-1,-1,1,1,1,-1,-1,1,1,0.009409882128238678
-1,1,-1,1,-1,-1,1,1,1,-1,1,-1,-1,0.008784498553723097
-1,1,-1,1,-1,-1,1,1,1,-1,1,-1,1,0.009549246790508429
-1,1,-1,1,-1,-1,1,1,1,-1,1,1,1,0.008659533690661192
-1,1,-1,1,-1,-1,1,1,1,1,-1,-1,-1,0.009935377476116022
-1,1,-1,1,-1,-1,1,1,1,1,-1,-1,1,0.010405811481177807
-1,1,-1,1,-1,-1,1,1,1,1,-1,1,-1,0.009403270669281483
-1,1,-1,1,-1,-1,1,1,1,1,-1,1,1,0.009596939198672771
-1,1,-1,1,-1,-1,1,1,1,1,1,-1,-1,0.009338918142020702
-1,1,-1,1,-1,-1,1,1,1,1,1,-1,1,0.009816722944378853
-1,1,-1,1,-1,-1,1,1,1,1,1,1,-1,0.00856577642261982
-1,1,-1,1,-1,-1,1,1,1,1,1,1,1,0.009369573555886745
-1,1,-1,1,-1,1,-1,-1,-1,-1,-1,1,-1,0.009353915229439735
-1,1,-1,1,-1,1,-1,-1,-1,-1,-1,1,1,0.009627292864024639
-1,1,-1,1,-1,1,-1,-1,-1,-1,1,-1,-1,0.009136869572103024
-1,1,-1,1,-1,1,-1,-1,-1,-1,1,-1,1,0.009888449683785439
-1,1,-1,1,-1,1,-1,-1,-1,-1,1,1,1,0.009316631127148867
-1,1,-1,1,-1,1,-1,-1,-1,1,-1,-1,-1,0.0102427639067173
-1,1,-1,1,-1,1,-1,-1,-1,1,-1,-1,1,0.010507302824407816
-1,1,-1,1,-1,1,-1,-1,-1,1,-1,1,-1,0.009428063407540321
-1,1,-1,1,-1,1,-1,-1,-1,1,-1,1,1,0.010150872636586428
-1,1,-1,1,-1,1,-1,-1,-1,1,1,-1,-1,0.009670187719166279
-1,1,-1,1,-1,1,-1,-1,-1,1,1,-1,1,0.010024153627455235
-1,1,-1,1,-1,1,-1,-1,-1,1,1,1,-1,0.008815867826342583
-1,1,-1,1,-1,1,-1,-1,-1,1,1,1,1,0.009370350278913975
-1,1,-1,1,-1,1,-1,-1,1,-1,-1,-1,-1,0.009275474275151888
-1,1,-1,1,-1,1,-1,-1,1,-1,-1,1,-1,0.008375084027647972
-1,1,-1,1,-1,1,-1,-1,1,-1,-1,1,1,0.009354792535305023
-1,1,-1,1,-1,1,-1,-1,1,-1,1,-1,-1,0.008326652459800243
-1,1,-1,1,-1,1,-1,-1,1,-1,1,-1,1,0.009078233502805233
-1,1,-1,1,-1,1,-1,-1,1,-1,1,1,-1,0.007802159991115332
-1,1,-1,1,-1,1,-1,-1,1,-1,1,1,1,0.008125090971589088
-1,1,-1,1,-1,1,-1,-1,1,1,-1,-1,-1,0.009476682171225548
-1,1,-1,1,-1,1,-1,-1,1,1,-1,1,1,0.009168295500179132
-1,1,-1,1,-1,1,-1,-1,1,1,1,-1,-1,0.008899386040866375
-1,1,-1,1,-1,1,-1,-1,1,1,1,1,-1,0.008014888502657413
-1,1,-1,1,-1,1,-1,-1,1,1,1,1,1,0.008703669533133507
-1,1,-1,1,-1,1,-1,1,-1,-1,-1,1,-1,0.00878655475874742
-1,1,-1,1,-1,1,-1,1,-1,-1,-1,1,1,0.00936897611245513
-1,1,-1,1,-1,1,-1,1,-1,-1,1,-1,1,0.009380041311184565
-1,1,-1,1,-1,1,-1,1,-1,-1,1,1,-1,0.008258386515080929
-1,1,-1,1,-1,1,-1,1,-1,-1,1,1,1,0.008683019783347845
-1,1,-1,1,-1,1,-1,1,-1,1,-1,-1,-1,0.009642908815294504
-1,1,-1,1,-1,1,-1,1,-1,1,-1,-1,1,0.010200352407991886
-1,1,-1,1,-1,1,-1,1,-1,1,-1,1,1,0.009445790201425552
-1,1,-1,1,-1,1,-1,1,-1,1,1,-1,-1,0.009058116003870964
-1,1,-1,1,-1,1,-1,1,-1,1,1,-1,1,0.009746303781867027
-1,1,-1,1,-1,1,-1,1,-1,1,1,1,-1,0.0085997823625803
-1,1,-1,1,-1,1,-1,1,-1,1,1,1,1,0.009074688889086246
-1,1,-1,1,-1,1,-1,1,1,-1,-1,-1,-1,0.008743663784116507
-1,1,-1,1,-1,1,-1,1,1,-1,-1,1,-1,0.007952490821480751
-1,1,-1,1,-1,1,-1,1,1,-1,-1,1,1,0.00836666114628315
-1,1,-1,1,-1,1,-1,1,1,-1,1,-1,-1,0.008302044589072466
-1,1,-1,1,-1,1,-1,1,1,-1,1,-1,1,0.008992004208266735
-1,1,-1,1,-1,1,-1,1,1,-1,1,1,1,0.008109292015433311
-1,1,-1,1,-1,1,-1,1,1,1,-1,-1,-1,0.00864655151963234
-1,1,-1,1,-1,1,-1,1,1,1,-1,1,-1,0.008151357993483543
-1,1,-1,1,-1,1,-1,1,1,1,1,-1,-1,0.008237118522326151
-1,1,-1,1,-1,1,-1,1,1,1,1,1,-1,0.00785917416214943
-1,1,-1,1,-1,1,1,-1,-1,-1,-1,-1,-1,0.009998823050409555
-1,1,-1,1,-1,1,1,-1,-1,-1,-1,-1,1,0.010826127137988806
-1,1,-1,1,-1,1,1,-1,-1,-1,-1,1,-1,0.009304294362664223
-1,1,-1,1,-1,1,1,-1,-1,-1,-1,1,1,0.0099560950572292
-1,1,-1,1,-1,1,1,-1,-1,-1,1,-1,-1,0.009720620699226856
-1,1,-1,1,-1,1,1,-1,-1,-1,1,1,1,0.009413968616475662
-1,1,-1,1,-1,1,1,-1,-1,1,-1,-1,-1,0.010548694990575314
-1,1,-1,1,-1,1,1,-1,-1,1,-1,-1,1,0.011104067787528038
-1,1,-1,1,-1,1,1,-1,-1,1,-1,1,-1,0.009964662604033947
-1,1,-1,1,-1,1,1,-1,-1,1,-1,1,1,0.01024684775620699
-1,1,-1,1,-1,1,1,-1,-1,1,1,-1,-1,0.009739956818521023
-1,1,-1,1,-1,1,1,-1,-1,1,1,-1,1,0.0104240532964468
-1,1,-1,1,-1,1,1,-1,-1,1,1,1,1,0.00962764024734497
-1,1,-1,1,-1,1,1,-1,1,-1,-1,1,-1,0.008782814567287764
-1,1,-1,1,-1,1,1,-1,1,-1,-1,1,1,0.009478647261857986
-1,1,-1,1,-1,1,1,-1,1,-1,1,-1,-1,0.009091164916753769
-1,1,-1,1,-1,1,1,-1,1,-1,1,-1,1,0.009470204822719097
-1,1,-1,1,-1,1,1,-1,1,-1,1,1,-1,0.008357454091310501
-1,1,-1,1,-1,1,1,-1,1,-1,1,1,1,0.008935646153986454
-1,1,-1,1,-1,1,1,-1,1,1,-1,-1,-1,0.009672568645328283
-1,1,-1,1,-1,1,1,-1,1,1,-1,-1,1,0.010470029897987843
-1,1,-1,1,-1,1,1,-1,1,1,1,-1,-1,0.00884496420621872
-1,1,-1,1,-1,1,1,-1,1,1,1,-1,1,0.0098506985232234
-1,1,-1,1,-1,1,1,-1,1,1,1,1,-1,0.008655078709125519
-1,1,-1,1,-1,1,1,1,-1,-1,-1,-1,-1,0.009530207607895136
-1,1,-1,1,-1,1,1,1,-1,-1,-1,-1,1,0.010225025936961174
-1,1,-1,1,-1,1,1,1,-1,-1,-1,1,-1,0.00922771543264389
-1,1,-1,1,-1,1,1,1,-1,-1,-1,1,1,0.00963964220136404
-1,1,-1,1,-1,1,1,1,-1,-1,1,-1,-1,0.008984994143247604
-1,1,-1,1,-1,1,1,1,-1,1,-1,-1,-1,0.010052288183942437
-1,1,-1,1,-1,1,1,1,-1,1,-1,-1,1,0.010230664163827896
-1,1,-1,1,-1,1,1,1,-1,1,1,-1,-1,0.009427366778254509
-1,1,-1,1,-1,1,1,1,-1,1,1,-1,1,0.009828321635723114
-1,1,-1,1,-1,1,1,1,-1,1,1,1,1,0.009277399629354477
-1,1,-1,1,-1,1,1,1,1,-1,-1,-1,1,0.00940169207751751
-1,1,-1,1,-1,1,1,1,1,-1,-1,1,-1,0.008347069844603539
-1,1,-1,1,-1,1,1,1,1,-1,1,-1,-1,0.008465886116027832
-1,1,-1,1,-1,1,1,1,1,-1,1,1,-1,0.007865532922248045
-1,1,-1,1,-1,1,1,1,1,-1,1,1,1,0.008314798586070538
-1,1,-1,1,-1,1,1,1,1,1,-1,-1,-1,0.009322607889771461
-1,1,-1,1,-1,1,1,1,1,1,-1,1,-1,0.008666705340147018
-1,1,-1,1,-1,1,1,1,1,1,1,-1,-1,0.008766151033341885
-1,1,-1,1,-1,1,1,1,1,1,1,-1,1,0.009169359691441059
-1,1,-1,1,-1,1,1,1,1,1,1,1,-1,0.008169593289494514
-1,1,-1,1,-1,1,1,1,1,1,1,1,1,0.008548051118850708
-1,1,-1,1,1,-1,-1,-1,-1,-1,-1,-1,1,0.01173500344157219
-1,1,-1,1,1,-1,-1,-1,-1,-1,-1,1,-1,0.010148580186069012
-1,1,-1,1,1,-1,-1,-1,-1,-1,-1,1,1,0.010683709755539894
-1,1,-1,1,1,-1,-1,-1,-1,-1,1,-1,-1,0.010369335301220417
-1,1,-1,1,1,-1,-1,-1,-1,-1,1,-1,1,0.0108374641276896
-1,1,-1,1,1,-1,-1,-1,-1,-1,1,1,1,0.010035614250227809
-1,1,-1,1,1,-1,-1,-1,-1,1,-1,-1,-1,0.011371550150215626
-1,1,-1,1,1,-1,-1,-1,-1,1,-1,-1,1,0.011672950349748135
-1,1,-1,1,1,-1,-1,-1,-1,1,-1,1,-1,0.01046745665371418
-1,1,-1,1,1,-1,-1,-1,-1,1,-1,1,1,0.0110948970541358
-1,1,-1,1,1,-1,-1,-1,-1,1,1,-1,-1,0.010610893368721008
-1,1,-1,1,1,-1,-1,-1,-1,1,1,-1,1,0.010877262335270643
-1,1,-1,1,1,-1,-1,-1,-1,1,1,1,-1,0.010145576670765877
-1,1,-1,1,1,-1,-1,-1,-1,1,1,1,1,0.010308369994163513
-1,1,-1,1,1,-1,-1,-1,1,-1,-1,-1,-1,0.010251589585095644
-1,1,-1,1,1,-1,-1,-1,1,-1,-1,-1,1,0.010588907171040773
-1,1,-1,1,1,-1,-1,-1,1,-1,1,-1,-1,0.009516584686934948
-1,1,-1,1,1,-1,-1,-1,1,-1,1,-1,1,0.00991817843168974
-1,1,-1,1,1,-1,-1,-1,1,-1,1,1,-1,0.009150933474302292
-1,1,-1,1,1,-1,-1,-1,1,1,-1,-1,-1,0.010357493534684181
-1,1,-1,1,1,-1,-1,-1,1,1,-1,-1,1,0.010821326946218809
-1,1,-1,1,1,-1,-1,-1,1,1,1,-1,-1,0.009813133627176285
-1,1,-1,1,1,-1,-1,-1,1,1,1,-1,1,0.010535734705626965
-1,1,-1,1,1,-1,-1,-1,1,1,1,1,-1,0.009136775818963846
-1,1,-1,1,1,-1,-1,1,-1,-1,-1,-1,-1,0.010327867853144804
-1,1,-1,1,1,-1,-1,1,-1,-1,-1,-1,1,0.010679497849196196
-1,1,-1,1,1,-1,-1,1,-1,-1,-1,1,1,0.01011386513710022
-1,1,-1,1,1,-1,-1,1,-1,-1,1,1,-1,0.009125341661274433
-1,1,-1,1,1,-1,-1,1,-1,-1,1,1,1,0.00941351397583882
-1,1,-1,1,1,-1,-1,1,-1,1,-1,-1,-1,0.010641024447977543
-1,1,-1,1,1,-1,-1,1,-1,1,-1,1,1,0.010489098727703094
-1,1,-1,1,1,-1,-1,1,-1,1,1,-1,1,0.010408234782516956
-1,1,-1,1,1,-1,-1,1,-1,1,1,1,1,0.010050453711301088
-1,1,-1,1,1,-1,-1,1,1,-1,-1,-1,-1,0.009891510009765625
-1,1,-1,1,1,-1,-1,1,1,-1,-1,-1,1,0.010556060820817947
-1,1,-1,1,1,-1,-1,1,1,-1,-1,1,-1,0.008871367201209068
-1,1,-1,1,1,-1,-1,1,1,-1,-1,1,1,0.009456824511289597
-1,1,-1,1,1,-1,-1,1,1,-1,1,-1,-1,0.009461896494030952
-1,1,-1,1,1,-1,-1,1,1,-1,1,1,-1,0.008496297523379326
-1,1,-1,1,1,-1,-1,1,1,-1,1,1,1,0.009004889521747828
-1,1,-1,1,1,-1,-1,1,1,1,-1,-1,-1,0.009843403473496437
-1,1,-1,1,1,-1,-1,1,1,1,-1,1,1,0.009532540570944548
-1,1,-1,1,1,-1,-1,1,1,1,1,1,-1,0.008672422729432583
-1,1,-1,1,1,-1,1,-1,-1,-1,-1,-1,-1,0.010960052721202374
-1,1,-1,1,1,-1,1,-1,-1,-1,-1,-1,1,0.011740149930119514
-1,1,-1,1,1,-1,1,-1,-1,-1,-1,1,1,0.011047258041799068
-1,1,-1,1,1,-1,1,-1,-1,-1,1,1,-1,0.009701593779027462
-1,1,-1,1,1,-1,1,-1,-1,1,-1,-1,1,0.011791165918111801
-1,1,-1,1,1,-1,1,-1,-1,1,-1,1,1,0.01092203613370657
-1,1,-1,1,1,-1,1,-1,-1,1,1,-1,-1,0.011337313801050186
-1,1,-1,1,1,-1,1,-1,-1,1,1,-1,1,0.011322170495986938
-1,1,-1,1,1,-1,1,-1,1,-1,-1,-1,-1,0.010464992374181747
-1,1,-1,1,1,-1,1,-1,1,-1,-1,-1,1,0.010913836769759655
-1,1,-1,1,1,-1,1,-1,1,-1,-1,1,-1,0.009717627428472042
-1,1,-1,1,1,-1,1,-1,1,-1,1,-1,-1,0.009939654264599085
-1,1,-1,1,1,-1,1,-1,1,-1,1,-1,1,0.010426649823784828
-1,1,-1,1,1,-1,1,-1,1,-1,1,1,1,0.010033134371042252
-1,1,-1,1,1,-1,1,-1,1,1,-1,-1,-1,0.01093714777380228
-1,1,-1,1,1,-1,1,-1,1,1,-1,-1,1,0.01132734538987279
-1,1,-1,1,1,-1,1,-1,1,1,-1,1,-1,0.010084926150739193
-1,1,-1,1,1,-1,1,-1,1,1,-1,1,1,0.010534483008086681
-1,1,-1,1,1,-1,1,-1,1,1,1,-1,-1,0.010452021844685078
-1,1,-1,1,1,-1,1,-1,1,1,1,1,-1,0.009665452875196934
-1,1,-1,1,1,-1,1,-1,1,1,1,1,1,0.010103508830070496
-1,1,-1,1,1,-1,1,1,-1,-1,-1,-1,-1,0.010420162230730057
-1,1,-1,1,1,-1,1,1,-1,-1,-1,-1,1,0.01133392145857215
-1,1,-1,1,1,-1,1,1,-1,-1,-1,1,-1,0.009895998984575272
-1,1,-1,1,1,-1,1,1,-1,-1,-1,1,1,0.010509242303669453
-1,1,-1,1,1,-1,1,1,-1,-1,1,-1,1,0.010373781435191631
-1,1,-1,1,1,-1,1,1,-1,-1,1,1,-1,0.00937497429549694
-1,1,-1,1,1,-1,1,1,-1,-1,1,1,1,0.009885892271995544
-1,1,-1,1,1,-1,1,1,-1,1,1,1,-1,0.009498448576778173
-1,1,-1,1,1,-1,1,1,-1,1,1,1,1,0.010161693207919598
-1,1,-1,1,1,-1,1,1,1,-1,-1,1,-1,0.009272954426705837
-1,1,-1,1,1,-1,1,1,1,-1,-1,1,1,0.00995566975325346
-1,1,-1,1,1,-1,1,1,1,-1,1,-1,-1,0.009380491450428963
-1,1,-1,1,1,-1,1,1,1,-1,1,1,1,0.009390831924974918
-1,1,-1,1,1,-1,1,1,1,1,-1,-1,1,0.010772348381578922
-1,1,-1,1,1,-1,1,1,1,1,-1,1,-1,0.009852953255176544
-1,1,-1,1,1,-1,1,1,1,1,1,-1,-1,0.00967308972030878
-1,1,-1,1,1,-1,1,1,1,1,1,-1,1,0.010504213161766529
-1,1,-1,1,1,-1,1,1,1,1,1,1,-1,0.008928162977099419
-1,1,-1,1,1,-1,1,1,1,1,1,1,1,0.009521945845335722
-1,1,-1,1,1,1,-1,-1,-1,-1,-1,-1,1,0.011004520580172539
-1,1,-1,1,1,1,-1,-1,-1,-1,-1,1,-1,0.009812797419726849
-1,1,-1,1,1,1,-1,-1,-1,-1,-1,1,1,0.010279638227075338
-1,1,-1,1,1,1,-1,-1,-1,-1,1,-1,-1,0.009862987790256739
-1,1,-1,1,1,1,-1,-1,-1,-1,1,1,-1,0.009066763799637556
-1,1,-1,1,1,1,-1,-1,-1,-1,1,1,1,0.009771288372576237
-1,1,-1,1,1,1,-1,-1,-1,1,-1,1,1,0.010542254196479917
-1,1,-1,1,1,1,-1,-1,-1,1,1,-1,-1,0.010017040185630322
-1,1,-1,1,1,1,-1,-1,-1,1,1,-1,1,0.010660886764526367
-1,1,-1,1,1,1,-1,-1,-1,1,1,1,1,0.010064814239740372
-1,1,-1,1,1,1,-1,-1,1,-1,-1,-1,-1,0.009672210241357485
-1,1,-1,1,1,1,-1,-1,1,-1,-1,-1,1,0.010140394326299429
-1,1,-1,1,1,1,-1,-1,1,-1,-1,1,-1,0.00889993505552411
-1,1,-1,1,1,1,-1,-1,1,-1,1,1,1,0.008872658014297485
-1,1,-1,1,1,1,-1,-1,1,1,-1,1,-1,0.009412277489900589
-1,1,-1,1,1,1,-1,-1,1,1,1,-1,-1,0.009479145519435406
-1,1,-1,1,1,1,-1,-1,1,1,1,-1,1,0.010149264708161354
-1,1,-1,1,1,1,-1,-1,1,1,1,1,-1,0.008903797715902328
-1,1,-1,1,1,1,-1,-1,1,1,1,1,1,0.00926517757276694
-1,1,-1,1,1,1,-1,1,-1,-1,-1,-1,-1,0.010058105457574129
-1,1,-1,1,1,1,-1,1,-1,-1,-1,-1,1,0.010372857097536325
-1,1,-1,1,1,1,-1,1,-1,-1,1,-1,-1,0.009118965826928616
-1,1,-1,1,1,1,-1,1,-1,-1,1,-1,1,0.00994549784809351
-1,1,-1,1,1,1,-1,1,-1,-1,1,1,-1,0.008531692748268446
-1,1,-1,1,1,1,-1,1,-1,-1,1,1,1,0.008983691222965717
-1,1,-1,1,1,1,-1,1,-1,1,-1,-1,-1,0.010115903491775194
-1,1,-1,1,1,1,-1,1,-1,1,1,-1,-1,0.009763563983142376
-1,1,-1,1,1,1,-1,1,-1,1,1,-1,1,0.010254677385091782
-1,1,-1,1,1,1,-1,1,-1,1,1,1,-1,0.008897223509848118
-1,1,-1,1,1,1,-1,1,-1,1,1,1,1,0.009384802542626858
-1,1,-1,1,1,1,-1,1,1,-1,-1,-1,1,0.009585736319422722
-1,1,-1,1,1,1,-1,1,1,-1,-1,1,-1,0.008319790475070477
-1,1,-1,1,1,1,-1,1,1,-1,-1,1,1,0.008898111991584301
-1,1,-1,1,1,1,-1,1,1,-1,1,-1,-1,0.008578808512538671
-1,1,-1,1,1,1,-1,1,1,-1,1,-1,1,0.009190186858177185
-1,1,-1,1,1,1,-1,1,1,-1,1,1,-1,0.007939521223306656
-1,1,-1,1,1,1,-1,1,1,-1,1,1,1,0.00813286378979683
-1,1,-1,1,1,1,-1,1,1,1,-1,-1,-1,0.009279369376599789
-1,1,-1,1,1,1,-1,1,1,1,-1,-1,1,0.009873490780591965
-1,1,-1,1,1,1,-1,1,1,1,-1,1,1,0.009596699848771095
-1,1,-1,1,1,1,-1,1,1,1,1,-1,1,0.009484813082963228
-1,1,-1,1,1,1,1,-1,-1,-1,-1,-1,-1,0.01072718482464552
-1,1,-1,1,1,1,1,-1,-1,-1,-1,-1,1,0.011151807848364115
-1,1,-1,1,1,1,1,-1,-1,-1,-1,1,-1,0.010017980355769396
-1,1,-1,1,1,1,1,-1,-1,-1,1,-1,1,0.010644134599715471
-1,1,-1,1,1,1,1,-1,-1,-1,1,1,-1,0.009443549904972315
-1,1,-1,1,1,1,1,-1,-1,-1,1,1,1,0.009814795106649399
-1,1,-1,1,1,1,1,-1,-1,1,-1,1,1,0.010750190820544958
-1,1,-1,1,1,1,1,-1,-1,1,1,-1,-1,0.010437417775392532
-1,1,-1,1,1,1,1,-1,-1,1,1,-1,1,0.010915595106780529
-1,1,-1,1,1,1,1,-1,-1,1,1,1,-1,0.00960379745811224
-1,1,-1,1,1,1,1,-1,-1,1,1,1,1,0.009941576514393091
-1,1,-1,1,1,1,1,-1,1,-1,-1,-1,-1,0.00973899538318316
-1,1,-1,1,1,1,1,-1,1,-1,-1,-1,1,0.010465937666594982
-1,1,-1,1,1,1,1,-1,1,-1,-1,1,-1,0.009220621548593044
-1,1,-1,1,1,1,1,-1,1,-1,-1,1,1,0.00974649516865611
-1,1,-1,1,1,1,1,-1,1,-1,1,-1,-1,0.009432981722056866
-1,1,-1,1,1,1,1,-1,1,-1,1,-1,1,0.009831500239670277
-1,1,-1,1,1,1,1,-1,1,1,-1,-1,-1,0.01046899426728487
-1,1,-1,1,1,1,1,-1,1,1,-1,-1,1,0.01075857002288103
-1,1,-1,1,1,1,1,-1,1,1,-1,1,-1,0.00966693414375186
-1,1,-1,1,1,1,1,-1,1,1,-1,1,1,0.010198699310421944
-1,1,-1,1,1,1,1,-1,1,1,1,-1,-1,0.009655632078647614
-1,1,-1,1,1,1,1,-1,1,1,1,-1,1,0.010143131949007511
-1,1,-1,1,1,1,1,-1,1,1,1,1,-1,0.009118103422224522
-1,1,-1,1,1,1,1,1,-1,-1,-1,-1,1,0.010498416610062122
-1,1,-1,1,1,1,1,1,-1,-1,-1,1,-1,0.009184514172375202
-1,1,-1,1,1,1,1,1,-1,-1,-1,1,1,0.00972097646445036
-1,1,-1,1,1,1,1,1,-1,-1,1,-1,-1,0.00959587749093771
-1,1,-1,1,1,1,1,1,-1,-1,1,-1,1,0.009843612555414438
-1,1,-1,1,1,1,1,1,-1,1,-1,1,-1,0.009854816598817706
-1,1,-1,1,1,1,1,1,-1,1,-1,1,1,0.01023873407393694
-1,1,-1,1,1,1,1,1,-1,1,1,-1,1,0.010380123741924763
-1,1,-1,1,1,1,1,1,1,-1,-1,-1,-1,0.009514975361526012
-1,1,-1,1,1,1,1,1,1,-1,-1,-1,1,0.009893546346575022
-1,1,-1,1,1,1,1,1,1,-1,-1,1,-1,0.008720189332962036
-1,1,-1,1,1,1,1,1,1,-1,-1,1,1,0.009153051301836967
-1,1,-1,1,1,1,1,1,1,-1,1,-1,-1,0.008827987127006054
-1,1,-1,1,1,1,1,1,1,-1,1,-1,1,0.009230077577133974
-1,1,-1,1,1,1,1,1,1,-1,1,1,1,0.008887800388038158
-1,1,-1,1,1,1,1,1,1,1,-1,-1,-1,0.009830426424741745
-1,1,-1,1,1,1,1,1,1,1,-1,-1,1,0.010306840452055136
-1,1,-1,1,1,1,1,1,1,1,1,-1,-1,0.009254923090338707
-1,1,-1,1,1,1,1,1,1,1,1,-1,1,0.009975012857466936
-1,1,-1,1,1,1,1,1,1,1,1,1,1,0.009123790077865124
-1,1,1,-1,-1,-1,-1,-1,-1,-1,-1,-1,-1,0.01156056858599186
-1,1,1,-1,-1,-1,-1,-1,-1,-1,-1,-1,1,0.011744484305381775
-1,1,1,-1,-1,-1,-1,-1,-1,-1,-1,1,-1,0.01032530888915062
-1,1,1,-1,-1,-1,-1,-1,-1,-1,-1,1,1,0.011176536418497562
-1,1,1,-1,-1,-1,-1,-1,-1,-1,1,-1,1,0.011185746639966965
-1,1,1,-1,-1,-1,-1,-1,-1,-1,1,1,-1,0.010302109643816948
-1,1,1,-1,-1,-1,-1,-1,-1,-1,1,1,1,0.010253927670419216
-1,1,1,-1,-1,-1,-1,-1,-1,1,-1,-1,-1,0.011490079263846079
-1,1,1,-1,-1,-1,-1,-1,-1,1,-1,1,-1,0.010770294815301895
-1,1,1,-1,-1,-1,-1,-1,-1,1,-1,1,1,0.011459382716566324
-1,1,1,-1,-1,-1,-1,-1,-1,1,1,-1,-1,0.011109551414847374
-1,1,1,-1,-1,-1,-1,-1,-1,1,1,-1,1,0.011374491732567549
-1,1,1,-1,-1,-1,-1,-1,1,-1,-1,-1,-1,0.01041508000344038
-1,1,1,-1,-1,-1,-1,-1,1,-1,-1,-1,1,0.010945291258394718
-1,1,1,-1,-1,-1,-1,-1,1,-1,-1,1,1,0.01026140432804823
-1,1,1,-1,-1,-1,-1,-1,1,-1,1,-1,1,0.010505452752113342
-1,1,1,-1,-1,-1,-1,-1,1,-1,1,1,-1,0.009335232898592949
-1,1,1,-1,-1,-1,-1,-1,1,-1,1,1,1,0.009846913861110806
-1,1,1,-1,-1,-1,-1,-1,1,1,-1,-1,-1,0.01099415309727192
-1,1,1,-1,-1,-1,-1,-1,1,1,-1,-1,1,0.011443709954619408
-1,1,1,-1,-1,-1,-1,-1,1,1,-1,1,-1,0.009946739301085472
-1,1,1,-1,-1,-1,-1,-1,1,1,-1,1,1,0.010564113967120647
-1,1,1,-1,-1,-1,-1,-1,1,1,1,-1,-1,0.010199372190982103
-1,1,1,-1,-1,-1,-1,-1,1,1,1,1,-1,0.00949801690876484
-1,1,1,-1,-1,-1,-1,1,-1,-1,-1,-1,-1,0.010693931020796299
-1,1,1,-1,-1,-1,-1,1,-1,-1,-1,-1,1,0.011329338885843754
-1,1,1,-1,-1,-1,-1,1,-1,-1,-1,1,-1,0.010055478662252426
-1,1,1,-1,-1,-1,-1,1,-1,-1,-1,1,1,0.01045107003301382
-1,1,1,-1,-1,-1,-1,1,-1,-1,1,-1,1,0.010564214549958706
-1,1,1,-1,-1,-1,-1,1,-1,-1,1,1,-1,0.009041447192430496
-1,1,1,-1,-1,-1,-1,1,-1,1,-1,-1,-1,0.010959813371300697
-1,1,1,-1,-1,-1,-1,1,-1,1,-1,1,-1,0.010279856156557798
-1,1,1,-1,-1,-1,-1,1,-1,1,-1,1,1,0.010697146644815803
-1,1,1,-1,-1,-1,-1,1,-1,1,1,-1,1,0.010877768509089947
-1,1,1,-1,-1,-1,-1,1,-1,1,1,1,-1,0.00972014976044496
-1,1,1,-1,-1,-1,-1,1,-1,1,1,1,1,0.010150563903152943
-1,1,1,-1,-1,-1,-1,1,1,-1,-1,-1,-1,0.009995621318618456
-1,1,1,-1,-1,-1,-1,1,1,-1,-1,-1,1,0.010534674394875765
-1,1,1,-1,-1,-1,-1,1,1,-1,-1,1,-1,0.009038754738867283
-1,1,1,-1,-1,-1,-1,1,1,-1,1,-1,-1,0.009201542707160115
-1,1,1,-1,-1,-1,-1,1,1,-1,1,-1,1,0.009883125312626362
-1,1,1,-1,-1,-1,-1,1,1,1,-1,-1,-1,0.010517139919102192
-1,1,1,-1,-1,-1,-1,1,1,1,-1,1,-1,0.009588252287358046
-1,1,1,-1,-1,-1,-1,1,1,1,-1,1,1,0.009855610318481922
-1,1,1,-1,-1,-1,-1,1,1,1,1,1,-1,0.008897572755813599
-1,1,1,-1,-1,-1,-1,1,1,1,1,1,1,0.009421891067177057
-1,1,1,-1,-1,-1,1,-1,-1,-1,-1,-1,-1,0.011620759963989258
-1,1,1,-1,-1,-1,1,-1,-1,-1,-1,1,-1,0.010783058591187
-1,1,1,-1,-1,-1,1,-1,-1,-1,-1,1,1,0.011356186432143053
-1,1,1,-1,-1,-1,1,-1,-1,-1,1,-1,-1,0.011023015715181828
-1,1,1,-1,-1,-1,1,-1,-1,-1,1,-1,1,0.011363280937075615
-1,1,1,-1,-1,-1,1,-1,-1,-1,1,1,1,0.011059891432523727
-1,1,1,-1,-1,-1,1,-1,-1,1,-1,-1,-1,0.011758999899029732
-1,1,1,-1,-1,-1,1,-1,-1,1,-1,-1,1,0.012133613228797913
-1,1,1,-1,-1,-1,1,-1,-1,1,-1,1,-1,0.01106902863830328
-1,1,1,-1,-1,-1,1,-1,-1,1,-1,1,1,0.011555523611605167
-1,1,1,-1,-1,-1,1,-1,-1,1,1,1,-1,0.01062734192237258
-1,1,1,-1,-1,-1,1,-1,-1,1,1,1,1,0.011157149448990822
-1,1,1,-1,-1,-1,1,-1,1,-1,-1,-1,-1,0.010540379211306572
-1,1,1,-1,-1,-1,1,-1,1,-1,-1,-1,1,0.011244919151067734
-1,1,1,-1,-1,-1,1,-1,1,-1,-1,1,-1,0.010084216482937336
-1,1,1,-1,-1,-1,1,-1,1,-1,-1,1,1,0.010468085296452045
-1,1,1,-1,-1,-1,1,-1,1,-1,1,-1,-1,0.010364243760704994
-1,1,1,-1,-1,-1,1,-1,1,-1,1,-1,1,0.010668609291315079
-1,1,1,-1,-1,-1,1,-1,1,-1,1,1,-1,0.009411102160811424
-1,1,1,-1,-1,-1,1,-1,1,-1,1,1,1,0.010106710717082024
-1,1,1,-1,-1,-1,1,-1,1,1,-1,-1,-1,0.011028180131688714
-1,1,1,-1,-1,-1,1,-1,1,1,-1,-1,1,0.011718670216699442
-1,1,1,-1,-1,-1,1,-1,1,1,1,-1,-1,0.010569685138761997
-1,1,1,-1,-1,-1,1,-1,1,1,1,1,-1,0.009823725558817387
-1,1,1,-1,-1,-1,1,-1,1,1,1,1,1,0.010358117520809174
-1,1,1,-1,-1,-1,1,1,-1,-1,-1,-1,1,0.011356368660926819
-1,1,1,-1,-1,-1,1,1,-1,-1,1,-1,1,0.010989511385560036
-1,1,1,-1,-1,-1,1,1,-1,-1,1,1,1,0.010361245833337307
-1,1,1,-1,-1,-1,1,1,-1,1,-1,-1,-1,0.011176932603120804
-1,1,1,-1,-1,-1,1,1,-1,1,-1,1,1,0.011073174886405468
-1,1,1,-1,-1,-1,1,1,-1,1,1,-1,-1,0.010600857436656952
-1,1,1,-1,-1,-1,1,1,-1,1,1,-1,1,0.011220081709325314
-1,1,1,-1,-1,-1,1,1,-1,1,1,1,-1,0.009663350880146027
-1,1,1,-1,-1,-1,1,1,1,-1,-1,-1,-1,0.01015082560479641
-1,1,1,-1,-1,-1,1,1,1,-1,-1,-1,1,0.01087456475943327
-1,1,1,-1,-1,-1,1,1,1,-1,-1,1,1,0.00994500145316124
-1,1,1,-1,-1,-1,1,1,1,-1,1,-1,-1,0.00965121854096651
-1,1,1,-1,-1,-1,1,1,1,-1,1,-1,1,0.010395045392215252
-1,1,1,-1,-1,-1,1,1,1,-1,1,1,-1,0.009104297496378422
-1,1,1,-1,-1,-1,1,1,1,-1,1,1,1,0.009559016985197863
-1,1,1,-1,-1,-1,1,1,1,1,-1,-1,-1,0.010982823558151722
-1,1,1,-1,-1,-1,1,1,1,1,-1,-1,1,0.010946855414658785
-1,1,1,-1,-1,-1,1,1,1,1,-1,1,-1,0.009962831002970537
-1,1,1,-1,-1,-1,1,1,1,1,1,-1,-1,0.009952733293175697
-1,1,1,-1,-1,-1,1,1,1,1,1,-1,1,0.010506236304839453
-1,1,1,-1,-1,-1,1,1,1,1,1,1,-1,0.00933877844363451
-1,1,1,-1,-1,1,-1,-1,-1,-1,-1,-1,-1,0.010647330433130264
-1,1,1,-1,-1,1,-1,-1,-1,-1,-1,1,-1,0.009768533520400524
-1,1,1,-1,-1,1,-1,-1,-1,-1,1,-1,-1,0.009983129799365997
-1,1,1,-1,-1,1,-1,-1,-1,-1,1,-1,1,0.01057952381670475
-1,1,1,-1,-1,1,-1,-1,-1,-1,1,1,-1,0.009563534520566463
-1,1,1,-1,-1,1,-1,-1,-1,1,-1,-1,-1,0.010824131779372692
-1,1,1,-1,-1,1,-1,-1,-1,1,-1,1,-1,0.01038277754560113
-1,1,1,-1,-1,1,-1,-1,-1,1,-1,1,1,0.010871820151805878
-1,1,1,-1,-1,1,-1,-1,-1,1,1,-1,-1,0.010347386356443167
-1,1,1,-1,-1,1,-1,-1,-1,1,1,-1,1,0.010949220042675734
-1,1,1,-1,-1,1,-1,-1,-1,1,1,1,-1,0.009622762445360422
-1,1,1,-1,-1,1,-1,-1,-1,1,1,1,1,0.010226431302726269
-1,1,1,-1,-1,1,-1,-1,1,-1,-1,-1,-1,0.009979505402346453
-1,1,1,-1,-1,1,-1,-1,1,-1,-1,-1,1,0.010706666857004166
-1,1,1,-1,-1,1,-1,-1,1,-1,-1,1,1,0.010138435289263725
-1,1,1,-1,-1,1,-1,-1,1,-1,1,-1,-1,0.009612728841602802
-1,1,1,-1,-1,1,-1,-1,1,-1,1,1,-1,0.008637788705527782
-1,1,1,-1,-1,1,-1,-1,1,-1,1,1,1,0.009157566353678703
-1,1,1,-1,-1,1,-1,-1,1,1,-1,-1,-1,0.010329194366931915
-1,1,1,-1,-1,1,-1,-1,1,1,-1,-1,1,0.010945876128971577
-1,1,1,-1,-1,1,-1,-1,1,1,-1,1,1,0.00998907225827376
-1,1,1,-1,-1,1,-1,1,-1,-1,-1,-1,-1,0.010374832898378372
-1,1,1,-1,-1,1,-1,1,-1,-1,-1,1,-1,0.009669847786426544
-1,1,1,-1,-1,1,-1,1,-1,-1,-1,1,1,0.009968945756554604
-1,1,1,-1,-1,1,-1,1,-1,-1,1,-1,-1,0.00931894313544035
-1,1,1,-1,-1,1,-1,1,-1,-1,1,-1,1,0.009983928563694159
-1,1,1,-1,-1,1,-1,1,-1,-1,1,1,1,0.009063557256013155
-1,1,1,-1,-1,1,-1,1,-1,1,-1,-1,-1,0.010527136735618114
-1,1,1,-1,-1,1,-1,1,-1,1,-1,-1,1,0.011037686839699745
-1,1,1,-1,-1,1,-1,1,-1,1,-1,1,1,0.010308299213647842
-1,1,1,-1,-1,1,-1,1,-1,1,1,-1,-1,0.009849856297175089
-1,1,1,-1,-1,1,-1,1,-1,1,1,-1,1,0.010322249494493008
-1,1,1,-1,-1,1,-1,1,-1,1,1,1,-1,0.009122254326939583
-1,1,1,-1,-1,1,-1,1,-1,1,1,1,1,0.009497223421931267
-1,1,1,-1,-1,1,-1,1,1,-1,-1,-1,-1,0.009626903105527163
-1,1,1,-1,-1,1,-1,1,1,-1,-1,-1,1,0.009706846438348293
-1,1,1,-1,-1,1,-1,1,1,-1,-1,1,-1,0.00879955431446433
-1,1,1,-1,-1,1,-1,1,1,-1,-1,1,1,0.009176453575491905
-1,1,1,-1,-1,1,-1,1,1,-1,1,-1,-1,0.008861902790764967
-1,1,1,-1,-1,1,-1,1,1,-1,1,-1,1,0.009443804621696472
-1,1,1,-1,-1,1,-1,1,1,-1,1,1,-1,0.00836038775742054
-1,1,1,-1,-1,1,-1,1,1,1,-1,-1,-1,0.009877056814730167
-1,1,1,-1,-1,1,-1,1,1,1,-1,-1,1,0.01026199385523796
-1,1,1,-1,-1,1,-1,1,1,1,-1,1,1,0.009577288292348385
-1,1,1,-1,-1,1,-1,1,1,1,1,-1,1,0.00968760484829545
-1,1,1,-1,-1,1,-1,1,1,1,1,1,-1,0.008462132575611273
-1,1,1,-1,-1,1,-1,1,1,1,1,1,1,0.008988238871097565
-1,1,1,-1,-1,1,1,-1,-1,-1,-1,-1,1,0.011508238191405932
-1,1,1,-1,-1,1,1,-1,-1,-1,1,-1,1,0.01094336248934269
-1,1,1,-1,-1,1,1,-1,-1,-1,1,1,-1,0.009788716211915016
-1,1,1,-1,-1,1,1,-1,-1,-1,1,1,1,0.010072446893900633
-1,1,1,-1,-1,1,1,-1,-1,1,-1,-1,1,0.01171612273901701
-1,1,1,-1,-1,1,1,-1,-1,1,-1,1,-1,0.010597999518116316
-1,1,1,-1,-1,1,1,-1,-1,1,-1,1,1,0.011213121935725212
-1,1,1,-1,-1,1,1,-1,-1,1,1,-1,1,0.011006351094692945
-1,1,1,-1,-1,1,1,-1,-1,1,1,1,-1,0.009816360659897327
-1,1,1,-1,-1,1,1,-1,-1,1,1,1,1,0.010473307222127914
-1,1,1,-1,-1,1,1,-1,1,-1,-1,-1,1,0.010807364247739315
-1,1,1,-1,-1,1,1,-1,1,-1,-1,1,-1,0.009549334645271301
-1,1,1,-1,-1,1,1,-1,1,-1,-1,1,1,0.009940894320607185
-1,1,1,-1,-1,1,1,-1,1,-1,1,-1,-1,0.009742142632603645
-1,1,1,-1,-1,1,1,-1,1,-1,1,-1,1,0.01029959600418806
-1,1,1,-1,-1,1,1,-1,1,-1,1,1,-1,0.008821165189146996
-1,1,1,-1,-1,1,1,-1,1,1,-1,-1,-1,0.010356101207435131
-1,1,1,-1,-1,1,1,-1,1,1,-1,1,-1,0.009732453618198633
-1,1,1,-1,-1,1,1,-1,1,1,-1,1,1,0.010499724186956882
-1,1,1,-1,-1,1,1,-1,1,1,1,-1,-1,0.010093183256685734
-1,1,1,-1,-1,1,1,-1,1,1,1,1,-1,0.00954565592110157
-1,1,1,-1,-1,1,1,1,-1,-1,-1,-1,-1,0.010214013047516346
-1,1,1,-1,-1,1,1,1,-1,-1,-1,-1,1,0.010667589493095875
-1,1,1,-1,-1,1,1,1,-1,-1,-1,1,-1,0.009909197874367236
-1,1,1,-1,-1,1,1,1,-1,-1,-1,1,1,0.010336930863559246
-1,1,1,-1,-1,1,1,1,-1,-1,1,-1,-1,0.009892653208225965
-1,1,1,-1,-1,1,1,1,-1,-1,1,1,-1,0.00905169639736414
-1,1,1,-1,-1,1,1,1,-1,-1,1,1,1,0.00958755100145936
-1,1,1,-1,-1,1,1,1,-1,1,-1,-1,1,0.011357376351952553
-1,1,1,-1,-1,1,1,1,-1,1,-1,1,1,0.010608418378978968
-1,1,1,-1,-1,1,1,1,-1,1,1,-1,1,0.010805808007717133
-1,1,1,-1,-1,1,1,1,-1,1,1,1,1,0.009884586557745934
-1,1,1,-1,-1,1,1,1,1,-1,-1,-1,-1,0.009833980972568193
-1,1,1,-1,-1,1,1,1,1,-1,-1,-1,1,0.010322988033294678
-1,1,1,-1,-1,1,1,1,1,-1,-1,1,-1,0.00905355904251337
-1,1,1,-1,-1,1,1,1,1,-1,-1,1,1,0.009688555262982845
-1,1,1,-1,-1,1,1,1,1,-1,1,-1,-1,0.00927855186164379
-1,1,1,-1,-1,1,1,1,1,-1,1,-1,1,0.009548625908792019
-1,1,1,-1,-1,1,1,1,1,-1,1,1,1,0.008782533928751945
-1,1,1,-1,-1,1,1,1,1,1,-1,-1,-1,0.01011740555986762
-1,1,1,-1,-1,1,1,1,1,1,-1,1,-1,0.009411104023456573
-1,1,1,-1,-1,1,1,1,1,1,-1,1,1,0.010142656043171883
-1,1,1,-1,-1,1,1,1,1,1,1,-1,-1,0.009361867234110833
-1,1,1,-1,-1,1,1,1,1,1,1,-1,1,0.009779742918908596
-1,1,1,-1,-1,1,1,1,1,1,1,1,-1,0.00894521176815033
-1,1,1,-1,-1,1,1,1,1,1,1,1,1,0.009371052961796522
-1,1,1,-1,1,-1,-1,-1,-1,-1,-1,-1,-1,0.011743728071451187
-1,1,1,-1,1,-1,-1,-1,-1,-1,-1,-1,1,0.01194395450875163
-1,1,1,-1,1,-1,-1,-1,-1,-1,-1,1,-1,0.010634218342602253
-1,1,1,-1,1,-1,-1,-1,-1,-1,-1,1,1,0.011320777237415314
-1,1,1,-1,1,-1,-1,-1,-1,-1,1,-1,-1,0.011125823793311914
-1,1,1,-1,1,-1,-1,-1,-1,-1,1,1,-1,0.010445749387145042
-1,1,1,-1,1,-1,-1,-1,-1,-1,1,1,1,0.010480454191565514
-1,1,1,-1,1,-1,-1,-1,-1,1,-1,-1,1,0.012462639715522528
-1,1,1,-1,1,-1,-1,-1,-1,1,-1,1,1,0.01188282622024417
-1,1,1,-1,1,-1,-1,-1,-1,1,1,-1,-1,0.011194800958037376
-1,1,1,-1,1,-1,-1,-1,-1,1,1,-1,1,0.011852708645164967
-1,1,1,-1,1,-1,-1,-1,-1,1,1,1,-1,0.010752675589174032
-1,1,1,-1,1,-1,-1,-1,-1,1,1,1,1,0.011383452918380499
-1,1,1,-1,1,-1,-1,-1,1,-1,-1,-1,-1,0.010869440622627735
-1,1,1,-1,1,-1,-1,-1,1,-1,-1,1,-1,0.010185785591602325
-1,1,1,-1,1,-1,-1,-1,1,-1,-1,1,1,0.010765274986624718
-1,1,1,-1,1,-1,-1,-1,1,-1,1,-1,1,0.010844181291759014
-1,1,1,-1,1,-1,-1,-1,1,-1,1,1,1,0.010161953512579203
-1,1,1,-1,1,-1,-1,-1,1,1,-1,-1,-1,0.011145073920488358
-1,1,1,-1,1,-1,-1,-1,1,1,-1,1,1,0.011060300283133984
-1,1,1,-1,1,-1,-1,-1,1,1,1,1,-1,0.009961809342106184
-1,1,1,-1,1,-1,-1,-1,1,1,1,1,1,0.01049081701785326
-1,1,1,-1,1,-1,-1,1,-1,-1,-1,-1,-1,0.011210647411644459
-1,1,1,-1,1,-1,-1,1,-1,-1,-1,-1,1,0.011630103612939516
-1,1,1,-1,1,-1,-1,1,-1,-1,-1,1,-1,0.01041491236537695
-1,1,1,-1,1,-1,-1,1,-1,-1,-1,1,1,0.011054842732846737
-1,1,1,-1,1,-1,-1,1,-1,-1,1,-1,-1,0.010599253699183464
-1,1,1,-1,1,-1,-1,1,-1,-1,1,-1,1,0.011135845445096493
-1,1,1,-1,1,-1,-1,1,-1,1,-1,-1,-1,0.011201648972928524
-1,1,1,-1,1,-1,-1,1,-1,1,-1,-1,1,0.011820372194051743
-1,1,1,-1,1,-1,-1,1,-1,1,-1,1,-1,0.010595609433948994
-1,1,1,-1,1,-1,-1,1,-1,1,-1,1,1,0.011306649073958397
-1,1,1,-1,1,-1,-1,1,-1,1,1,-1,-1,0.010795780690386891
-1,1,1,-1,1,-1,-1,1,-1,1,1,1,-1,0.010201542172580957
-1,1,1,-1,1,-1,-1,1,-1,1,1,1,1,0.010960288345813751
-1,1,1,-1,1,-1,-1,1,1,-1,-1,-1,-1,0.010349554475396872
-1,1,1,-1,1,-1,-1,1,1,-1,-1,-1,1,0.010706901084631681
-1,1,1,-1,1,-1,-1,1,1,-1,-1,1,1,0.010531335137784481
-1,1,1,-1,1,-1,-1,1,1,-1,1,1,1,0.009745382703840733
-1,1,1,-1,1,-1,-1,1,1,1,-1,1,-1,0.010093686636537313
-1,1,1,-1,1,-1,-1,1,1,1,-1,1,1,0.010362335170308748
-1,1,1,-1,1,-1,-1,1,1,1,1,-1,-1,0.010443044826388359
-1,1,1,-1,1,-1,-1,1,1,1,1,-1,1,0.010714074596762657
-1,1,1,-1,1,-1,-1,1,1,1,1,1,-1,0.009406045079231262
-1,1,1,-1,1,-1,1,-1,-1,-1,-1,-1,-1,0.011900300160050392
-1,1,1,-1,1,-1,1,-1,-1,-1,-1,-1,1,0.01252810563892126
-1,1,1,-1,1,-1,1,-1,-1,-1,-1,1,-1,0.011266232002526522
-1,1,1,-1,1,-1,1,-1,-1,-1,-1,1,1,0.011736735701560974
-1,1,1,-1,1,-1,1,-1,-1,-1,1,-1,1,0.011831305921077728
-1,1,1,-1,1,-1,1,-1,-1,-1,1,1,-1,0.010590410325676203
-1,1,1,-1,1,-1,1,-1,-1,1,-1,-1,1,0.012849537345270315
-1,1,1,-1,1,-1,1,-1,-1,1,1,1,-1,0.011005946435034275
-1,1,1,-1,1,-1,1,-1,1,-1,-1,1,-1,0.010614832397550344
-1,1,1,-1,1,-1,1,-1,1,-1,-1,1,1,0.010921560227870941
-1,1,1,-1,1,-1,1,-1,1,-1,1,1,-1,0.0101189399138093
-1,1,1,-1,1,-1,1,-1,1,1,-1,-1,-1,0.011609995427230993
-1,1,1,-1,1,-1,1,-1,1,1,-1,-1,1,0.012140510603785515
-1,1,1,-1,1,-1,1,-1,1,1,-1,1,-1,0.010826849689086279
-1,1,1,-1,1,-1,1,-1,1,1,-1,1,1,0.011221256572753191
-1,1,1,-1,1,-1,1,-1,1,1,1,-1,-1,0.01092908438295126
-1,1,1,-1,1,-1,1,-1,1,1,1,-1,1,0.011738965287804604
-1,1,1,-1,1,-1,1,-1,1,1,1,1,-1,0.010257641319185495
-1,1,1,-1,1,-1,1,1,-1,-1,-1,-1,1,0.011947899125516415
-1,1,1,-1,1,-1,1,1,-1,-1,-1,1,-1,0.010502820834517479
-1,1,1,-1,1,-1,1,1,-1,-1,1,-1,-1,0.01075771450996399
-1,1,1,-1,1,-1,1,1,-1,-1,1,-1,1,0.011378139723092318
-1,1,1,-1,1,-1,1,1,-1,-1,1,1,-1,0.009978836867958307
-1,1,1,-1,1,-1,1,1,-1,-1,1,1,1,0.010793831199407578
-1,1,1,-1,1,-1,1,1,-1,1,-1,-1,-1,0.011857222765684128
-1,1,1,-1,1,-1,1,1,-1,1,-1,-1,1,0.012242387514561415
-1,1,1,-1,1,-1,1,1,-1,1,-1,1,-1,0.010945993475615978
-1,1,1,-1,1,-1,1,1,-1,1,1,-1,-1,0.01101981196552515
-1,1,1,-1,1,-1,1,1,-1,1,1,-1,1,0.011529245413839817
-1,1,1,-1,1,-1,1,1,-1,1,1,1,-1,0.010615239851176739
-1,1,1,-1,1,-1,1,1,1,-1,-1,-1,-1,0.010506239719688892
-1,1,1,-1,1,-1,1,1,1,-1,-1,-1,1,0.01134070660918951
-1,1,1,-1,1,-1,1,1,1,-1,-1,1,-1,0.009939845651388168
-1,1,1,-1,1,-1,1,1,1,-1,-1,1,1,0.010715387761592865
-1,1,1,-1,1,-1,1,1,1,-1,1,-1,1,0.010584798641502857
-1,1,1,-1,1,-1,1,1,1,-1,1,1,-1,0.009799262508749962
-1,1,1,-1,1,-1,1,1,1,-1,1,1,1,0.01002688379958272
-1,1,1,-1,1,-1,1,1,1,1,-1,-1,-1,0.010991910239681602
-1,1,1,-1,1,-1,1,1,1,1,-1,-1,1,0.01171332597732544
-1,1,1,-1,1,-1,1,1,1,1,-1,1,-1,0.01036226407935222
-1,1,1,-1,1,-1,1,1,1,1,-1,1,1,0.010829207487404346
-1,1,1,-1,1,-1,1,1,1,1,1,-1,-1,0.010452952049672604
-1,1,1,-1,1,-1,1,1,1,1,1,-1,1,0.010828009806573391
-1,1,1,-1,1,-1,1,1,1,1,1,1,-1,0.009655000641942024
-1,1,1,-1,1,-1,1,1,1,1,1,1,1,0.01031811349093914
-1,1,1,-1,1,1,-1,-1,-1,-1,-1,-1,-1,0.011393287219107151
-1,1,1,-1,1,1,-1,-1,-1,-1,-1,-1,1,0.011674198942879835
-1,1,1,-1,1,1,-1,-1,-1,-1,-1,1,-1,0.010313110891729593
-1,1,1,-1,1,1,-1,-1,-1,-1,-1,1,1,0.01081060990691185
-1,1,1,-1,1,1,-1,-1,-1,-1,1,-1,-1,0.010188448242843151
-1,1,1,-1,1,1,-1,-1,-1,-1,1,-1,1,0.011384452693164349
-1,1,1,-1,1,1,-1,-1,-1,-1,1,1,1,0.010409408248960972
-1,1,1,-1,1,1,-1,-1,-1,1,-1,-1,-1,0.011313007678836584
-1,1,1,-1,1,1,-1,-1,-1,1,-1,-1,1,0.011645891703665257
-1,1,1,-1,1,1,-1,-1,-1,1,-1,1,1,0.011214975733309984
-1,1,1,-1,1,1,-1,-1,-1,1,1,-1,-1,0.010891380719840527
-1,1,1,-1,1,1,-1,-1,-1,1,1,-1,1,0.01136684138327837
-1,1,1,-1,1,1,-1,-1,-1,1,1,1,-1,0.010386338457465172
-1,1,1,-1,1,1,-1,-1,-1,1,1,1,1,0.010624120943248272
-1,1,1,-1,1,1,-1,-1,1,-1,-1,-1,-1,0.010284025222063065
-1,1,1,-1,1,1,-1,-1,1,-1,-1,1,-1,0.009733450133353472
-1,1,1,-1,1,1,-1,-1,1,-1,-1,1,1,0.010054499842226505
-1,1,1,-1,1,1,-1,-1,1,-1,1,-1,-1,0.009669463150203228
-1,1,1,-1,1,1,-1,-1,1,-1,1,-1,1,0.010450087487697601
-1,1,1,-1,1,1,-1,-1,1,-1,1,1,-1,0.009209290146827698
-1,1,1,-1,1,1,-1,-1,1,-1,1,1,1,0.009764386806637049
-1,1,1,-1,1,1,-1,-1,1,1,-1,1,-1,0.01025437843054533
-1,1,1,-1,1,1,-1,-1,1,1,-1,1,1,0.01081142295151949
-1,1,1,-1,1,1,-1,-1,1,1,1,-1,-1,0.010010361981888613
-1,1,1,-1,1,1,-1,-1,1,1,1,-1,1,0.010432451032102108
-1,1,1,-1,1,1,-1,-1,1,1,1,1,-1,0.009398309513926506
-1,1,1,-1,1,1,-1,-1,1,1,1,1,1,0.010080013424158096
-1,1,1,-1,1,1,-1,1,-1,-1,-1,-1,-1,0.010422348510473967
-1,1,1,-1,1,1,-1,1,-1,-1,-1,-1,1,0.01110718259587884
-1,1,1,-1,1,1,-1,1,-1,-1,-1,1,-1,0.010021345689892769
-1,1,1,-1,1,1,-1,1,-1,-1,-1,1,1,0.0104183005169034
-1,1,1,-1,1,1,-1,1,-1,-1,1,-1,-1,0.009781740605831146
-1,1,1,-1,1,1,-1,1,-1,-1,1,1,-1,0.009504377841949463
-1,1,1,-1,1,1,-1,1,-1,-1,1,1,1,0.009898507036268711
-1,1,1,-1,1,1,-1,1,-1,1,-1,-1,-1,0.010839389637112617
-1,1,1,-1,1,1,-1,1,-1,1,-1,1,-1,0.010117928497493267
-1,1,1,-1,1,1,-1,1,-1,1,-1,1,1,0.010485777631402016
-1,1,1,-1,1,1,-1,1,-1,1,1,-1,-1,0.010537357535213232
-1,1,1,-1,1,1,-1,1,-1,1,1,-1,1,0.01078514444331328
-1,1,1,-1,1,1,-1,1,-1,1,1,1,-1,0.009554439689964056
-1,1,1,-1,1,1,-1,1,1,-1,-1,-1,1,0.010527512058615685
-1,1,1,-1,1,1,-1,1,1,-1,-1,1,1,0.009568249806761742
-1,1,1,-1,1,1,-1,1,1,-1,1,-1,-1,0.009333173123498758
-1,1,1,-1,1,1,-1,1,1,1,-1,-1,-1,0.010170518420636654
-1,1,1,-1,1,1,-1,1,1,1,-1,1,-1,0.009408098179847002
-1,1,1,-1,1,1,-1,1,1,1,-1,1,1,0.00996883399784565
-1,1,1,-1,1,1,-1,1,1,1,1,-1,-1,0.009804561734199524
-1,1,1,-1,1,1,-1,1,1,1,1,-1,1,0.010086974129080772
-1,1,1,-1,1,1,-1,1,1,1,1,1,-1,0.008923731123407682
-1,1,1,-1,1,1,-1,1,1,1,1,1,1,0.009311768226325512
-1,1,1,-1,1,1,1,-1,-1,-1,-1,-1,-1,0.011484808288514614
-1,1,1,-1,1,1,1,-1,-1,-1,-1,-1,1,0.011959634721279144
-1,1,1,-1,1,1,1,-1,-1,-1,-1,1,-1,0.010519200935959816
-1,1,1,-1,1,1,1,-1,-1,-1,-1,1,1,0.011305365711450577
-1,1,1,-1,1,1,1,-1,-1,-1,1,-1,1,0.011521436584492525
-1,1,1,-1,1,1,1,-1,-1,-1,1,1,-1,0.009754628874361515
-1,1,1,-1,1,1,1,-1,-1,-1,1,1,1,0.010473047383129597
-1,1,1,-1,1,1,1,-1,-1,1,-1,-1,-1,0.0119273466989398
-1,1,1,-1,1,1,1,-1,-1,1,-1,1,-1,0.010995047632604837
-1,1,1,-1,1,1,1,-1,-1,1,-1,1,1,0.011439647525548935
-1,1,1,-1,1,1,1,-1,-1,1,1,-1,1,0.01150820745776097
-1,1,1,-1,1,1,1,-1,-1,1,1,1,1,0.010880577067534128
-1,1,1,-1,1,1,1,-1,1,-1,-1,-1,-1,0.010717032477259636
-1,1,1,-1,1,1,1,-1,1,-1,-1,-1,1,0.011128835380077362
-1,1,1,-1,1,1,1,-1,1,-1,-1,1,-1,0.009904524777084589
-1,1,1,-1,1,1,1,-1,1,-1,-1,1,1,0.010715395212173462
-1,1,1,-1,1,1,1,-1,1,-1,1,-1,-1,0.010064716450870037
-1,1,1,-1,1,1,1,-1,1,-1,1,-1,1,0.010368282906711102
-1,1,1,-1,1,1,1,-1,1,1,-1,-1,-1,0.010965525638312101
-1,1,1,-1,1,1,1,-1,1,1,-1,-1,1,0.011393219232559204
-1,1,1,-1,1,1,1,-1,1,1,-1,1,-1,0.010312861297279596
-1,1,1,-1,1,1,1,-1,1,1,-1,1,1,0.011008244939148426
-1,1,1,-1,1,1,1,-1,1,1,1,-1,1,0.010872907005250454
-1,1,1,-1,1,1,1,-1,1,1,1,1,-1,0.009650738288958868
-1,1,1,-1,1,1,1,-1,1,1,1,1,1,0.010247588157653809
-1,1,1,-1,1,1,1,1,-1,-1,-1,-1,-1,0.011070041917264462
-1,1,1,-1,1,1,1,1,-1,-1,-1,1,-1,0.010195176117122173
-1,1,1,-1,1,1,1,1,-1,-1,-1,1,1,0.010919347405433655
-1,1,1,-1,1,1,1,1,-1,-1,1,-1,-1,0.010324838571250439
-1,1,1,-1,1,1,1,1,-1,-1,1,-1,1,0.010984296910464764
-1,1,1,-1,1,1,1,1,-1,-1,1,1,-1,0.009737964253872633
-1,1,1,-1,1,1,1,1,-1,-1,1,1,1,0.010262835770845413
-1,1,1,-1,1,1,1,1,-1,1,-1,-1,1,0.011770465411245823
-1,1,1,-1,1,1,1,1,-1,1,-1,1,-1,0.010248549282550812
-1,1,1,-1,1,1,1,1,-1,1,1,-1,-1,0.010242393240332603
-1,1,1,-1,1,1,1,1,-1,1,1,-1,1,0.01121819531545043
-1,1,1,-1,1,1,1,1,-1,1,1,1,-1,0.010321369394659996
-1,1,1,-1,1,1,1,1,-1,1,1,1,1,0.010538576636463404
-1,1,1,-1,1,1,1,1,1,-1,-1,-1,-1,0.010296945460140705
-1,1,1,-1,1,1,1,1,1,-1,-1,-1,1,0.010776671580970287
-1,1,1,-1,1,1,1,1,1,-1,-1,1,-1,0.009454748593270779
-1,1,1,-1,1,1,1,1,1,-1,-1,1,1,0.009930009643236795
-1,1,1,-1,1,1,1,1,1,-1,1,-1,-1,0.009629266802221537
-1,1,1,-1,1,1,1,1,1,-1,1,-1,1,0.010065862443298101
-1,1,1,-1,1,1,1,1,1,-1,1,1,-1,0.008914903116722902
-1,1,1,-1,1,1,1,1,1,-1,1,1,1,0.009285731241106987
-1,1,1,-1,1,1,1,1,1,1,-1,1,-1,0.009771721748014292
-1,1,1,-1,1,1,1,1,1,1,-1,1,1,0.010246127222975096
-1,1,1,-1,1,1,1,1,1,1,1,-1,-1,0.010162861086428165
-1,1,1,-1,1,1,1,1,1,1,1,-1,1,0.010513065569102763
-1,1,1,-1,1,1,1,1,1,1,1,1,-1,0.009139996487647295
-1,1,1,-1,1,1,1,1,1,1,1,1,1,0.009632954839617014
-1,1,1,1,-1,-1,-1,-1,-1,-1,-1,-1,-1,0.010912608355283737
-1,1,1,1,-1,-1,-1,-1,-1,-1,-1,-1,1,0.011522631160914898
-1,1,1,1,-1,-1,-1,-1,-1,-1,-1,1,-1,0.010181437867383162
-1,1,1,1,-1,-1,-1,-1,-1,-1,-1,1,1,0.010642764624208212
-1,1,1,1,-1,-1,-1,-1,-1,-1,1,1,-1,0.009757740423083305
-1,1,1,1,-1,-1,-1,-1,-1,1,-1,-1,-1,0.011124737560749054
-1,1,1,1,-1,-1,-1,-1,-1,1,-1,-1,1,0.011368478648364544
-1,1,1,1,-1,-1,-1,-1,-1,1,-1,1,-1,0.010553568601608276
-1,1,1,1,-1,-1,-1,-1,-1,1,-1,1,1,0.011124277487397194
-1,1,1,1,-1,-1,-1,-1,-1,1,1,-1,1,0.011150423903018236
-1,1,1,1,-1,-1,-1,-1,-1,1,1,1,-1,0.010284974705427885
-1,1,1,1,-1,-1,-1,-1,-1,1,1,1,1,0.010482964105904102
-1,1,1,1,-1,-1,-1,-1,1,-1,-1,-1,-1,0.010504801757633686
-1,1,1,1,-1,-1,-1,-1,1,-1,-1,-1,1,0.010510139167308807
-1,1,1,1,-1,-1,-1,-1,1,-1,-1,1,-1,0.009559689555317163
-1,1,1,1,-1,-1,-1,-1,1,-1,-1,1,1,0.010190635919570923
-1,1,1,1,-1,-1,-1,-1,1,-1,1,-1,-1,0.009799674153327942
-1,1,1,1,-1,-1,-1,-1,1,-1,1,-1,1,0.009998073180516561
-1,1,1,1,-1,-1,-1,-1,1,1,-1,-1,-1,0.010709894821047783
-1,1,1,1,-1,-1,-1,-1,1,1,-1,-1,1,0.011184279341250658
-1,1,1,1,-1,-1,-1,-1,1,1,-1,1,1,0.010437989607453346
-1,1,1,1,-1,-1,-1,-1,1,1,1,1,-1,0.009041229262948036
-1,1,1,1,-1,-1,-1,1,-1,-1,-1,-1,-1,0.010431080590933561
-1,1,1,1,-1,-1,-1,1,-1,-1,-1,-1,1,0.011006085202097893
-1,1,1,1,-1,-1,-1,1,-1,-1,-1,1,-1,0.009673263877630234
-1,1,1,1,-1,-1,-1,1,-1,-1,-1,1,1,0.010228227823972702
-1,1,1,1,-1,-1,-1,1,-1,-1,1,-1,-1,0.009857605211436749
-1,1,1,1,-1,-1,-1,1,-1,-1,1,-1,1,0.010623668320477009
-1,1,1,1,-1,-1,-1,1,-1,-1,1,1,-1,0.009313993155956268
-1,1,1,1,-1,-1,-1,1,-1,-1,1,1,1,0.009995906613767147
-1,1,1,1,-1,-1,-1,1,-1,1,-1,-1,-1,0.010681440122425556
-1,1,1,1,-1,-1,-1,1,-1,1,-1,-1,1,0.011239973828196526
-1,1,1,1,-1,-1,-1,1,-1,1,-1,1,-1,0.010173825857539972
-1,1,1,1,-1,-1,-1,1,-1,1,-1,1,1,0.010610045865178108
-1,1,1,1,-1,-1,-1,1,-1,1,1,-1,-1,0.010257458314299583
-1,1,1,1,-1,-1,-1,1,-1,1,1,-1,1,0.010625392198562622
-1,1,1,1,-1,-1,-1,1,-1,1,1,1,-1,0.00992622785270214
-1,1,1,1,-1,-1,-1,1,1,-1,-1,-1,-1,0.009634093381464481
-1,1,1,1,-1,-1,-1,1,1,-1,-1,1,-1,0.009073150033752123
-1,1,1,1,-1,-1,-1,1,1,-1,1,-1,-1,0.009484995622187853
-1,1,1,1,-1,-1,-1,1,1,-1,1,-1,1,0.009928219951689243
-1,1,1,1,-1,-1,-1,1,1,1,-1,-1,-1,0.010276544218262037
-1,1,1,1,-1,-1,-1,1,1,1,-1,-1,1,0.01053049135953188
-1,1,1,1,-1,-1,-1,1,1,1,-1,1,-1,0.009386745591958364
-1,1,1,1,-1,-1,-1,1,1,1,-1,1,1,0.010140196420252323
-1,1,1,1,-1,-1,-1,1,1,1,1,1,-1,0.008854939602315426
-1,1,1,1,-1,-1,-1,1,1,1,1,1,1,0.00937491306103766
-1,1,1,1,-1,-1,1,-1,-1,-1,-1,-1,-1,0.011581741739064455
-1,1,1,1,-1,-1,1,-1,-1,-1,-1,1,-1,0.010395330376923084
-1,1,1,1,-1,-1,1,-1,-1,-1,-1,1,1,0.011226577684283257
-1,1,1,1,-1,-1,1,-1,-1,-1,1,-1,-1,0.010663097724318504
-1,1,1,1,-1,-1,1,-1,-1,-1,1,-1,1,0.01107126334682107
-1,1,1,1,-1,-1,1,-1,-1,-1,1,1,-1,0.010019584558904171
-1,1,1,1,-1,-1,1,-1,-1,-1,1,1,1,0.010478159412741661
-1,1,1,1,-1,-1,1,-1,-1,1,-1,-1,-1,0.01162282625834147
-1,1,1,1,-1,-1,1,-1,-1,1,-1,-1,1,0.012167918961495161
-1,1,1,1,-1,-1,1,-1,-1,1,-1,1,-1,0.010891336016356945
-1,1,1,1,-1,-1,1,-1,-1,1,1,-1,1,0.011585615575313568
-1,1,1,1,-1,-1,1,-1,-1,1,1,1,-1,0.010299976915121078
-1,1,1,1,-1,-1,1,-1,-1,1,1,1,1,0.011198100633919239
-1,1,1,1,-1,-1,1,-1,1,-1,-1,-1,-1,0.010740216355770826
-1,1,1,1,-1,-1,1,-1,1,-1,-1,-1,1,0.01113212900236249
-1,1,1,1,-1,-1,1,-1,1,-1,-1,1,-1,0.009639787022024393
-1,1,1,1,-1,-1,1,-1,1,-1,-1,1,1,0.010146873071789742
-1,1,1,1,-1,-1,1,-1,1,-1,1,-1,-1,0.009936097078025341
-1,1,1,1,-1,-1,1,-1,1,-1,1,-1,1,0.01041490025818348
-1,1,1,1,-1,-1,1,-1,1,-1,1,1,-1,0.009424659889191389
-1,1,1,1,-1,-1,1,-1,1,-1,1,1,1,0.00973150289307038
-1,1,1,1,-1,-1,1,-1,1,1,-1,-1,1,0.011318867560476065
-1,1,1,1,-1,-1,1,-1,1,1,-1,1,-1,0.0101355304941535
-1,1,1,1,-1,-1,1,-1,1,1,-1,1,1,0.010523408651351929
-1,1,1,1,-1,-1,1,-1,1,1,1,1,-1,0.009976203553378582
-1,1,1,1,-1,-1,1,1,-1,-1,-1,-1,-1,0.010865000076591969
-1,1,1,1,-1,-1,1,1,-1,-1,-1,-1,1,0.01124332845211029
-1,1,1,1,-1,-1,1,1,-1,-1,-1,1,-1,0.010073264129459858
-1,1,1,1,-1,-1,1,1,-1,-1,-1,1,1,0.010590356774628162
-1,1,1,1,-1,-1,1,1,-1,-1,1,-1,1,0.011025716550648212
-1,1,1,1,-1,-1,1,1,-1,-1,1,1,1,0.010047355201095343
-1,1,1,1,-1,-1,1,1,-1,1,-1,-1,-1,0.011033618357032537
-1,1,1,1,-1,-1,1,1,-1,1,-1,-1,1,0.011365900126596292
-1,1,1,1,-1,-1,1,1,-1,1,-1,1,-1,0.010404455475509167
-1,1,1,1,-1,-1,1,1,-1,1,1,-1,-1,0.010748941451311111
-1,1,1,1,-1,-1,1,1,-1,1,1,-1,1,0.010928386356681585
-1,1,1,1,-1,-1,1,1,-1,1,1,1,-1,0.009537729434669018
-1,1,1,1,-1,-1,1,1,1,-1,-1,-1,-1,0.0102988351136446
-1,1,1,1,-1,-1,1,1,1,-1,-1,-1,1,0.010910318233072758
-1,1,1,1,-1,-1,1,1,1,-1,-1,1,-1,0.009224912151694298
-1,1,1,1,-1,-1,1,1,1,-1,1,-1,-1,0.009210232645273209
-1,1,1,1,-1,-1,1,1,1,-1,1,-1,1,0.010064356029033661
-1,1,1,1,-1,-1,1,1,1,-1,1,1,-1,0.008867861237376928
-1,1,1,1,-1,-1,1,1,1,-1,1,1,1,0.00941917160525918
-1,1,1,1,-1,-1,1,1,1,1,-1,-1,1,0.010958908125758171
-1,1,1,1,-1,-1,1,1,1,1,-1,1,1,0.010178380645811558
-1,1,1,1,-1,-1,1,1,1,1,1,-1,-1,0.009768307519455751
-1,1,1,1,-1,-1,1,1,1,1,1,-1,1,0.010043772868812084
-1,1,1,1,-1,-1,1,1,1,1,1,1,-1,0.009216525591909885
-1,1,1,1,-1,1,-1,-1,-1,-1,-1,-1,1,0.010801577940583229
-1,1,1,1,-1,1,-1,-1,-1,-1,-1,1,-1,0.009952344931662083
-1,1,1,1,-1,1,-1,-1,-1,-1,1,-1,-1,0.00983630120754242
-1,1,1,1,-1,1,-1,-1,-1,-1,1,-1,1,0.010325531785686811
-1,1,1,1,-1,1,-1,-1,-1,-1,1,1,-1,0.008952789008617401
-1,1,1,1,-1,1,-1,-1,-1,-1,1,1,1,0.009845591150224209
-1,1,1,1,-1,1,-1,-1,-1,1,-1,-1,1,0.011032018810510635
-1,1,1,1,-1,1,-1,-1,-1,1,-1,1,-1,0.010181602090597153
-1,1,1,1,-1,1,-1,-1,-1,1,-1,1,1,0.010622112390895685
-1,1,1,1,-1,1,-1,-1,-1,1,1,-1,1,0.010868420358747244
-1,1,1,1,-1,1,-1,-1,-1,1,1,1,-1,0.009304096922278404
-1,1,1,1,-1,1,-1,-1,1,-1,-1,-1,1,0.01019104104489088
-1,1,1,1,-1,1,-1,-1,1,-1,-1,1,-1,0.008928212337195873
-1,1,1,1,-1,1,-1,-1,1,-1,-1,1,1,0.009637267328798771
-1,1,1,1,-1,1,-1,-1,1,-1,1,-1,-1,0.009287279099225998
-1,1,1,1,-1,1,-1,-1,1,-1,1,-1,1,0.009745168965309858
-1,1,1,1,-1,1,-1,-1,1,-1,1,1,1,0.009013003980120024
-1,1,1,1,-1,1,-1,-1,1,1,-1,-1,-1,0.010167867876589298
-1,1,1,1,-1,1,-1,-1,1,1,-1,-1,1,0.010634902864694595
-1,1,1,1,-1,1,-1,-1,1,1,-1,1,-1,0.009425700642168522
-1,1,1,1,-1,1,-1,-1,1,1,1,-1,-1,0.009457138134166598
-1,1,1,1,-1,1,-1,-1,1,1,1,-1,1,0.010052781086415052
-1,1,1,1,-1,1,-1,1,-1,-1,-1,-1,1,0.01045865099877119
-1,1,1,1,-1,1,-1,1,-1,-1,-1,1,-1,0.00899229571223259
-1,1,1,1,-1,1,-1,1,-1,-1,1,-1,-1,0.00940911564975977
-1,1,1,1,-1,1,-1,1,-1,-1,1,-1,1,0.009966821409761906
-1,1,1,1,-1,1,-1,1,-1,-1,1,1,-1,0.008335107006132603
-1,1,1,1,-1,1,-1,1,-1,1,1,-1,-1,0.009698069654405117
-1,1,1,1,-1,1,-1,1,-1,1,1,-1,1,0.009947769343852997
-1,1,1,1,-1,1,-1,1,-1,1,1,1,1,0.009426717646420002
-1,1,1,1,-1,1,-1,1,1,-1,-1,-1,-1,0.009365973062813282
-1,1,1,1,-1,1,-1,1,1,-1,-1,-1,1,0.009742327965795994
-1,1,1,1,-1,1,-1,1,1,-1,-1,1,1,0.009366112761199474
-1,1,1,1,-1,1,-1,1,1,-1,1,-1,-1,0.008479194715619087
-1,1,1,1,-1,1,-1,1,1,-1,1,-1,1,0.009172992780804634
-1,1,1,1,-1,1,-1,1,1,-1,1,1,-1,0.008027896285057068
-1,1,1,1,-1,1,-1,1,1,-1,1,1,1,0.008598305905858675
-1,1,1,1,-1,1,-1,1,1,1,-1,1,1,0.009086411446332932
-1,1,1,1,-1,1,-1,1,1,1,1,-1,1,0.009673824533820152
-1,1,1,1,-1,1,-1,1,1,1,1,1,1,0.00887791346758604
-1,1,1,1,-1,1,1,-1,-1,-1,-1,-1,-1,0.010791059272984663
-1,1,1,1,-1,1,1,-1,-1,-1,-1,1,1,0.010477276053279638
-1,1,1,1,-1,1,1,-1,-1,-1,1,-1,-1,0.01026850938796997
-1,1,1,1,-1,1,1,-1,-1,-1,1,-1,1,0.01077658450230956
-1,1,1,1,-1,1,1,-1,-1,-1,1,1,-1,0.009655959904193878
-1,1,1,1,-1,1,1,-1,-1,1,-1,-1,-1,0.011087963978449503
-1,1,1,1,-1,1,1,-1,-1,1,-1,-1,1,0.011487091891467571
-1,1,1,1,-1,1,1,-1,-1,1,1,-1,-1,0.010416950099170208
-1,1,1,1,-1,1,1,-1,-1,1,1,-1,1,0.01084595825523138
-1,1,1,1,-1,1,1,-1,-1,1,1,1,-1,0.009931154549121857
-1,1,1,1,-1,1,1,-1,-1,1,1,1,1,0.010273204185068607
-1,1,1,1,-1,1,1,-1,1,-1,-1,-1,-1,0.00998643816759189
-1,1,1,1,-1,1,1,-1,1,-1,1,-1,1,0.010215105954557657
-1,1,1,1,-1,1,1,-1,1,-1,1,1,1,0.009185662027448416
-1,1,1,1,-1,1,1,-1,1,1,-1,1,-1,0.00987414550036192
-1,1,1,1,-1,1,1,-1,1,1,-1,1,1,0.010290540754795074
-1,1,1,1,-1,1,1,-1,1,1,1,-1,-1,0.009777168743312359
-1,1,1,1,-1,1,1,-1,1,1,1,-1,1,0.010533217340707779
-1,1,1,1,-1,1,1,1,-1,-1,-1,-1,-1,0.01006860937923193
-1,1,1,1,-1,1,1,1,-1,-1,-1,1,-1,0.009487694129347801
-1,1,1,1,-1,1,1,1,-1,-1,-1,1,1,0.01020070631057024
-1,1,1,1,-1,1,1,1,-1,-1,1,-1,1,0.009968589060008526
-1,1,1,1,-1,1,1,1,-1,-1,1,1,1,0.0095339377100269
-1,1,1,1,-1,1,1,1,-1,1,1,1,-1,0.00922570719073216
-1,1,1,1,-1,1,1,1,-1,1,1,1,1,0.009800895117223263
-1,1,1,1,-1,1,1,1,1,-1,-1,-1,-1,0.009571983168522516
-1,1,1,1,-1,1,1,1,1,-1,-1,-1,1,0.010080765932798386
-1,1,1,1,-1,1,1,1,1,-1,-1,1,-1,0.009100817143917084
-1,1,1,1,-1,1,1,1,1,-1,-1,1,1,0.009221978485584259
-1,1,1,1,-1,1,1,1,1,-1,1,-1,1,0.009633065201342106
-1,1,1,1,-1,1,1,1,1,-1,1,1,-1,0.008330880664288998
-1,1,1,1,-1,1,1,1,1,-1,1,1,1,0.00885752122849226
-1,1,1,1,-1,1,1,1,1,1,-1,-1,-1,0.01001180661842227
-1,1,1,1,-1,1,1,1,1,1,-1,-1,1,0.010473663918673992
-1,1,1,1,-1,1,1,1,1,1,-1,1,-1,0.008945203386247158
-1,1,1,1,-1,1,1,1,1,1,-1,1,1,0.009896517731249332
-1,1,1,1,-1,1,1,1,1,1,1,-1,-1,0.008906008675694466
-1,1,1,1,-1,1,1,1,1,1,1,-1,1,0.009691303595900536
-1,1,1,1,-1,1,1,1,1,1,1,1,-1,0.008683981839567423
-1,1,1,1,-1,1,1,1,1,1,1,1,1,0.008936802856624126
-1,1,1,1,1,-1,-1,-1,-1,-1,-1,-1,1,0.011884511448442936
-1,1,1,1,1,-1,-1,-1,-1,-1,-1,1,-1,0.01093950867652893
-1,1,1,1,1,-1,-1,-1,-1,-1,-1,1,1,0.011207266710698605
-1,1,1,1,1,-1,-1,-1,-1,-1,1,-1,-1,0.010808694176375866
-1,1,1,1,1,-1,-1,-1,-1,-1,1,-1,1,0.0112304100766778
-1,1,1,1,1,-1,-1,-1,-1,-1,1,1,1,0.010595550760626793
-1,1,1,1,1,-1,-1,-1,-1,1,-1,-1,-1,0.01174559211358428
-1,1,1,1,1,-1,-1,-1,-1,1,-1,1,-1,0.011054588947445154
-1,1,1,1,1,-1,-1,-1,-1,1,-1,1,1,0.01176358200609684
-1,1,1,1,1,-1,-1,-1,-1,1,1,-1,-1,0.011152191087603569
-1,1,1,1,1,-1,-1,-1,-1,1,1,-1,1,0.012074239552021027
-1,1,1,1,1,-1,-1,-1,-1,1,1,1,1,0.011385939083993435
-1,1,1,1,1,-1,-1,-1,1,-1,-1,1,1,0.010508419945836067
-1,1,1,1,1,-1,-1,-1,1,-1,1,-1,-1,0.010209118016064167
-1,1,1,1,1,-1,-1,-1,1,-1,1,-1,1,0.01044126134365797
-1,1,1,1,1,-1,-1,-1,1,-1,1,1,1,0.009872821159660816
-1,1,1,1,1,-1,-1,-1,1,1,-1,-1,-1,0.011094555258750916
-1,1,1,1,1,-1,-1,-1,1,1,1,-1,1,0.010945062153041363
-1,1,1,1,1,-1,-1,-1,1,1,1,1,1,0.010338720865547657
-1,1,1,1,1,-1,-1,1,-1,-1,-1,-1,1,0.011588502675294876
-1,1,1,1,1,-1,-1,1,-1,-1,1,-1,-1,0.010386223904788494
-1,1,1,1,1,-1,-1,1,-1,-1,1,1,-1,0.009725385811179876
-1,1,1,1,1,-1,-1,1,-1,-1,1,1,1,0.01006248826161027
-1,1,1,1,1,-1,-1,1,-1,1,-1,-1,-1,0.011037771590054035
-1,1,1,1,1,-1,-1,1,-1,1,-1,-1,1,0.011798465624451637
-1,1,1,1,1,-1,-1,1,-1,1,-1,1,-1,0.010553674772381783
-1,1,1,1,1,-1,-1,1,-1,1,-1,1,1,0.011143327690660954
-1,1,1,1,1,-1,-1,1,-1,1,1,-1,1,0.011164936935529113
-1,1,1,1,1,-1,-1,1,-1,1,1,1,-1,0.010065873619168997
-1,1,1,1,1,-1,-1,1,-1,1,1,1,1,0.010334252379834652
-1,1,1,1,1,-1,-1,1,1,-1,-1,1,-1,0.009549364447593689
-1,1,1,1,1,-1,-1,1,1,-1,1,-1,-1,0.00956657831557095
-1,1,1,1,1,-1,-1,1,1,-1,1,-1,1,0.01006350697328647
-1,1,1,1,1,-1,-1,1,1,-1,1,1,-1,0.008897761503855387
-1,1,1,1,1,-1,-1,1,1,-1,1,1,1,0.009544429834932089
-1,1,1,1,1,-1,-1,1,1,1,-1,-1,-1,0.010717790573835373
-1,1,1,1,1,-1,-1,1,1,1,-1,-1,1,0.011029908433556557
-1,1,1,1,1,-1,-1,1,1,1,-1,1,-1,0.009701544418931007
-1,1,1,1,1,-1,-1,1,1,1,-1,1,1,0.010424608364701271
-1,1,1,1,1,-1,-1,1,1,1,1,-1,-1,0.009898675605654716
-1,1,1,1,1,-1,-1,1,1,1,1,-1,1,0.010430492460727692
-1,1,1,1,1,-1,1,-1,-1,-1,-1,-1,-1,0.011662876854340235
-1,1,1,1,1,-1,1,-1,-1,-1,-1,-1,1,0.012059193104505539
-1,1,1,1,1,-1,1,-1,-1,-1,-1,1,1,0.011449133977293968
-1,1,1,1,1,-1,1,-1,-1,-1,1,-1,-1,0.011058541014790535
-1,1,1,1,1,-1,1,-1,-1,1,-1,-1,-1,0.01203459408134222
-1,1,1,1,1,-1,1,-1,-1,1,-1,-1,1,0.012506690341979265
-1,1,1,1,1,-1,1,-1,-1,1,1,-1,1,0.012044516392052174
-1,1,1,1,1,-1,1,-1,-1,1,1,1,-1,0.010883641429245472
-1,1,1,1,1,-1,1,-1,-1,1,1,1,1,0.011432405095547438
-1,1,1,1,1,-1,1,-1,1,-1,-1,-1,-1,0.010670601390302181
-1,1,1,1,1,-1,1,-1,1,-1,-1,-1,1,0.01153097115457058
-1,1,1,1,1,-1,1,-1,1,-1,-1,1,-1,0.010454689152538776
-1,1,1,1,1,-1,1,-1,1,-1,-1,1,1,0.01079218229278922
-1,1,1,1,1,-1,1,-1,1,-1,1,-1,-1,0.010528303682804108
-1,1,1,1,1,-1,1,-1,1,-1,1,-1,1,0.010968998074531555
-1,1,1,1,1,-1,1,-1,1,-1,1,1,-1,0.009640330914407969
-1,1,1,1,1,-1,1,-1,1,-1,1,1,1,0.010168920271098614
-1,1,1,1,1,-1,1,-1,1,1,-1,-1,-1,0.011319904122501612
-1,1,1,1,1,-1,1,-1,1,1,-1,-1,1,0.011870033107697964
-1,1,1,1,1,-1,1,-1,1,1,-1,1,-1,0.010768244042992592
-1,1,1,1,1,-1,1,-1,1,1,-1,1,1,0.010935910046100616
-1,1,1,1,1,-1,1,-1,1,1,1,-1,1,0.011336695868521929
-1,1,1,1,1,-1,1,1,-1,-1,-1,1,1,0.01092723198235035
-1,1,1,1,1,-1,1,1,-1,-1,1,-1,-1,0.010551555547863245
-1,1,1,1,1,-1,1,1,-1,-1,1,-1,1,0.011106927879154682
-1,1,1,1,1,-1,1,1,-1,-1,1,1,-1,0.009948489256203175
-1,1,1,1,1,-1,1,1,-1,-1,1,1,1,0.010597149841487408
-1,1,1,1,1,-1,1,1,-1,1,-1,-1,1,0.012107489630579948
-1,1,1,1,1,-1,1,1,-1,1,-1,1,-1,0.011018805205821991
-1,1,1,1,1,-1,1,1,-1,1,-1,1,1,0.011247922666370869
-1,1,1,1,1,-1,1,1,-1,1,1,-1,1,0.011418257839977741
-1,1,1,1,1,-1,1,1,-1,1,1,1,-1,0.010218991432338953
-1,1,1,1,1,-1,1,1,1,-1,-1,-1,-1,0.01018967293202877
-1,1,1,1,1,-1,1,1,1,-1,-1,-1,1,0.011219104751944542
-1,1,1,1,1,-1,1,1,1,-1,-1,1,1,0.010469464585185051
-1,1,1,1,1,-1,1,1,1,-1,1,1,-1,0.009259220523138842
-1,1,1,1,1,-1,1,1,1,1,-1,-1,-1,0.01077610463835299
-1,1,1,1,1,-1,1,1,1,1,-1,1,-1,0.010125882923603058
-1,1,1,1,1,-1,1,1,1,1,1,-1,-1,0.010094994679093361
-1,1,1,1,1,-1,1,1,1,1,1,1,-1,0.009737737476825714
-1,1,1,1,1,-1,1,1,1,1,1,1,1,0.00993873830884695
-1,1,1,1,1,1,-1,-1,-1,-1,-1,-1,1,0.011436556776364645
-1,1,1,1,1,1,-1,-1,-1,-1,-1,1,-1,0.010260571725666523
-1,1,1,1,1,1,-1,-1,-1,-1,1,-1,-1,0.010295853018760681
-1,1,1,1,1,1,-1,-1,-1,-1,1,-1,1,0.010856465436518192
-1,1,1,1,1,1,-1,-1,-1,-1,1,1,-1,0.00964254979044199
-1,1,1,1,1,1,-1,-1,-1,-1,1,1,1,0.009876156225800514
-1,1,1,1,1,1,-1,-1,-1,1,-1,-1,-1,0.010830492712557316
-1,1,1,1,1,1,-1,-1,-1,1,-1,1,-1,0.010618600063025951
-1,1,1,1,1,1,-1,-1,-1,1,-1,1,1,0.0111494236625731
-1,1,1,1,1,1,-1,-1,-1,1,1,-1,1,0.011207505129277706
-1,1,1,1,1,1,-1,-1,-1,1,1,1,-1,0.010098288767039776
-1,1,1,1,1,1,-1,-1,1,-1,-1,-1,1,0.010695552686229348
-1,1,1,1,1,1,-1,-1,1,-1,-1,1,-1,0.009508402397235235
-1,1,1,1,1,1,-1,-1,1,-1,-1,1,1,0.010114915668964386
-1,1,1,1,1,1,-1,-1,1,-1,1,-1,-1,0.009532587137073278
-1,1,1,1,1,1,-1,-1,1,-1,1,1,1,0.009585791267454624
-1,1,1,1,1,1,-1,-1,1,1,-1,-1,-1,0.010377708822488785
-1,1,1,1,1,1,-1,-1,1,1,-1,1,-1,0.00965624675154686
-1,1,1,1,1,1,-1,-1,1,1,1,-1,1,0.0106088537722826
-1,1,1,1,1,1,-1,-1,1,1,1,1,-1,0.009446483105421066
-1,1,1,1,1,1,-1,1,-1,-1,-1,-1,-1,0.010268236044794321
-1,1,1,1,1,1,-1,1,-1,-1,-1,-1,1,0.010773277841508389
-1,1,1,1,1,1,-1,1,-1,-1,1,1,-1,0.009166928939521313
-1,1,1,1,1,1,-1,1,-1,-1,1,1,1,0.009579131379723549
-1,1,1,1,1,1,-1,1,-1,1,-1,-1,-1,0.010945061687380075
-1,1,1,1,1,1,-1,1,-1,1,1,-1,-1,0.009939348790794611
-1,1,1,1,1,1,-1,1,-1,1,1,-1,1,0.010647691320627928
-1,1,1,1,1,1,-1,1,1,-1,-1,-1,-1,0.009631344427665075
-1,1,1,1,1,1,-1,1,1,-1,-1,-1,1,0.010144403204321861
-1,1,1,1,1,1,-1,1,1,-1,1,1,-1,0.008347860227028528
-1,1,1,1,1,1,-1,1,1,1,-1,-1,-1,0.01002554502338171
-1,1,1,1,1,1,-1,1,1,1,-1,-1,1,0.010719014331698418
-1,1,1,1,1,1,-1,1,1,1,-1,1,-1,0.009055250324308872
-1,1,1,1,1,1,-1,1,1,1,-1,1,1,0.00939197838306427
-1,1,1,1,1,1,-1,1,1,1,1,-1,-1,0.009397050365805626
-1,1,1,1,1,1,-1,1,1,1,1,1,-1,0.008886616677045822
-1,1,1,1,1,1,-1,1,1,1,1,1,1,0.009340151833991209
-1,1,1,1,1,1,1,-1,-1,-1,-1,-1,-1,0.011377444490790367
-1,1,1,1,1,1,1,-1,-1,-1,-1,-1,1,0.01183016924187541
-1,1,1,1,1,1,1,-1,-1,-1,-1,1,-1,0.010540997609496117
-1,1,1,1,1,1,1,-1,-1,-1,-1,1,1,0.011002881918102503
-1,1,1,1,1,1,1,-1,-1,-1,1,1,-1,0.010154043324291706
-1,1,1,1,1,1,1,-1,-1,-1,1,1,1,0.010354731231927872
-1,1,1,1,1,1,1,-1,-1,1,-1,-1,-1,0.011615248396992683
-1,1,1,1,1,1,1,-1,-1,1,-1,-1,1,0.012251559179276228
-1,1,1,1,1,1,1,-1,-1,1,-1,1,1,0.011197978630661964
-1,1,1,1,1,1,1,-1,-1,1,1,-1,-1,0.010820149909704924
-1,1,1,1,1,1,1,-1,-1,1,1,-1,1,0.011158888228237629
-1,1,1,1,1,1,1,-1,-1,1,1,1,-1,0.0104396753013134
-1,1,1,1,1,1,1,-1,-1,1,1,1,1,0.010836020422478517
-1,1,1,1,1,1,1,-1,1,-1,-1,-1,-1,0.010649570263922215
-1,1,1,1,1,1,1,-1,1,-1,-1,-1,1,0.011097539216279984
-1,1,1,1,1,1,1,-1,1,-1,-1,1,1,0.010178675409406424
-1,1,1,1,1,1,1,-1,1,-1,1,-1,1,0.010354995261877775
-1,1,1,1,1,1,1,-1,1,-1,1,1,1,0.009608229622244835
-1,1,1,1,1,1,1,-1,1,1,-1,-1,-1,0.01074361801147461
-1,1,1,1,1,1,1,-1,1,1,-1,1,-1,0.01005172822624445
-1,1,1,1,1,1,1,-1,1,1,-1,1,1,0.010685308836400509
-1,1,1,1,1,1,1,-1,1,1,1,-1,-1,0.010290710255503654
-1,1,1,1,1,1,1,-1,1,1,1,-1,1,0.010816885391250253
-1,1,1,1,1,1,1,-1,1,1,1,1,1,0.010179177857935429
-1,1,1,1,1,1,1,1,-1,-1,-1,-1,-1,0.010804861783981323
-1,1,1,1,1,1,1,1,-1,-1,-1,1,-1,0.010369466617703438
-1,1,1,1,1,1,1,1,-1,-1,1,-1,1,0.010609217919409275
-1,1,1,1,1,1,1,1,-1,-1,1,1,-1,0.009728877805173397
-1,1,1,1,1,1,1,1,-1,1,-1,-1,-1,0.011018774472177029
-1,1,1,1,1,1,1,1,-1,1,-1,1,1,0.011078711599111557
-1,1,1,1,1,1,1,1,-1,1,1,-1,1,0.010557891800999641
-1,1,1,1,1,1,1,1,-1,1,1,1,1,0.010226661339402199
-1,1,1,1,1,1,1,1,1,-1,-1,-1,-1,0.010123253799974918
-1,1,1,1,1,1,1,1,1,-1,-1,-1,1,0.010560187045484781
-1,1,1,1,1,1,1,1,1,-1,-1,1,-1,0.009164913557469845
-1,1,1,1,1,1,1,1,1,-1,-1,1,1,0.009786991402506828
-1,1,1,1,1,1,1,1,1,-1,1,1,-1,0.00880640558898449
-1,1,1,1,1,1,1,1,1,-1,1,1,1,0.009025710169225931
-1,1,1,1,1,1,1,1,1,1,-1,-1,-1,0.010391327552497387
-1,1,1,1,1,1,1,1,1,1,-1,1,-1,0.009538778569549322
-1,1,1,1,1,1,1,1,1,1,-1,1,1,0.010191255869964758
-1,1,1,1,1,1,1,1,1,1,1,1,1,0.009459775406867266
1,-1,-1,-1,-1,-1,-1,-1,-1,-1,-1,-1,-1,0.011576615273952484
1,-1,-1,-1,-1,-1,-1,-1,-1,-1,-1,-1,1,0.011842550709843636
1,-1,-1,-1,-1,-1,-1,-1,-1,-1,-1,1,-1,0.010855153203010559
1,-1,-1,-1,-1,-1,-1,-1,-1,-1,1,-1,1,0.011191661469638348
1,-1,-1,-1,-1,-1,-1,-1,-1,-1,1,1,1,0.010524283163249493
1,-1,-1,-1,-1,-1,-1,-1,-1,1,-1,-1,1,0.012247602455317974
1,-1,-1,-1,-1,-1,-1,-1,-1,1,-1,1,-1,0.010991099290549755
1,-1,-1,-1,-1,-1,-1,-1,-1,1,-1,1,1,0.01150552462786436
1,-1,-1,-1,-1,-1,-1,-1,-1,1,1,-1,-1,0.011249217204749584
1,-1,-1,-1,-1,-1,-1,-1,-1,1,1,-1,1,0.011823310516774654
1,-1,-1,-1,-1,-1,-1,-1,-1,1,1,1,1,0.010869805701076984
1,-1,-1,-1,-1,-1,-1,-1,1,-1,-1,-1,-1,0.01070671109482646
1,-1,-1,-1,-1,-1,-1,-1,1,-1,-1,-1,1,0.01123362531264623
1,-1,-1,-1,-1,-1,-1,-1,1,-1,-1,1,-1,0.010029672334591547
1,-1,-1,-1,-1,-1,-1,-1,1,-1,1,1,1,0.009895086288452148
1,-1,-1,-1,-1,-1,-1,-1,1,1,-1,-1,-1,0.011171449907124043
1,-1,-1,-1,-1,-1,-1,-1,1,1,-1,-1,1,0.011503586545586586
1,-1,-1,-1,-1,-1,-1,-1,1,1,-1,1,-1,0.010398271027952433
1,-1,-1,-1,-1,-1,-1,-1,1,1,-1,1,1,0.010517282411456108
1,-1,-1,-1,-1,-1,-1,-1,1,1,1,-1,-1,0.010824950411915779
1,-1,-1,-1,-1,-1,-1,-1,1,1,1,-1,1,0.011328250169754028
1,-1,-1,-1,-1,-1,-1,-1,1,1,1,1,-1,0.010147002525627613
1,-1,-1,-1,-1,-1,-1,1,-1,-1,-1,-1,-1,0.010651820339262486
1,-1,-1,-1,-1,-1,-1,1,-1,-1,-1,1,-1,0.010071628727018833
1,-1,-1,-1,-1,-1,-1,1,-1,-1,-1,1,1,0.010607882402837276
1,-1,-1,-1,-1,-1,-1,1,-1,-1,1,-1,-1,0.010427800938487053
1,-1,-1,-1,-1,-1,-1,1,-1,-1,1,-1,1,0.01066145347431302
1,-1,-1,-1,-1,-1,-1,1,-1,-1,1,1,-1,0.009390247675279776
1,-1,-1,-1,-1,-1,-1,1,-1,-1,1,1,1,0.010464823804795742
1,-1,-1,-1,-1,-1,-1,1,-1,1,-1,-1,-1,0.011198972351849079
1,-1,-1,-1,-1,-1,-1,1,-1,1,-1,1,-1,0.010418136604130268
1,-1,-1,-1,-1,-1,-1,1,-1,1,-1,1,1,0.010850123129785061
1,-1,-1,-1,-1,-1,-1,1,-1,1,1,-1,-1,0.011050283908843994
1,-1,-1,-1,-1,-1,-1,1,-1,1,1,-1,1,0.011001425795257092
1,-1,-1,-1,-1,-1,-1,1,-1,1,1,1,-1,0.010030817240476608
1,-1,-1,-1,-1,-1,-1,1,-1,1,1,1,1,0.010504299774765968
1,-1,-1,-1,-1,-1,-1,1,1,-1,-1,-1,-1,0.010162449441850185
1,-1,-1,-1,-1,-1,-1,1,1,-1,-1,-1,1,0.01069292239844799
1,-1,-1,-1,-1,-1,-1,1,1,-1,-1,1,1,0.009961759205907583
1,-1,-1,-1,-1,-1,-1,1,1,-1,1,-1,1,0.010040466208010912
1,-1,-1,-1,-1,-1,-1,1,1,-1,1,1,-1,0.008881818503141403
1,-1,-1,-1,-1,-1,-1,1,1,-1,1,1,1,0.009449096396565437
1,-1,-1,-1,-1,-1,-1,1,1,1,-1,-1,-1,0.010610855184495449
1,-1,-1,-1,-1,-1,-1,1,1,1,-1,-1,1,0.011052477173507214
1,-1,-1,-1,-1,-1,-1,1,1,1,-1,1,1,0.00997015368193388
1,-1,-1,-1,-1,-1,-1,1,1,1,1,-1,-1,0.009862292557954788
1,-1,-1,-1,-1,-1,-1,1,1,1,1,1,-1,0.009087138809263706
1,-1,-1,-1,-1,-1,-1,1,1,1,1,1,1,0.009736358188092709
1,-1,-1,-1,-1,-1,1,-1,-1,-1,-1,-1,-1,0.011678420628110567
1,-1,-1,-1,-1,-1,1,-1,-1,-1,-1,1,-1,0.011250530369579792
1,-1,-1,-1,-1,-1,1,-1,-1,-1,-1,1,1,0.011531433556228876
1,-1,-1,-1,-1,-1,1,-1,-1,-1,1,-1,-1,0.011070012425382933
1,-1,-1,-1,-1,-1,1,-1,-1,-1,1,1,-1,0.010509206913411617
1,-1,-1,-1,-1,-1,1,-1,-1,-1,1,1,1,0.011046569794416428
1,-1,-1,-1,-1,-1,1,-1,-1,1,-1,-1,-1,0.011961828917264938
1,-1,-1,-1,-1,-1,1,-1,-1,1,-1,1,1,0.011830843519419432
1,-1,-1,-1,-1,-1,1,-1,-1,1,1,1,-1,0.010881097055971622
1,-1,-1,-1,-1,-1,1,-1,-1,1,1,1,1,0.011081156320869923
1,-1,-1,-1,-1,-1,1,-1,1,-1,-1,1,1,0.010863947682082653
1,-1,-1,-1,-1,-1,1,-1,1,-1,1,-1,-1,0.010493094567209482
1,-1,-1,-1,-1,-1,1,-1,1,-1,1,-1,1,0.011045068502426147
1,-1,-1,-1,-1,-1,1,-1,1,-1,1,1,1,0.010056103579699993
1,-1,-1,-1,-1,-1,1,-1,1,1,-1,-1,-1,0.011297409422695637
1,-1,-1,-1,-1,-1,1,-1,1,1,-1,-1,1,0.012123871594667435
1,-1,-1,-1,-1,-1,1,-1,1,1,-1,1,-1,0.01055468013510108
1,-1,-1,-1,-1,-1,1,-1,1,1,-1,1,1,0.010908978525549173
1,-1,-1,-1,-1,-1,1,-1,1,1,1,-1,-1,0.01059792935848236
1,-1,-1,-1,-1,-1,1,-1,1,1,1,-1,1,0.011101230047643185
1,-1,-1,-1,-1,-1,1,-1,1,1,1,1,-1,0.010191519744694233
1,-1,-1,-1,-1,-1,1,1,-1,-1,-1,1,-1,0.010267271660268307
1,-1,-1,-1,-1,-1,1,1,-1,-1,1,-1,1,0.011224347166717052
1,-1,-1,-1,-1,-1,1,1,-1,-1,1,1,-1,0.009817847050726414
1,-1,-1,-1,-1,-1,1,1,-1,1,-1,-1,-1,0.011547049507498741
1,-1,-1,-1,-1,-1,1,1,-1,1,-1,1,-1,0.010493920184671879
1,-1,-1,-1,-1,-1,1,1,-1,1,-1,1,1,0.011285549650589624
1,-1,-1,-1,-1,-1,1,1,-1,1,1,-1,-1,0.010856198146939278
1,-1,-1,-1,-1,-1,1,1,-1,1,1,-1,1,0.011444292031228542
1,-1,-1,-1,-1,-1,1,1,-1,1,1,1,-1,0.010179894355436167
1,-1,-1,-1,-1,-1,1,1,-1,1,1,1,1,0.01064335834234953
1,-1,-1,-1,-1,-1,1,1,1,-1,-1,-1,-1,0.010659515857696533
1,-1,-1,-1,-1,-1,1,1,1,-1,-1,-1,1,0.011047394014894962
1,-1,-1,-1,-1,-1,1,1,1,-1,-1,1,-1,0.009907865431159735
1,-1,-1,-1,-1,-1,1,1,1,-1,-1,1,1,0.010268068251510462
1,-1,-1,-1,-1,-1,1,1,1,-1,1,-1,1,0.010249659419059753
1,-1,-1,-1,-1,-1,1,1,1,-1,1,1,1,0.009427949786186218
1,-1,-1,-1,-1,-1,1,1,1,1,-1,-1,-1,0.010881572961807251
1,-1,-1,-1,-1,-1,1,1,1,1,-1,-1,1,0.011567938607186079
1,-1,-1,-1,-1,-1,1,1,1,1,-1,1,-1,0.0098580876365304
1,-1,-1,-1,-1,-1,1,1,1,1,-1,1,1,0.010673201642930508
1,-1,-1,-1,-1,-1,1,1,1,1,1,-1,1,0.010970907285809517
1,-1,-1,-1,-1,-1,1,1,1,1,1,1,1,0.010164044797420502
1,-1,-1,-1,-1,1,-1,-1,-1,-1,-1,1,1,0.01091461069881916
1,-1,-1,-1,-1,1,-1,-1,-1,-1,1,-1,-1,0.010268089361488819
1,-1,-1,-1,-1,1,-1,-1,-1,-1,1,-1,1,0.010829021222889423
1,-1,-1,-1,-1,1,-1,-1,-1,-1,1,1,1,0.01003438257612288
1,-1,-1,-1,-1,1,-1,-1,-1,1,-1,-1,-1,0.011023539118468761
1,-1,-1,-1,-1,1,-1,-1,-1,1,-1,1,-1,0.010476584546267986
1,-1,-1,-1,-1,1,-1,-1,-1,1,1,-1,-1,0.01077990047633648
1,-1,-1,-1,-1,1,-1,-1,-1,1,1,-1,1,0.011159887537360191
1,-1,-1,-1,-1,1,-1,-1,1,-1,-1,-1,1,0.010464870370924473
1,-1,-1,-1,-1,1,-1,-1,1,-1,-1,1,-1,0.00940230442211032
1,-1,-1,-1,-1,1,-1,-1,1,-1,-1,1,1,0.010043828748166561
1,-1,-1,-1,-1,1,-1,-1,1,-1,1,1,-1,0.008616081438958645
1,-1,-1,-1,-1,1,-1,-1,1,-1,1,1,1,0.009295213501900434
1,-1,-1,-1,-1,1,-1,-1,1,1,-1,-1,-1,0.01066675161321958
1,-1,-1,-1,-1,1,-1,-1,1,1,-1,1,-1,0.010001891292631626
1,-1,-1,-1,-1,1,-1,-1,1,1,1,-1,-1,0.009970892841617266
1,-1,-1,-1,-1,1,-1,-1,1,1,1,-1,1,0.010396710969507695
1,-1,-1,-1,-1,1,-1,-1,1,1,1,1,-1,0.009215546771883965
1,-1,-1,-1,-1,1,-1,1,-1,-1,-1,-1,-1,0.010223858058452606
1,-1,-1,-1,-1,1,-1,1,-1,-1,-1,-1,1,0.010750687215477228
1,-1,-1,-1,-1,1,-1,1,-1,-1,-1,1,-1,0.009778812993317842
1,-1,-1,-1,-1,1,-1,1,-1,-1,-1,1,1,0.010172944515943527
1,-1,-1,-1,-1,1,-1,1,-1,-1,1,-1,-1,0.009869882138445973
1,-1,-1,-1,-1,1,-1,1,-1,-1,1,-1,1,0.010514041408896446
1,-1,-1,-1,-1,1,-1,1,-1,-1,1,1,-1,0.009156571701169014
1,-1,-1,-1,-1,1,-1,1,-1,-1,1,1,1,0.009743331000208855
1,-1,-1,-1,-1,1,-1,1,-1,1,-1,-1,-1,0.010467354208230972
1,-1,-1,-1,-1,1,-1,1,-1,1,-1,-1,1,0.011198724620044231
1,-1,-1,-1,-1,1,-1,1,-1,1,-1,1,-1,0.010125191882252693
1,-1,-1,-1,-1,1,-1,1,-1,1,1,1,-1,0.009465769398957491
1,-1,-1,-1,-1,1,-1,1,-1,1,1,1,1,0.009996565990149975
1,-1,-1,-1,-1,1,-1,1,1,-1,-1,-1,-1,0.009430794045329094
1,-1,-1,-1,-1,1,-1,1,1,-1,-1,-1,1,0.010042154230177402
1,-1,-1,-1,-1,1,-1,1,1,-1,-1,1,-1,0.009098833426833153
1,-1,-1,-1,-1,1,-1,1,1,-1,-1,1,1,0.009536887053400278
1,-1,-1,-1,-1,1,-1,1,1,-1,1,-1,-1,0.009074669796973467
1,-1,-1,-1,-1,1,-1,1,1,-1,1,-1,1,0.009608748368918896
1,-1,-1,-1,-1,1,-1,1,1,-1,1,1,-1,0.008428242988884449
1,-1,-1,-1,-1,1,-1,1,1,-1,1,1,1,0.009140211157500744
1,-1,-1,-1,-1,1,-1,1,1,1,-1,-1,-1,0.009824015200138092
1,-1,-1,-1,-1,1,-1,1,1,1,-1,-1,1,0.010351240634918213
1,-1,-1,-1,-1,1,-1,1,1,1,-1,1,-1,0.009380527772009373
1,-1,-1,-1,-1,1,-1,1,1,1,-1,1,1,0.009879906040926775
1,-1,-1,-1,-1,1,-1,1,1,1,1,-1,-1,0.009395076893270016
1,-1,-1,-1,-1,1,-1,1,1,1,1,-1,1,0.00992162711918354
1,-1,-1,-1,-1,1,-1,1,1,1,1,1,-1,0.008846874348819256
1,-1,-1,-1,-1,1,-1,1,1,1,1,1,1,0.009101894684135914
1,-1,-1,-1,-1,1,1,-1,-1,-1,-1,-1,-1,0.010955413337796926
1,-1,-1,-1,-1,1,1,-1,-1,-1,-1,-1,1,0.011604266551633676
1,-1,-1,-1,-1,1,1,-1,-1,-1,1,-1,1,0.011075362097471952
1,-1,-1,-1,-1,1,1,-1,-1,-1,1,1,-1,0.009968089560667673
1,-1,-1,-1,-1,1,1,-1,-1,-1,1,1,1,0.010364504531025887
1,-1,-1,-1,-1,1,1,-1,-1,1,-1,-1,-1,0.011368132662028074
1,-1,-1,-1,-1,1,1,-1,-1,1,-1,-1,1,0.01181767974048853
1,-1,-1,-1,-1,1,1,-1,-1,1,-1,1,1,0.01124528143554926
1,-1,-1,-1,-1,1,1,-1,-1,1,1,-1,-1,0.010861568385735154
1,-1,-1,-1,-1,1,1,-1,-1,1,1,-1,1,0.011523660738021135
1,-1,-1,-1,-1,1,1,-1,-1,1,1,1,-1,0.010405270382761955
1,-1,-1,-1,-1,1,1,-1,1,-1,-1,-1,-1,0.010373629163950682
1,-1,-1,-1,-1,1,1,-1,1,-1,-1,-1,1,0.011063915444537997
1,-1,-1,-1,-1,1,1,-1,1,-1,-1,1,1,0.010483534075319767
1,-1,-1,-1,-1,1,1,-1,1,-1,1,-1,-1,0.010201679542660713
1,-1,-1,-1,-1,1,1,-1,1,-1,1,-1,1,0.010355109659334024
1,-1,-1,-1,-1,1,1,-1,1,1,-1,-1,-1,0.010583472438156605
1,-1,-1,-1,-1,1,1,-1,1,1,-1,-1,1,0.01146657345816493
1,-1,-1,-1,-1,1,1,-1,1,1,-1,1,1,0.010987585410475731
1,-1,-1,-1,-1,1,1,-1,1,1,1,1,-1,0.009410533588379622
1,-1,-1,-1,-1,1,1,-1,1,1,1,1,1,0.009795151650905609
1,-1,-1,-1,-1,1,1,1,-1,-1,-1,-1,1,0.010944562032818794
1,-1,-1,-1,-1,1,1,1,-1,-1,-1,1,-1,0.010079131461679935
1,-1,-1,-1,-1,1,1,1,-1,-1,-1,1,1,0.010314720682799816
1,-1,-1,-1,-1,1,1,1,-1,-1,1,-1,-1,0.010093498975038528
1,-1,-1,-1,-1,1,1,1,-1,-1,1,-1,1,0.010789254680275917
1,-1,-1,-1,-1,1,1,1,-1,1,-1,-1,1,0.01161016896367073
1,-1,-1,-1,-1,1,1,1,-1,1,-1,1,-1,0.010173389688134193
1,-1,-1,-1,-1,1,1,1,-1,1,-1,1,1,0.010931477881968021
1,-1,-1,-1,-1,1,1,1,-1,1,1,-1,1,0.010885003954172134
1,-1,-1,-1,-1,1,1,1,-1,1,1,1,-1,0.009339021518826485
1,-1,-1,-1,-1,1,1,1,1,-1,-1,-1,1,0.010444115847349167
1,-1,-1,-1,-1,1,1,1,1,-1,-1,1,-1,0.009163400158286095
1,-1,-1,-1,-1,1,1,1,1,-1,-1,1,1,0.009694688022136688
1,-1,-1,-1,-1,1,1,1,1,-1,1,-1,-1,0.009328561834990978
1,-1,-1,-1,-1,1,1,1,1,-1,1,-1,1,0.009585253894329071
1,-1,-1,-1,-1,1,1,1,1,-1,1,1,-1,0.009096832945942879
1,-1,-1,-1,-1,1,1,1,1,1,-1,-1,-1,0.010397881269454956
1,-1,-1,-1,-1,1,1,1,1,1,-1,-1,1,0.01077229343354702
1,-1,-1,-1,-1,1,1,1,1,1,-1,1,-1,0.010024061426520348
1,-1,-1,-1,-1,1,1,1,1,1,-1,1,1,0.010237101775904497
1,-1,-1,-1,-1,1,1,1,1,1,1,-1,-1,0.009917919058352709
1,-1,-1,-1,-1,1,1,1,1,1,1,-1,1,0.01018329244107008
1,-1,-1,-1,-1,1,1,1,1,1,1,1,-1,0.009049989903966585
1,-1,-1,-1,-1,1,1,1,1,1,1,1,1,0.009405259974300861
1,-1,-1,-1,1,-1,-1,-1,-1,-1,-1,-1,-1,0.012068210169672966
1,-1,-1,-1,1,-1,-1,-1,-1,-1,1,-1,-1,0.011378658935427666
1,-1,-1,-1,1,-1,-1,-1,-1,-1,1,-1,1,0.011741764843463898
1,-1,-1,-1,1,-1,-1,-1,-1,-1,1,1,-1,0.010571120772510767
1,-1,-1,-1,1,-1,-1,-1,-1,-1,1,1,1,0.011031732894480228
1,-1,-1,-1,1,-1,-1,-1,-1,1,-1,-1,1,0.012772861402481794
1,-1,-1,-1,1,-1,-1,-1,-1,1,-1,1,-1,0.011330694891512394
1,-1,-1,-1,1,-1,-1,-1,-1,1,-1,1,1,0.012138376012444496
1,-1,-1,-1,1,-1,-1,-1,-1,1,1,-1,1,0.012159899808466434
1,-1,-1,-1,1,-1,-1,-1,-1,1,1,1,-1,0.010950003750622272
1,-1,-1,-1,1,-1,-1,-1,1,-1,-1,-1,1,0.011491806246340275
1,-1,-1,-1,1,-1,-1,-1,1,-1,-1,1,1,0.01111242144058148
1,-1,-1,-1,1,-1,-1,-1,1,-1,1,-1,-1,0.010331440716981888
1,-1,-1,-1,1,-1,-1,-1,1,-1,1,-1,1,0.011191350873559713
1,-1,-1,-1,1,-1,-1,-1,1,-1,1,1,-1,0.009934372268617153
1,-1,-1,-1,1,-1,-1,-1,1,1,-1,1,1,0.011302396655082703
1,-1,-1,-1,1,-1,-1,-1,1,1,1,-1,-1,0.010890140198171139
1,-1,-1,-1,1,-1,-1,-1,1,1,1,-1,1,0.011489251628518105
1,-1,-1,-1,1,-1,-1,-1,1,1,1,1,-1,0.010271851904690266
1,-1,-1,-1,1,-1,-1,-1,1,1,1,1,1,0.010721998289227486
1,-1,-1,-1,1,-1,-1,1,-1,-1,-1,-1,-1,0.011243102140724659
1,-1,-1,-1,1,-1,-1,1,-1,-1,-1,-1,1,0.011928478255867958
1,-1,-1,-1,1,-1,-1,1,-1,-1,-1,1,-1,0.010471672751009464
1,-1,-1,-1,1,-1,-1,1,-1,-1,1,1,-1,0.010175592266023159
1,-1,-1,-1,1,-1,-1,1,-1,1,-1,-1,-1,0.011644691228866577
1,-1,-1,-1,1,-1,-1,1,-1,1,-1,-1,1,0.012143399566411972
1,-1,-1,-1,1,-1,-1,1,-1,1,-1,1,1,0.011624285951256752
1,-1,-1,-1,1,-1,-1,1,-1,1,1,-1,-1,0.010873180503646532
1,-1,-1,-1,1,-1,-1,1,-1,1,1,1,-1,0.01041927095502615
1,-1,-1,-1,1,-1,-1,1,1,-1,-1,-1,-1,0.010508453007787466
1,-1,-1,-1,1,-1,-1,1,1,-1,-1,1,-1,0.009770002216100693
1,-1,-1,-1,1,-1,-1,1,1,-1,-1,1,1,0.010441312799230218
1,-1,-1,-1,1,-1,-1,1,1,-1,1,-1,-1,0.010249127633869648
1,-1,-1,-1,1,-1,-1,1,1,-1,1,-1,1,0.010743191465735435
1,-1,-1,-1,1,-1,-1,1,1,-1,1,1,-1,0.009523197077214718
1,-1,-1,-1,1,-1,-1,1,1,-1,1,1,1,0.009611645713448524
1,-1,-1,-1,1,-1,-1,1,1,1,-1,-1,-1,0.010972368065267801
1,-1,-1,-1,1,-1,-1,1,1,1,-1,1,1,0.010997793637216091
1,-1,-1,-1,1,-1,-1,1,1,1,1,1,-1,0.009566465392708778
1,-1,-1,-1,1,-1,-1,1,1,1,1,1,1,0.01023254543542862
1,-1,-1,-1,1,-1,1,-1,-1,-1,-1,-1,-1,0.012129922863095999
1,-1,-1,-1,1,-1,1,-1,-1,-1,-1,-1,1,0.012574861757457256
1,-1,-1,-1,1,-1,1,-1,-1,-1,-1,1,-1,0.011310916859656572
1,-1,-1,-1,1,-1,1,-1,-1,-1,-1,1,1,0.01210532896220684
1,-1,-1,-1,1,-1,1,-1,-1,-1,1,1,-1,0.010941798333078623
1,-1,-1,-1,1,-1,1,-1,-1,-1,1,1,1,0.011314730159938335
1,-1,-1,-1,1,-1,1,-1,-1,1,-1,-1,-1,0.012371039328475794
1,-1,-1,-1,1,-1,1,-1,-1,1,-1,-1,1,0.012858227826654911
1,-1,-1,-1,1,-1,1,-1,-1,1,-1,1,-1,0.011846806854009628
1,-1,-1,-1,1,-1,1,-1,-1,1,-1,1,1,0.011920468881726265
1,-1,-1,-1,1,-1,1,-1,-1,1,1,-1,-1,0.011824971064925194
1,-1,-1,-1,1,-1,1,-1,-1,1,1,1,1,0.011646814178675413
1,-1,-1,-1,1,-1,1,-1,1,-1,-1,-1,1,0.012037519365549088
1,-1,-1,-1,1,-1,1,-1,1,-1,1,-1,-1,0.01107540400698781
1,-1,-1,-1,1,-1,1,-1,1,-1,1,1,-1,0.010408242233097553
1,-1,-1,-1,1,-1,1,-1,1,-1,1,1,1,0.01085289428010583
1,-1,-1,-1,1,-1,1,-1,1,1,-1,-1,1,0.012350554578006268
1,-1,-1,-1,1,-1,1,-1,1,1,-1,1,-1,0.011049133725464344
1,-1,-1,-1,1,-1,1,-1,1,1,1,-1,-1,0.011090278625488281
1,-1,-1,-1,1,-1,1,-1,1,1,1,1,-1,0.010406265035271645
1,-1,-1,-1,1,-1,1,-1,1,1,1,1,1,0.010873727034777403
1,-1,-1,-1,1,-1,1,1,-1,-1,-1,-1,-1,0.01134402398020029
1,-1,-1,-1,1,-1,1,1,-1,-1,-1,1,-1,0.010813183151185513
1,-1,-1,-1,1,-1,1,1,-1,-1,-1,1,1,0.011333913076668978
1,-1,-1,-1,1,-1,1,1,-1,-1,1,-1,-1,0.010853530839085579
1,-1,-1,-1,1,-1,1,1,-1,-1,1,-1,1,0.011270937044173479
1,-1,-1,-1,1,-1,1,1,-1,1,-1,-1,-1,0.0120390256245931
1,-1,-1,-1,1,-1,1,1,-1,1,-1,-1,1,0.012482811696827412
1,-1,-1,-1,1,-1,1,1,-1,1,-1,1,1,0.011862945122023424
1,-1,-1,-1,1,-1,1,1,-1,1,1,-1,-1,0.011260012164711952
1,-1,-1,-1,1,-1,1,1,-1,1,1,-1,1,0.011930601671338081
1,-1,-1,-1,1,-1,1,1,-1,1,1,1,-1,0.010673198848962784
1,-1,-1,-1,1,-1,1,1,1,-1,-1,-1,1,0.011145290918648243
1,-1,-1,-1,1,-1,1,1,1,-1,-1,1,1,0.010711572443445524
1,-1,-1,-1,1,-1,1,1,1,-1,1,-1,-1,0.010383768007159233
1,-1,-1,-1,1,-1,1,1,1,-1,1,-1,1,0.011026990134268999
1,-1,-1,-1,1,-1,1,1,1,-1,1,1,-1,0.009500378742814064
1,-1,-1,-1,1,-1,1,1,1,-1,1,1,1,0.010292810387909412
1,-1,-1,-1,1,-1,1,1,1,1,-1,-1,1,0.011706000659614801
1,-1,-1,-1,1,-1,1,1,1,1,-1,1,-1,0.010802389588207006
1,-1,-1,-1,1,-1,1,1,1,1,1,-1,-1,0.010699866339564323
1,-1,-1,-1,1,-1,1,1,1,1,1,-1,1,0.011147803626954556
1,-1,-1,-1,1,-1,1,1,1,1,1,1,-1,0.009880134835839272
1,-1,-1,-1,1,1,-1,-1,-1,-1,-1,-1,-1,0.01118935365229845
1,-1,-1,-1,1,1,-1,-1,-1,-1,-1,-1,1,0.01177115086466074
1,-1,-1,-1,1,1,-1,-1,-1,-1,-1,1,-1,0.010792909655719995
1,-1,-1,-1,1,1,-1,-1,-1,-1,1,-1,-1,0.010713577270507812
1,-1,-1,-1,1,1,-1,-1,-1,-1,1,1,-1,0.010096287820488214
1,-1,-1,-1,1,1,-1,-1,-1,-1,1,1,1,0.010516953654587269
1,-1,-1,-1,1,1,-1,-1,-1,1,-1,1,-1,0.01118374615907669
1,-1,-1,-1,1,1,-1,-1,-1,1,-1,1,1,0.011325386352837086
1,-1,-1,-1,1,1,-1,-1,-1,1,1,-1,1,0.011716138105839491
1,-1,-1,-1,1,1,-1,-1,-1,1,1,1,-1,0.010358828119933605
1,-1,-1,-1,1,1,-1,-1,-1,1,1,1,1,0.010898633394390345
1,-1,-1,-1,1,1,-1,-1,1,-1,-1,-1,-1,0.010631341487169266
1,-1,-1,-1,1,1,-1,-1,1,-1,-1,1,1,0.010398049373179674
1,-1,-1,-1,1,1,-1,-1,1,-1,1,-1,1,0.010492573026567698
1,-1,-1,-1,1,1,-1,-1,1,-1,1,1,-1,0.009734543040394783
1,-1,-1,-1,1,1,-1,-1,1,1,-1,-1,1,0.011582283303141594
1,-1,-1,-1,1,1,-1,-1,1,1,1,-1,-1,0.010536663234233856
1,-1,-1,-1,1,1,-1,-1,1,1,1,-1,1,0.010756071967383226
1,-1,-1,-1,1,1,-1,-1,1,1,1,1,1,0.010156698524951935
1,-1,-1,-1,1,1,-1,1,-1,-1,-1,-1,1,0.011170031502842903
1,-1,-1,-1,1,1,-1,1,-1,-1,-1,1,1,0.010660389438271523
1,-1,-1,-1,1,1,-1,1,-1,-1,1,-1,-1,0.010312402155250311
1,-1,-1,-1,1,1,-1,1,-1,-1,1,1,-1,0.009574291296303272
1,-1,-1,-1,1,1,-1,1,-1,-1,1,1,1,0.010076879058033228
1,-1,-1,-1,1,1,-1,1,-1,1,-1,-1,1,0.011720492970198393
1,-1,-1,-1,1,1,-1,1,-1,1,-1,1,-1,0.01070683728903532
1,-1,-1,-1,1,1,-1,1,-1,1,-1,1,1,0.011132981317738691
1,-1,-1,-1,1,1,-1,1,-1,1,1,1,-1,0.01011597365140915
1,-1,-1,-1,1,1,-1,1,-1,1,1,1,1,0.01043622475117445
1,-1,-1,-1,1,1,-1,1,1,-1,-1,-1,-1,0.010143183482189974
1,-1,-1,-1,1,1,-1,1,1,-1,-1,-1,1,0.010634189005941153
1,-1,-1,-1,1,1,-1,1,1,-1,1,-1,-1,0.009664381388574839
1,-1,-1,-1,1,1,-1,1,1,-1,1,-1,1,0.010183925740420818
1,-1,-1,-1,1,1,-1,1,1,-1,1,1,1,0.00928452704101801
1,-1,-1,-1,1,1,-1,1,1,1,-1,-1,-1,0.010397643782198429
1,-1,-1,-1,1,1,-1,1,1,1,-1,1,-1,0.009962945245206356
1,-1,-1,-1,1,1,-1,1,1,1,-1,1,1,0.010082883760333061
1,-1,-1,-1,1,1,-1,1,1,1,1,-1,-1,0.009827484376728535
1,-1,-1,-1,1,1,-1,1,1,1,1,-1,1,0.010140287689864635
1,-1,-1,-1,1,1,-1,1,1,1,1,1,-1,0.00913090305402875
1,-1,-1,-1,1,1,-1,1,1,1,1,1,1,0.009837697260081768
1,-1,-1,-1,1,1,1,-1,-1,-1,-1,-1,1,0.012246071361005306
1,-1,-1,-1,1,1,1,-1,-1,-1,-1,1,-1,0.010870746336877346
1,-1,-1,-1,1,1,1,-1,-1,-1,-1,1,1,0.011619805824011564
1,-1,-1,-1,1,1,1,-1,-1,-1,1,-1,-1,0.011108954437077045
1,-1,-1,-1,1,1,1,-1,-1,-1,1,-1,1,0.011649885214865208
1,-1,-1,-1,1,1,1,-1,-1,-1,1,1,1,0.011081153526902199
1,-1,-1,-1,1,1,1,-1,-1,1,-1,-1,-1,0.012133889831602573
1,-1,-1,-1,1,1,1,-1,-1,1,-1,-1,1,0.012667009606957436
1,-1,-1,-1,1,1,1,-1,-1,1,-1,1,-1,0.011032164096832275
1,-1,-1,-1,1,1,1,-1,-1,1,1,-1,-1,0.011249249801039696
1,-1,-1,-1,1,1,1,-1,-1,1,1,-1,1,0.01175255049020052
1,-1,-1,-1,1,1,1,-1,-1,1,1,1,-1,0.010814151726663113
1,-1,-1,-1,1,1,1,-1,-1,1,1,1,1,0.011184632312506437
1,-1,-1,-1,1,1,1,-1,1,-1,-1,-1,1,0.011334861007829508
1,-1,-1,-1,1,1,1,-1,1,-1,-1,1,1,0.010369780473411083
1,-1,-1,-1,1,1,1,-1,1,-1,1,-1,-1,0.010507531464099884
1,-1,-1,-1,1,1,1,-1,1,-1,1,-1,1,0.010621330700814724
1,-1,-1,-1,1,1,1,-1,1,-1,1,1,-1,0.009752533957362175
1,-1,-1,-1,1,1,1,-1,1,-1,1,1,1,0.010355694219470024
1,-1,-1,-1,1,1,1,-1,1,1,-1,1,-1,0.010531782172620296
1,-1,-1,-1,1,1,1,-1,1,1,-1,1,1,0.011288683861494064
1,-1,-1,-1,1,1,1,-1,1,1,1,-1,-1,0.01064430270344019
1,-1,-1,-1,1,1,1,-1,1,1,1,-1,1,0.011353633366525173
1,-1,-1,-1,1,1,1,-1,1,1,1,1,-1,0.00990837129453818
1,-1,-1,-1,1,1,1,-1,1,1,1,1,1,0.010528304148465395
1,-1,-1,-1,1,1,1,1,-1,-1,-1,-1,-1,0.011179756994048754
1,-1,-1,-1,1,1,1,1,-1,-1,-1,1,-1,0.01019987277686596
1,-1,-1,-1,1,1,1,1,-1,-1,-1,1,1,0.011308522894978523
1,-1,-1,-1,1,1,1,1,-1,-1,1,-1,-1,0.01040045078843832
1,-1,-1,-1,1,1,1,1,-1,-1,1,-1,1,0.011189661920070648
1,-1,-1,-1,1,1,1,1,-1,-1,1,1,-1,0.009807910304516554
1,-1,-1,-1,1,1,1,1,-1,1,-1,-1,-1,0.011311271227896214
1,-1,-1,-1,1,1,1,1,-1,1,-1,-1,1,0.012013280298560858
1,-1,-1,-1,1,1,1,1,-1,1,-1,1,1,0.011434800922870636
1,-1,-1,-1,1,1,1,1,-1,1,1,-1,-1,0.010540070943534374
1,-1,-1,-1,1,1,1,1,-1,1,1,-1,1,0.01123024926831325
1,-1,-1,-1,1,1,1,1,1,-1,-1,-1,-1,0.01035939808934927
1,-1,-1,-1,1,1,1,1,1,-1,-1,-1,1,0.010979058686643839
1,-1,-1,-1,1,1,1,1,1,-1,1,-1,1,0.010389357805252075
1,-1,-1,-1,1,1,1,1,1,-1,1,1,-1,0.009099713526666164
1,-1,-1,-1,1,1,1,1,1,-1,1,1,1,0.009663304314017296
1,-1,-1,-1,1,1,1,1,1,1,-1,-1,-1,0.010461854748427868
1,-1,-1,-1,1,1,1,1,1,1,-1,-1,1,0.011149553582072258
1,-1,-1,-1,1,1,1,1,1,1,-1,1,-1,0.009940126910805702
1,-1,-1,-1,1,1,1,1,1,1,1,-1,-1,0.010207494255155325
1,-1,-1,-1,1,1,1,1,1,1,1,-1,1,0.010491181164979935
1,-1,-1,1,-1,-1,-1,-1,-1,-1,-1,-1,1,0.011721624992787838
1,-1,-1,1,-1,-1,-1,-1,-1,-1,-1,1,-1,0.010388575494289398
1,-1,-1,1,-1,-1,-1,-1,-1,-1,-1,1,1,0.010940921182433764
1,-1,-1,1,-1,-1,-1,-1,-1,-1,1,-1,1,0.011026493273675442
1,-1,-1,1,-1,-1,-1,-1,-1,-1,1,1,-1,0.010069971904158592
1,-1,-1,1,-1,-1,-1,-1,-1,-1,1,1,1,0.010290375910699368
1,-1,-1,1,-1,-1,-1,-1,-1,1,-1,-1,-1,0.011333290953189135
1,-1,-1,1,-1,-1,-1,-1,-1,1,-1,-1,1,0.012064660899341106
1,-1,-1,1,-1,-1,-1,-1,-1,1,-1,1,1,0.011459585279226303
1,-1,-1,1,-1,-1,-1,-1,-1,1,1,-1,-1,0.011160777881741524
1,-1,-1,1,-1,-1,-1,-1,-1,1,1,-1,1,0.011207783594727516
1,-1,-1,1,-1,-1,-1,-1,-1,1,1,1,-1,0.009887834079563618
1,-1,-1,1,-1,-1,-1,-1,-1,1,1,1,1,0.010848531189064184
1,-1,-1,1,-1,-1,-1,-1,1,-1,1,-1,1,0.010407859459519386
1,-1,-1,1,-1,-1,-1,-1,1,1,-1,-1,-1,0.01081780530512333
1,-1,-1,1,-1,-1,-1,-1,1,1,-1,-1,1,0.01115103391930461
1,-1,-1,1,-1,-1,-1,-1,1,1,1,-1,-1,0.010141056030988693
1,-1,-1,1,-1,-1,-1,-1,1,1,1,-1,1,0.010680517181754112
1,-1,-1,1,-1,-1,-1,1,-1,-1,-1,-1,-1,0.01042223908007145
1,-1,-1,1,-1,-1,-1,1,-1,-1,-1,-1,1,0.011249290779232979
1,-1,-1,1,-1,-1,-1,1,-1,-1,-1,1,-1,0.01005288865417242
1,-1,-1,1,-1,-1,-1,1,-1,-1,-1,1,1,0.010685807093977928
1,-1,-1,1,-1,-1,-1,1,-1,-1,1,1,-1,0.00961591536179185
1,-1,-1,1,-1,-1,-1,1,-1,-1,1,1,1,0.00987196620553732
1,-1,-1,1,-1,-1,-1,1,-1,1,-1,1,-1,0.0103884506970644
1,-1,-1,1,-1,-1,-1,1,-1,1,-1,1,1,0.011006497777998447
1,-1,-1,1,-1,-1,-1,1,-1,1,1,-1,-1,0.01036536879837513
1,-1,-1,1,-1,-1,-1,1,-1,1,1,1,-1,0.009512392804026604
1,-1,-1,1,-1,-1,-1,1,-1,1,1,1,1,0.010104618966579437
1,-1,-1,1,-1,-1,-1,1,1,-1,-1,-1,-1,0.010184573009610176
1,-1,-1,1,-1,-1,-1,1,1,-1,-1,1,-1,0.00924896216019988
1,-1,-1,1,-1,-1,-1,1,1,-1,1,-1,1,0.009706777520477772
1,-1,-1,1,-1,-1,-1,1,1,-1,1,1,-1,0.00841607479378581
1,-1,-1,1,-1,-1,-1,1,1,1,-1,-1,-1,0.010568920522928238
1,-1,-1,1,-1,-1,-1,1,1,1,-1,1,1,0.010487512685358524
1,-1,-1,1,-1,-1,-1,1,1,1,1,1,-1,0.0088340537622571
1,-1,-1,1,-1,-1,1,-1,-1,-1,-1,-1,-1,0.0113069461658597
1,-1,-1,1,-1,-1,1,-1,-1,-1,-1,-1,1,0.011952181346714497
1,-1,-1,1,-1,-1,1,-1,-1,-1,-1,1,-1,0.010950525291264057
1,-1,-1,1,-1,-1,1,-1,-1,-1,-1,1,1,0.011412883643060923
1,-1,-1,1,-1,-1,1,-1,-1,-1,1,-1,1,0.011399988550692797
1,-1,-1,1,-1,-1,1,-1,-1,-1,1,1,-1,0.010387573080758253
1,-1,-1,1,-1,-1,1,-1,-1,1,-1,-1,-1,0.012147468514740467
1,-1,-1,1,-1,-1,1,-1,-1,1,-1,-1,1,0.012444953434169292
1,-1,-1,1,-1,-1,1,-1,-1,1,-1,1,1,0.011882803402841091
1,-1,-1,1,-1,-1,1,-1,-1,1,1,-1,-1,0.011382220312952995
1,-1,-1,1,-1,-1,1,-1,-1,1,1,-1,1,0.011860222555696964
1,-1,-1,1,-1,-1,1,-1,-1,1,1,1,1,0.01111019216477871
1,-1,-1,1,-1,-1,1,-1,1,-1,-1,-1,-1,0.010791642591357231
1,-1,-1,1,-1,-1,1,-1,1,-1,-1,-1,1,0.011628343258053064
1,-1,-1,1,-1,-1,1,-1,1,-1,-1,1,-1,0.010049223899841309
1,-1,-1,1,-1,-1,1,-1,1,-1,-1,1,1,0.010573429521173239
1,-1,-1,1,-1,-1,1,-1,1,-1,1,-1,-1,0.010191950481384993
1,-1,-1,1,-1,-1,1,-1,1,-1,1,-1,1,0.010818647220730782
1,-1,-1,1,-1,-1,1,-1,1,-1,1,1,-1,0.009504298369089762
1,-1,-1,1,-1,-1,1,-1,1,1,-1,-1,1,0.01151273399591446
1,-1,-1,1,-1,-1,1,-1,1,1,-1,1,1,0.011048661544919014
1,-1,-1,1,-1,-1,1,-1,1,1,1,-1,-1,0.010751083493232727
1,-1,-1,1,-1,-1,1,-1,1,1,1,-1,1,0.011146096512675285
1,-1,-1,1,-1,-1,1,-1,1,1,1,1,-1,0.010036757215857506
1,-1,-1,1,-1,-1,1,-1,1,1,1,1,1,0.010625414550304413
1,-1,-1,1,-1,-1,1,1,-1,-1,-1,-1,1,0.011287813540548086
1,-1,-1,1,-1,-1,1,1,-1,-1,-1,1,1,0.011021995916962624
1,-1,-1,1,-1,-1,1,1,-1,-1,1,-1,-1,0.010176904499530792
1,-1,-1,1,-1,-1,1,1,-1,-1,1,-1,1,0.010804950259625912
1,-1,-1,1,-1,-1,1,1,-1,-1,1,1,-1,0.010148270055651665
1,-1,-1,1,-1,-1,1,1,-1,-1,1,1,1,0.010320992519458136
1,-1,-1,1,-1,-1,1,1,-1,1,-1,-1,-1,0.011280830949544907
1,-1,-1,1,-1,-1,1,1,-1,1,-1,1,-1,0.010895230807363987
1,-1,-1,1,-1,-1,1,1,-1,1,-1,1,1,0.010892304591834545
1,-1,-1,1,-1,-1,1,1,-1,1,1,-1,-1,0.010788463056087494
1,-1,-1,1,-1,-1,1,1,-1,1,1,-1,1,0.01116437433908383
1,-1,-1,1,-1,-1,1,1,-1,1,1,1,-1,0.010013810358941555
1,-1,-1,1,-1,-1,1,1,-1,1,1,1,1,0.010641095228493214
1,-1,-1,1,-1,-1,1,1,1,-1,-1,-1,-1,0.010337593654791514
1,-1,-1,1,-1,-1,1,1,1,-1,-1,1,1,0.009923011995851994
1,-1,-1,1,-1,-1,1,1,1,-1,1,-1,-1,0.009604784349600473
1,-1,-1,1,-1,-1,1,1,1,-1,1,1,-1,0.009003121871501207
1,-1,-1,1,-1,-1,1,1,1,-1,1,1,1,0.009491778444498777
1,-1,-1,1,-1,-1,1,1,1,1,-1,-1,1,0.01089688204228878
1,-1,-1,1,-1,-1,1,1,1,1,-1,1,1,0.01040635909885168
1,-1,-1,1,-1,-1,1,1,1,1,1,-1,1,0.010739617049694061
1,-1,-1,1,-1,-1,1,1,1,1,1,1,-1,0.00916310679167509
1,-1,-1,1,-1,1,-1,-1,-1,-1,-1,-1,-1,0.010619050357490778
1,-1,-1,1,-1,1,-1,-1,-1,-1,-1,1,-1,0.010049022423724333
1,-1,-1,1,-1,1,-1,-1,-1,-1,-1,1,1,0.010546593926846981
1,-1,-1,1,-1,1,-1,-1,-1,-1,1,-1,1,0.0104863116517663
1,-1,-1,1,-1,1,-1,-1,-1,-1,1,1,-1,0.009189954958856106
1,-1,-1,1,-1,1,-1,-1,-1,-1,1,1,1,0.010028436779975891
1,-1,-1,1,-1,1,-1,-1,-1,1,-1,-1,-1,0.011047007516026497
1,-1,-1,1,-1,1,-1,-1,-1,1,-1,-1,1,0.011595441959798336
1,-1,-1,1,-1,1,-1,-1,-1,1,-1,1,-1,0.010124532505869865
1,-1,-1,1,-1,1,-1,-1,-1,1,-1,1,1,0.010738215409219265
1,-1,-1,1,-1,1,-1,-1,-1,1,1,-1,1,0.010781335644423962
1,-1,-1,1,-1,1,-1,-1,1,-1,-1,-1,-1,0.00981072150170803
1,-1,-1,1,-1,1,-1,-1,1,-1,-1,-1,1,0.010750340763479471
1,-1,-1,1,-1,1,-1,-1,1,-1,-1,1,-1,0.009238747414201498
1,-1,-1,1,-1,1,-1,-1,1,-1,-1,1,1,0.009824744425714016
1,-1,-1,1,-1,1,-1,-1,1,-1,1,-1,-1,0.00943173561245203
1,-1,-1,1,-1,1,-1,-1,1,-1,1,-1,1,0.009847454726696014
1,-1,-1,1,-1,1,-1,-1,1,-1,1,1,1,0.009088601917028427
1,-1,-1,1,-1,1,-1,-1,1,1,-1,-1,-1,0.010222410317510366
1,-1,-1,1,-1,1,-1,-1,1,1,-1,-1,1,0.010859397860864798
1,-1,-1,1,-1,1,-1,-1,1,1,-1,1,1,0.010018934030085802
1,-1,-1,1,-1,1,-1,-1,1,1,1,-1,1,0.01037695026025176
1,-1,-1,1,-1,1,-1,1,-1,-1,-1,-1,-1,0.01017557131126523
1,-1,-1,1,-1,1,-1,1,-1,-1,-1,1,-1,0.009530785493552685
1,-1,-1,1,-1,1,-1,1,-1,-1,-1,1,1,0.010050667449831963
1,-1,-1,1,-1,1,-1,1,-1,-1,1,-1,1,0.010262580588459969
1,-1,-1,1,-1,1,-1,1,-1,-1,1,1,1,0.00933648863186439
1,-1,-1,1,-1,1,-1,1,-1,1,-1,1,1,0.010398340411484241
1,-1,-1,1,-1,1,-1,1,-1,1,1,-1,1,0.010171102359890938
1,-1,-1,1,-1,1,-1,1,-1,1,1,1,-1,0.00907112192362547
1,-1,-1,1,-1,1,-1,1,-1,1,1,1,1,0.00967427110299468
1,-1,-1,1,-1,1,-1,1,1,-1,-1,-1,-1,0.009479344201584658
1,-1,-1,1,-1,1,-1,1,1,-1,-1,-1,1,0.010069966626664003
1,-1,-1,1,-1,1,-1,1,1,-1,-1,1,1,0.009123488639791807
1,-1,-1,1,-1,1,-1,1,1,-1,1,-1,-1,0.00886310264468193
1,-1,-1,1,-1,1,-1,1,1,-1,1,-1,1,0.009587517939507961
1,-1,-1,1,-1,1,-1,1,1,-1,1,1,-1,0.0080527956597507
1,-1,-1,1,-1,1,-1,1,1,-1,1,1,1,0.008607673458755016
1,-1,-1,1,-1,1,-1,1,1,1,-1,1,-1,0.009180652676150203
1,-1,-1,1,-1,1,-1,1,1,1,-1,1,1,0.009723867289721966
1,-1,-1,1,-1,1,-1,1,1,1,1,-1,1,0.009547936264425516
1,-1,-1,1,-1,1,-1,1,1,1,1,1,1,0.008847335819154978
1,-1,-1,1,-1,1,1,-1,-1,-1,-1,-1,-1,0.01107755055030187
1,-1,-1,1,-1,1,1,-1,-1,-1,-1,-1,1,0.011683369055390358
1,-1,-1,1,-1,1,1,-1,-1,-1,-1,1,-1,0.010440702550113201
1,-1,-1,1,-1,1,1,-1,-1,-1,1,1,-1,0.009654957801103592
1,-1,-1,1,-1,1,1,-1,-1,1,-1,-1,-1,0.011274088639765978
1,-1,-1,1,-1,1,1,-1,-1,1,-1,-1,1,0.01220680307596922
1,-1,-1,1,-1,1,1,-1,-1,1,-1,1,1,0.011518502607941628
1,-1,-1,1,-1,1,1,-1,-1,1,1,-1,-1,0.010695124976336956
1,-1,-1,1,-1,1,1,-1,-1,1,1,-1,1,0.011241820640861988
1,-1,-1,1,-1,1,1,-1,1,-1,-1,1,-1,0.009568199515342712
1,-1,-1,1,-1,1,1,-1,1,-1,-1,1,1,0.009955954737961292
1,-1,-1,1,-1,1,1,-1,1,-1,1,-1,-1,0.009766965173184872
1,-1,-1,1,-1,1,1,-1,1,-1,1,-1,1,0.01030167005956173
1,-1,-1,1,-1,1,1,-1,1,-1,1,1,-1,0.009234823752194643
1,-1,-1,1,-1,1,1,-1,1,1,-1,-1,-1,0.01053621619939804
1,-1,-1,1,-1,1,1,-1,1,1,-1,-1,1,0.01126869535073638
1,-1,-1,1,-1,1,1,-1,1,1,-1,1,-1,0.00980361457914114
1,-1,-1,1,-1,1,1,-1,1,1,-1,1,1,0.010384256020188332
1,-1,-1,1,-1,1,1,-1,1,1,1,-1,-1,0.009858549572527409
1,-1,-1,1,-1,1,1,-1,1,1,1,1,-1,0.009176764637231827
1,-1,-1,1,-1,1,1,-1,1,1,1,1,1,0.010072289034724236
1,-1,-1,1,-1,1,1,1,-1,-1,-1,-1,1,0.011097162961959839
1,-1,-1,1,-1,1,1,1,-1,-1,-1,1,1,0.010246894011894861
1,-1,-1,1,-1,1,1,1,-1,-1,1,-1,-1,0.009602174473305544
1,-1,-1,1,-1,1,1,1,-1,-1,1,-1,1,0.01036449708044529
1,-1,-1,1,-1,1,1,1,-1,-1,1,1,-1,0.009450825862586498
1,-1,-1,1,-1,1,1,1,-1,1,-1,1,1,0.010535366212328276
1,-1,-1,1,-1,1,1,1,-1,1,1,-1,-1,0.010226080814997355
1,-1,-1,1,-1,1,1,1,-1,1,1,-1,1,0.010791386477649212
1,-1,-1,1,-1,1,1,1,1,-1,-1,-1,1,0.010322548914700747
1,-1,-1,1,-1,1,1,1,1,-1,-1,1,-1,0.008971725590527058
1,-1,-1,1,-1,1,1,1,1,-1,1,-1,-1,0.009232820942997932
1,-1,-1,1,-1,1,1,1,1,-1,1,-1,1,0.009576480835676193
1,-1,-1,1,-1,1,1,1,1,-1,1,1,-1,0.008553299431999525
1,-1,-1,1,-1,1,1,1,1,-1,1,1,1,0.00882099149748683
1,-1,-1,1,-1,1,1,1,1,1,-1,-1,-1,0.010309441946446896
1,-1,-1,1,-1,1,1,1,1,1,-1,-1,1,0.010550583247095346
1,-1,-1,1,-1,1,1,1,1,1,-1,1,-1,0.009498621802777052
1,-1,-1,1,-1,1,1,1,1,1,-1,1,1,0.009949819495280584
1,-1,-1,1,-1,1,1,1,1,1,1,-1,-1,0.009601852856576443
1,-1,-1,1,-1,1,1,1,1,1,1,-1,1,0.009769967757165432
1,-1,-1,1,-1,1,1,1,1,1,1,1,1,0.009396704379469156
1,-1,-1,1,1,-1,-1,-1,-1,-1,-1,-1,-1,0.011918038129806519
1,-1,-1,1,1,-1,-1,-1,-1,-1,1,-1,-1,0.010904510505497456
1,-1,-1,1,1,-1,-1,-1,-1,-1,1,-1,1,0.011616543401032686
1,-1,-1,1,1,-1,-1,-1,-1,-1,1,1,-1,0.010358575731515884
1,-1,-1,1,1,-1,-1,-1,-1,-1,1,1,1,0.01114217471331358
1,-1,-1,1,1,-1,-1,-1,-1,1,-1,-1,-1,0.012053865939378738
1,-1,-1,1,1,-1,-1,-1,-1,1,-1,-1,1,0.012502623721957207
1,-1,-1,1,1,-1,-1,-1,-1,1,-1,1,-1,0.011181632056832314
1,-1,-1,1,1,-1,-1,-1,-1,1,-1,1,1,0.011784293130040169
1,-1,-1,1,1,-1,-1,-1,-1,1,1,-1,-1,0.011378725990653038
1,-1,-1,1,1,-1,-1,-1,-1,1,1,-1,1,0.01207782793790102
1,-1,-1,1,1,-1,-1,-1,-1,1,1,1,1,0.011493119411170483
1,-1,-1,1,1,-1,-1,-1,1,-1,-1,-1,-1,0.010759979020804167
1,-1,-1,1,1,-1,-1,-1,1,-1,-1,1,-1,0.01012347498908639
1,-1,-1,1,1,-1,-1,-1,1,-1,-1,1,1,0.010832363739609718
1,-1,-1,1,1,-1,-1,-1,1,-1,1,1,-1,0.009597946579257647
1,-1,-1,1,1,-1,-1,-1,1,-1,1,1,1,0.010246547870337963
1,-1,-1,1,1,-1,-1,-1,1,1,-1,-1,1,0.011852575931698084
1,-1,-1,1,1,-1,-1,-1,1,1,-1,1,1,0.010804962366819382
1,-1,-1,1,1,-1,-1,-1,1,1,1,-1,-1,0.010863673873245716
1,-1,-1,1,1,-1,-1,-1,1,1,1,-1,1,0.01116724032908678
1,-1,-1,1,1,-1,-1,-1,1,1,1,1,1,0.010417672184606394
1,-1,-1,1,1,-1,-1,1,-1,-1,-1,-1,-1,0.011099263560026884
1,-1,-1,1,1,-1,-1,1,-1,-1,-1,-1,1,0.011675653979182243
1,-1,-1,1,1,-1,-1,1,-1,-1,1,-1,1,0.011088931933045387
1,-1,-1,1,1,-1,-1,1,-1,-1,1,1,-1,0.009879634715616703
1,-1,-1,1,1,-1,-1,1,-1,-1,1,1,1,0.010391395539045334
1,-1,-1,1,1,-1,-1,1,-1,1,-1,-1,-1,0.01129300178339084
1,-1,-1,1,1,-1,-1,1,-1,1,-1,-1,1,0.011970374422768751
1,-1,-1,1,1,-1,-1,1,-1,1,-1,1,1,0.011433287058025599
1,-1,-1,1,1,-1,-1,1,-1,1,1,-1,-1,0.010898387059569359
1,-1,-1,1,1,-1,-1,1,-1,1,1,-1,1,0.01133882999420166
1,-1,-1,1,1,-1,-1,1,-1,1,1,1,-1,0.010015797801315784
1,-1,-1,1,1,-1,-1,1,1,-1,-1,-1,1,0.011046117171645164
1,-1,-1,1,1,-1,-1,1,1,-1,-1,1,1,0.010329637676477432
1,-1,-1,1,1,-1,-1,1,1,-1,1,-1,-1,0.009846207685768604
1,-1,-1,1,1,-1,-1,1,1,-1,1,1,1,0.009681236930191517
1,-1,-1,1,1,-1,-1,1,1,1,-1,-1,-1,0.010335098952054977
1,-1,-1,1,1,-1,-1,1,1,1,-1,-1,1,0.011443748138844967
1,-1,-1,1,1,-1,-1,1,1,1,-1,1,-1,0.009837418794631958
1,-1,-1,1,1,-1,-1,1,1,1,-1,1,1,0.01025369018316269
1,-1,-1,1,1,-1,-1,1,1,1,1,-1,-1,0.010406022891402245
1,-1,-1,1,1,-1,-1,1,1,1,1,-1,1,0.010647563729435205
1,-1,-1,1,1,-1,-1,1,1,1,1,1,1,0.01011553592979908
1,-1,-1,1,1,-1,1,-1,-1,-1,-1,-1,-1,0.011973497457802296
1,-1,-1,1,1,-1,1,-1,-1,-1,-1,-1,1,0.0125843221321702
1,-1,-1,1,1,-1,1,-1,-1,-1,-1,1,-1,0.011114719789475203
1,-1,-1,1,1,-1,1,-1,-1,-1,-1,1,1,0.011664953703681627
1,-1,-1,1,1,-1,1,-1,-1,-1,1,-1,1,0.011879224640627703
1,-1,-1,1,1,-1,1,-1,-1,-1,1,1,-1,0.010766210034489632
1,-1,-1,1,1,-1,1,-1,-1,-1,1,1,1,0.011203896626830101
1,-1,-1,1,1,-1,1,-1,-1,1,-1,-1,-1,0.01212453655898571
1,-1,-1,1,1,-1,1,-1,-1,1,-1,-1,1,0.013179995119571686
1,-1,-1,1,1,-1,1,-1,-1,1,-1,1,-1,0.011499250307679176
1,-1,-1,1,1,-1,1,-1,-1,1,-1,1,1,0.012296605855226517
1,-1,-1,1,1,-1,1,-1,-1,1,1,-1,-1,0.011963214725255966
1,-1,-1,1,1,-1,1,-1,-1,1,1,1,-1,0.010828998871147633
1,-1,-1,1,1,-1,1,-1,-1,1,1,1,1,0.01137864775955677
1,-1,-1,1,1,-1,1,-1,1,-1,-1,-1,-1,0.011340178549289703
1,-1,-1,1,1,-1,1,-1,1,-1,-1,-1,1,0.011844770051538944
1,-1,-1,1,1,-1,1,-1,1,-1,-1,1,-1,0.010545210912823677
1,-1,-1,1,1,-1,1,-1,1,-1,-1,1,1,0.010912461206316948
1,-1,-1,1,1,-1,1,-1,1,-1,1,-1,1,0.011364177335053682
1,-1,-1,1,1,-1,1,-1,1,-1,1,1,1,0.010581917129456997
1,-1,-1,1,1,-1,1,-1,1,1,-1,-1,-1,0.011693133041262627
1,-1,-1,1,1,-1,1,-1,1,1,-1,-1,1,0.011980431154370308
1,-1,-1,1,1,-1,1,-1,1,1,-1,1,-1,0.011166084557771683
1,-1,-1,1,1,-1,1,-1,1,1,1,-1,1,0.011227431707084179
1,-1,-1,1,1,-1,1,-1,1,1,1,1,-1,0.010250949300825596
1,-1,-1,1,1,-1,1,1,-1,-1,-1,1,-1,0.010916384868323803
1,-1,-1,1,1,-1,1,1,-1,-1,-1,1,1,0.011367708444595337
1,-1,-1,1,1,-1,1,1,-1,-1,1,-1,-1,0.010930128861218691
1,-1,-1,1,1,-1,1,1,-1,-1,1,1,-1,0.00998456496745348
1,-1,-1,1,1,-1,1,1,-1,1,-1,-1,-1,0.011772737372666597
1,-1,-1,1,1,-1,1,1,-1,1,-1,-1,1,0.012334737926721573
1,-1,-1,1,1,-1,1,1,-1,1,-1,1,-1,0.011023198952898383
1,-1,-1,1,1,-1,1,1,-1,1,1,-1,-1,0.010986419394612312
1,-1,-1,1,1,-1,1,1,-1,1,1,1,-1,0.010290984064340591
1,-1,-1,1,1,-1,1,1,-1,1,1,1,1,0.01092193042859435
1,-1,-1,1,1,-1,1,1,1,-1,-1,1,-1,0.009890574961900711
1,-1,-1,1,1,-1,1,1,1,-1,1,-1,-1,0.010201056487858295
1,-1,-1,1,1,-1,1,1,1,-1,1,-1,1,0.010594199411571026
1,-1,-1,1,1,-1,1,1,1,-1,1,1,-1,0.00955459987744689
1,-1,-1,1,1,-1,1,1,1,-1,1,1,1,0.010029408615082502
1,-1,-1,1,1,-1,1,1,1,1,-1,-1,-1,0.010867105796933174
1,-1,-1,1,1,-1,1,1,1,1,-1,-1,1,0.011648504994809628
1,-1,-1,1,1,-1,1,1,1,1,-1,1,-1,0.010386205278337002
1,-1,-1,1,1,-1,1,1,1,1,-1,1,1,0.011045725550502539
1,-1,-1,1,1,-1,1,1,1,1,1,-1,-1,0.010589589830487967
1,-1,-1,1,1,-1,1,1,1,1,1,1,-1,0.00981213990598917
1,-1,-1,1,1,-1,1,1,1,1,1,1,1,0.010468286462128162
1,-1,-1,1,1,1,-1,-1,-1,-1,-1,-1,-1,0.011242601089179516
1,-1,-1,1,1,1,-1,-1,-1,-1,-1,-1,1,0.011658196337521076
1,-1,-1,1,1,1,-1,-1,-1,-1,-1,1,-1,0.01033519534394145
1,-1,-1,1,1,1,-1,-1,-1,-1,-1,1,1,0.010775484144687653
1,-1,-1,1,1,1,-1,-1,-1,-1,1,-1,1,0.011015398427844048
1,-1,-1,1,1,1,-1,-1,-1,-1,1,1,-1,0.00978440698236227
1,-1,-1,1,1,1,-1,-1,-1,-1,1,1,1,0.009935161098837852
1,-1,-1,1,1,1,-1,-1,-1,1,-1,-1,-1,0.011368878651410341
1,-1,-1,1,1,1,-1,-1,-1,1,-1,-1,1,0.012009608559310436
1,-1,-1,1,1,1,-1,-1,-1,1,-1,1,-1,0.010812999680638313
1,-1,-1,1,1,1,-1,-1,-1,1,1,-1,1,0.011460239067673683
1,-1,-1,1,1,1,-1,-1,-1,1,1,1,-1,0.010217353701591492
1,-1,-1,1,1,1,-1,-1,-1,1,1,1,1,0.010684106033295393
1,-1,-1,1,1,1,-1,-1,1,-1,-1,-1,-1,0.010195259004831314
1,-1,-1,1,1,1,-1,-1,1,-1,-1,-1,1,0.011027182452380657
1,-1,-1,1,1,1,-1,-1,1,-1,-1,1,1,0.009986335411667824
1,-1,-1,1,1,1,-1,-1,1,-1,1,-1,-1,0.009857422672212124
1,-1,-1,1,1,1,-1,-1,1,-1,1,1,-1,0.009579903446137905
1,-1,-1,1,1,1,-1,-1,1,1,-1,1,-1,0.009893144480884075
1,-1,-1,1,1,1,-1,-1,1,1,1,-1,1,0.010885324329137802
1,-1,-1,1,1,1,-1,-1,1,1,1,1,-1,0.009417050518095493
1,-1,-1,1,1,1,-1,1,-1,-1,-1,-1,-1,0.010748762637376785
1,-1,-1,1,1,1,-1,1,-1,-1,-1,-1,1,0.011259651742875576
1,-1,-1,1,1,1,-1,1,-1,-1,-1,1,-1,0.010018454864621162
1,-1,-1,1,1,1,-1,1,-1,-1,-1,1,1,0.010569706559181213
1,-1,-1,1,1,1,-1,1,-1,-1,1,-1,-1,0.010050168260931969
1,-1,-1,1,1,1,-1,1,-1,-1,1,1,-1,0.009378022979944944
1,-1,-1,1,1,1,-1,1,-1,-1,1,1,1,0.010006390511989594
1,-1,-1,1,1,1,-1,1,-1,1,-1,-1,-1,0.01088001485913992
1,-1,-1,1,1,1,-1,1,-1,1,-1,-1,1,0.011459418572485447
1,-1,-1,1,1,1,-1,1,-1,1,-1,1,1,0.010775614064186811
1,-1,-1,1,1,1,-1,1,-1,1,1,1,-1,0.009645463898777962
1,-1,-1,1,1,1,-1,1,-1,1,1,1,1,0.01017444891234239
1,-1,-1,1,1,1,-1,1,1,-1,-1,-1,-1,0.00957757793366909
1,-1,-1,1,1,1,-1,1,1,-1,1,-1,1,0.010153821669518948
1,-1,-1,1,1,1,-1,1,1,-1,1,1,-1,0.008522211574018002
1,-1,-1,1,1,1,-1,1,1,-1,1,1,1,0.009288753848522902
1,-1,-1,1,1,1,-1,1,1,1,-1,-1,1,0.010661477533479532
1,-1,-1,1,1,1,-1,1,1,1,-1,1,-1,0.00916979368776083
1,-1,-1,1,1,1,-1,1,1,1,-1,1,1,0.010182029567658901
1,-1,-1,1,1,1,-1,1,1,1,1,-1,-1,0.009667386766523123
1,-1,-1,1,1,1,-1,1,1,1,1,1,-1,0.00891882786527276
1,-1,-1,1,1,1,1,-1,-1,-1,-1,-1,-1,0.011285307817161083
1,-1,-1,1,1,1,1,-1,-1,-1,-1,-1,1,0.011961683258414268
1,-1,-1,1,1,1,1,-1,-1,-1,-1,1,-1,0.010662239044904709
1,-1,-1,1,1,1,1,-1,-1,-1,-1,1,1,0.011335502145811915
1,-1,-1,1,1,1,1,-1,-1,-1,1,-1,-1,0.010569280944764614
1,-1,-1,1,1,1,1,-1,-1,-1,1,-1,1,0.011434243060648441
1,-1,-1,1,1,1,1,-1,-1,-1,1,1,-1,0.010519941337406635
1,-1,-1,1,1,1,1,-1,-1,-1,1,1,1,0.010652028024196625
1,-1,-1,1,1,1,1,-1,-1,1,-1,-1,-1,0.011636252515017986
1,-1,-1,1,1,1,1,-1,-1,1,-1,-1,1,0.012151384726166725
1,-1,-1,1,1,1,1,-1,-1,1,-1,1,-1,0.011209242977201939
1,-1,-1,1,1,1,1,-1,-1,1,-1,1,1,0.011597714852541685
1,-1,-1,1,1,1,1,-1,-1,1,1,-1,-1,0.011322184465825558
1,-1,-1,1,1,1,1,-1,-1,1,1,1,1,0.010801427997648716
1,-1,-1,1,1,1,1,-1,1,-1,-1,-1,-1,0.010832229629158974
1,-1,-1,1,1,1,1,-1,1,-1,1,-1,-1,0.010161698795855045
1,-1,-1,1,1,1,1,-1,1,-1,1,-1,1,0.010575859807431698
1,-1,-1,1,1,1,1,-1,1,-1,1,1,-1,0.009643887169659138
1,-1,-1,1,1,1,1,-1,1,1,-1,-1,-1,0.011088809619347254
1,-1,-1,1,1,1,1,-1,1,1,-1,1,-1,0.01059802994132042
1,-1,-1,1,1,1,1,-1,1,1,-1,1,1,0.011047691106796265
1,-1,-1,1,1,1,1,-1,1,1,1,-1,-1,0.010452215326949954
1,-1,-1,1,1,1,1,-1,1,1,1,-1,1,0.010808762162923813
1,-1,-1,1,1,1,1,-1,1,1,1,1,-1,0.009920487180352211
1,-1,-1,1,1,1,1,-1,1,1,1,1,1,0.010228699073195457
1,-1,-1,1,1,1,1,1,-1,-1,-1,-1,-1,0.011071630753576756
1,-1,-1,1,1,1,1,1,-1,-1,-1,-1,1,0.011223154375329614
1,-1,-1,1,1,1,1,1,-1,-1,-1,1,-1,0.010082917287945747
1,-1,-1,1,1,1,1,1,-1,-1,-1,1,1,0.010717649944126606
1,-1,-1,1,1,1,1,1,-1,-1,1,-1,-1,0.010260618291795254
1,-1,-1,1,1,1,1,1,-1,-1,1,1,-1,0.00927998498082161
1,-1,-1,1,1,1,1,1,-1,1,-1,-1,-1,0.011387367732822895
1,-1,-1,1,1,1,1,1,-1,1,-1,-1,1,0.011501166969537735
1,-1,-1,1,1,1,1,1,-1,1,-1,1,1,0.010862087830901146
1,-1,-1,1,1,1,1,1,-1,1,1,-1,-1,0.010727720335125923
1,-1,-1,1,1,1,1,1,-1,1,1,-1,1,0.01119875411192576
1,-1,-1,1,1,1,1,1,1,-1,-1,-1,-1,0.01017307893683513
1,-1,-1,1,1,1,1,1,1,-1,-1,-1,1,0.010758953634649515
1,-1,-1,1,1,1,1,1,1,-1,-1,1,-1,0.009346689097583294
1,-1,-1,1,1,1,1,1,1,-1,-1,1,1,0.010050932876765728
1,-1,-1,1,1,1,1,1,1,-1,1,-1,-1,0.009759447537362576
1,-1,-1,1,1,1,1,1,1,-1,1,-1,1,0.010283643379807472
1,-1,-1,1,1,1,1,1,1,1,-1,1,-1,0.009976432658731937
1,-1,-1,1,1,1,1,1,1,1,1,-1,-1,0.00997189013287425
1,-1,-1,1,1,1,1,1,1,1,1,-1,1,0.010273290798068047
1,-1,-1,1,1,1,1,1,1,1,1,1,-1,0.009272863157093525
1,-1,-1,1,1,1,1,1,1,1,1,1,1,0.009638858027756214
1,-1,1,-1,-1,-1,-1,-1,-1,-1,-1,-1,-1,0.011805492453277111
1,-1,1,-1,-1,-1,-1,-1,-1,-1,-1,-1,1,0.01244358904659748
1,-1,1,-1,-1,-1,-1,-1,-1,-1,-1,1,-1,0.01155458390712738
1,-1,1,-1,-1,-1,-1,-1,-1,-1,-1,1,1,0.011723327760895094
1,-1,1,-1,-1,-1,-1,-1,-1,-1,1,-1,-1,0.011240634135901928
1,-1,1,-1,-1,-1,-1,-1,-1,-1,1,1,-1,0.010270892642438412
1,-1,1,-1,-1,-1,-1,-1,-1,-1,1,1,1,0.011263337451964617
1,-1,1,-1,-1,-1,-1,-1,-1,1,-1,-1,-1,0.01223445994158586
1,-1,1,-1,-1,-1,-1,-1,-1,1,-1,-1,1,0.012599808163940907
1,-1,1,-1,-1,-1,-1,-1,-1,1,-1,1,1,0.012185935862362385
1,-1,1,-1,-1,-1,-1,-1,-1,1,1,-1,-1,0.01153587456792593
1,-1,1,-1,-1,-1,-1,-1,-1,1,1,-1,1,0.012331184465438128
1,-1,1,-1,-1,-1,-1,-1,-1,1,1,1,-1,0.010874446481466293
1,-1,1,-1,-1,-1,-1,-1,-1,1,1,1,1,0.011506495997309685
1,-1,1,-1,-1,-1,-1,-1,1,-1,-1,-1,1,0.011748985853046179
1,-1,1,-1,-1,-1,-1,-1,1,-1,-1,1,1,0.011050418329735598
1,-1,1,-1,-1,-1,-1,-1,1,-1,1,-1,-1,0.011028506327420473
1,-1,1,-1,-1,-1,-1,-1,1,-1,1,1,-1,0.009929566644132137
1,-1,1,-1,-1,-1,-1,-1,1,-1,1,1,1,0.010412666015326977
1,-1,1,-1,-1,-1,-1,-1,1,1,-1,-1,-1,0.01176269818097353
1,-1,1,-1,-1,-1,-1,-1,1,1,-1,-1,1,0.012186904437839985
1,-1,1,-1,-1,-1,-1,-1,1,1,-1,1,-1,0.010994335636496544
1,-1,1,-1,-1,-1,-1,-1,1,1,-1,1,1,0.011454079300165176
1,-1,1,-1,-1,-1,-1,-1,1,1,1,1,1,0.0107593834400177
1,-1,1,-1,-1,-1,-1,1,-1,-1,-1,-1,-1,0.01162061095237732
1,-1,1,-1,-1,-1,-1,1,-1,-1,-1,-1,1,0.011937091127038002
1,-1,1,-1,-1,-1,-1,1,-1,-1,-1,1,1,0.011106557212769985
1,-1,1,-1,-1,-1,-1,1,-1,-1,1,-1,-1,0.010785609483718872
1,-1,1,-1,-1,-1,-1,1,-1,-1,1,-1,1,0.011218566447496414
1,-1,1,-1,-1,-1,-1,1,-1,-1,1,1,-1,0.010009690653532743
1,-1,1,-1,-1,-1,-1,1,-1,1,-1,-1,-1,0.011718796100467443
1,-1,1,-1,-1,-1,-1,1,-1,1,-1,-1,1,0.012362390756607056
1,-1,1,-1,-1,-1,-1,1,-1,1,-1,1,1,0.011425934731960297
1,-1,1,-1,-1,-1,-1,1,-1,1,1,-1,-1,0.011253847740590572
1,-1,1,-1,-1,-1,-1,1,-1,1,1,-1,1,0.011693042702972889
1,-1,1,-1,-1,-1,-1,1,-1,1,1,1,-1,0.010487847030162811
1,-1,1,-1,-1,-1,-1,1,1,-1,-1,-1,-1,0.010362866334617138
1,-1,1,-1,-1,-1,-1,1,1,-1,-1,1,-1,0.01022140309214592
1,-1,1,-1,-1,-1,-1,1,1,-1,1,-1,-1,0.01027159346267581
1,-1,1,-1,-1,-1,-1,1,1,-1,1,1,-1,0.009315609000623226
1,-1,1,-1,-1,-1,-1,1,1,1,-1,-1,-1,0.011281769722700119
1,-1,1,-1,-1,-1,-1,1,1,1,-1,-1,1,0.011554578940073649
1,-1,1,-1,-1,-1,-1,1,1,1,-1,1,-1,0.010293143335729837
1,-1,1,-1,-1,-1,-1,1,1,1,-1,1,1,0.010681918822228909
1,-1,1,-1,-1,-1,-1,1,1,1,1,-1,1,0.010766897350549698
1,-1,1,-1,-1,-1,1,-1,-1,-1,-1,-1,-1,0.012228402309119701
1,-1,1,-1,-1,-1,1,-1,-1,-1,-1,1,-1,0.011668519116938114
1,-1,1,-1,-1,-1,1,-1,-1,-1,1,-1,-1,0.011495791375637054
1,-1,1,-1,-1,-1,1,-1,-1,-1,1,-1,1,0.012293190229684114
1,-1,1,-1,-1,-1,1,-1,-1,1,-1,-1,-1,0.012539469016095003
1,-1,1,-1,-1,-1,1,-1,-1,1,-1,-1,1,0.013179771602153778
1,-1,1,-1,-1,-1,1,-1,-1,1,-1,1,-1,0.01182566350325942
1,-1,1,-1,-1,-1,1,-1,-1,1,1,-1,-1,0.011896251700818539
1,-1,1,-1,-1,-1,1,-1,-1,1,1,-1,1,0.012544311117380857
1,-1,1,-1,-1,-1,1,-1,-1,1,1,1,-1,0.011241556610912085
1,-1,1,-1,-1,-1,1,-1,1,-1,-1,-1,-1,0.011552361771464348
1,-1,1,-1,-1,-1,1,-1,1,-1,-1,-1,1,0.012000568211078644
1,-1,1,-1,-1,-1,1,-1,1,-1,-1,1,-1,0.010787873528897762
1,-1,1,-1,-1,-1,1,-1,1,-1,-1,1,1,0.011296975892037153
1,-1,1,-1,-1,-1,1,-1,1,-1,1,-1,-1,0.011006352181235949
1,-1,1,-1,-1,-1,1,-1,1,-1,1,1,-1,0.010312871697048346
1,-1,1,-1,-1,-1,1,-1,1,-1,1,1,1,0.01071602882196506
1,-1,1,-1,-1,-1,1,-1,1,1,-1,1,-1,0.011112582869827747
1,-1,1,-1,-1,-1,1,-1,1,1,1,-1,1,0.011881692335009575
1,-1,1,-1,-1,-1,1,-1,1,1,1,1,-1,0.010454149451106787
1,-1,1,-1,-1,-1,1,-1,1,1,1,1,1,0.011009219102561474
1,-1,1,-1,-1,-1,1,1,-1,-1,-1,1,-1,0.011097582057118416
1,-1,1,-1,-1,-1,1,1,-1,-1,-1,1,1,0.011518265741566816
1,-1,1,-1,-1,-1,1,1,-1,-1,1,-1,-1,0.01130493264645338
1,-1,1,-1,-1,-1,1,1,-1,-1,1,-1,1,0.011397523805499077
1,-1,1,-1,-1,-1,1,1,-1,-1,1,1,-1,0.010450060479342937
1,-1,1,-1,-1,-1,1,1,-1,-1,1,1,1,0.0110118193551898
1,-1,1,-1,-1,-1,1,1,-1,1,-1,-1,1,0.012331085279583931
1,-1,1,-1,-1,-1,1,1,-1,1,-1,1,1,0.011952130744854609
1,-1,1,-1,-1,-1,1,1,-1,1,1,-1,-1,0.011560210958123207
1,-1,1,-1,-1,-1,1,1,-1,1,1,-1,1,0.012013924773782492
1,-1,1,-1,-1,-1,1,1,-1,1,1,1,-1,0.010803509503602982
1,-1,1,-1,-1,-1,1,1,-1,1,1,1,1,0.010968911461532116
1,-1,1,-1,-1,-1,1,1,1,-1,-1,-1,-1,0.010891653597354889
1,-1,1,-1,-1,-1,1,1,1,-1,-1,-1,1,0.011417207308113575
1,-1,1,-1,-1,-1,1,1,1,-1,-1,1,1,0.010936629337569078
1,-1,1,-1,-1,-1,1,1,1,-1,1,-1,-1,0.01052814582362771
1,-1,1,-1,-1,-1,1,1,1,-1,1,1,-1,0.009926552884280682
1,-1,1,-1,-1,-1,1,1,1,1,-1,-1,-1,0.011271200142800808
1,-1,1,-1,-1,-1,1,1,1,1,-1,-1,1,0.011919483542442322
1,-1,1,-1,-1,-1,1,1,1,1,-1,1,-1,0.01078956201672554
1,-1,1,-1,-1,-1,1,1,1,1,1,-1,-1,0.010752498637884855
1,-1,1,-1,-1,-1,1,1,1,1,1,-1,1,0.011332638561725616
1,-1,1,-1,-1,-1,1,1,1,1,1,1,-1,0.010195581242442131
1,-1,1,-1,-1,-1,1,1,1,1,1,1,1,0.010587986093014479
1,-1,1,-1,-1,1,-1,-1,-1,-1,-1,-1,-1,0.011305824853479862
1,-1,1,-1,-1,1,-1,-1,-1,-1,-1,-1,1,0.011812693439424038
1,-1,1,-1,-1,1,-1,-1,-1,-1,1,-1,1,0.011122241616249084
1,-1,1,-1,-1,1,-1,-1,-1,1,-1,-1,-1,0.011809953954070807
1,-1,1,-1,-1,1,-1,-1,-1,1,-1,-1,1,0.011935402639210224
1,-1,1,-1,-1,1,-1,-1,-1,1,-1,1,-1,0.01109233032912016
1,-1,1,-1,-1,1,-1,-1,-1,1,-1,1,1,0.011490143369883299
1,-1,1,-1,-1,1,-1,-1,-1,1,1,-1,-1,0.011077736504375935
1,-1,1,-1,-1,1,-1,-1,-1,1,1,-1,1,0.011700757779181004
1,-1,1,-1,-1,1,-1,-1,-1,1,1,1,-1,0.01053890741119782
1,-1,1,-1,-1,1,-1,-1,-1,1,1,1,1,0.01119606290012598
1,-1,1,-1,-1,1,-1,-1,1,-1,-1,-1,-1,0.010832041501998901
1,-1,1,-1,-1,1,-1,-1,1,-1,-1,-1,1,0.011313961818814278
1,-1,1,-1,-1,1,-1,-1,1,-1,-1,1,-1,0.010020102684696516
1,-1,1,-1,-1,1,-1,-1,1,-1,-1,1,1,0.010484689380973577
1,-1,1,-1,-1,1,-1,-1,1,-1,1,-1,-1,0.010102084216972193
1,-1,1,-1,-1,1,-1,-1,1,-1,1,1,-1,0.00950221469004949
1,-1,1,-1,-1,1,-1,-1,1,-1,1,1,1,0.010117580648511648
1,-1,1,-1,-1,1,-1,-1,1,1,-1,-1,-1,0.011107530444860458
1,-1,1,-1,-1,1,-1,-1,1,1,-1,1,-1,0.010527413338422775
1,-1,1,-1,-1,1,-1,-1,1,1,1,-1,-1,0.010678221005946398
1,-1,1,-1,-1,1,-1,-1,1,1,1,1,-1,0.010035045444965363
1,-1,1,-1,-1,1,-1,-1,1,1,1,1,1,0.010476667433977127
1,-1,1,-1,-1,1,-1,1,-1,-1,-1,-1,1,0.011241290718317032
1,-1,1,-1,-1,1,-1,1,-1,-1,-1,1,-1,0.01027699513360858
1,-1,1,-1,-1,1,-1,1,-1,-1,-1,1,1,0.010767924133688211
1,-1,1,-1,-1,1,-1,1,-1,-1,1,-1,-1,0.010071688331663609
1,-1,1,-1,-1,1,-1,1,-1,-1,1,1,-1,0.00974504929035902
1,-1,1,-1,-1,1,-1,1,-1,1,-1,-1,-1,0.011273336907227835
1,-1,1,-1,-1,1,-1,1,-1,1,-1,-1,1,0.011827275156974792
1,-1,1,-1,-1,1,-1,1,-1,1,-1,1,-1,0.010391085408627987
1,-1,1,-1,-1,1,-1,1,-1,1,1,-1,1,0.011427931487560272
1,-1,1,-1,-1,1,-1,1,-1,1,1,1,-1,0.010286055505275726
1,-1,1,-1,-1,1,-1,1,1,-1,-1,-1,-1,0.010361290536820889
1,-1,1,-1,-1,1,-1,1,1,-1,-1,-1,1,0.010763617542882761
1,-1,1,-1,-1,1,-1,1,1,-1,-1,1,-1,0.00962355942465365
1,-1,1,-1,-1,1,-1,1,1,-1,-1,1,1,0.009928755927830935
1,-1,1,-1,-1,1,-1,1,1,-1,1,-1,-1,0.009564533829689026
1,-1,1,-1,-1,1,-1,1,1,-1,1,1,-1,0.009103809483349323
1,-1,1,-1,-1,1,-1,1,1,1,-1,-1,-1,0.01071773562580347
1,-1,1,-1,-1,1,-1,1,1,1,-1,1,-1,0.009785071946680546
1,-1,1,-1,-1,1,-1,1,1,1,1,-1,-1,0.009894331451505423
1,-1,1,-1,-1,1,-1,1,1,1,1,-1,1,0.01060896459966898
1,-1,1,-1,-1,1,-1,1,1,1,1,1,1,0.0095766163431108
1,-1,1,-1,-1,1,1,-1,-1,-1,-1,-1,-1,0.011560305953025818
1,-1,1,-1,-1,1,1,-1,-1,-1,-1,1,-1,0.01125703938305378
1,-1,1,-1,-1,1,1,-1,-1,-1,-1,1,1,0.011484187717239061
1,-1,1,-1,-1,1,1,-1,-1,-1,1,-1,1,0.011343560181558132
1,-1,1,-1,-1,1,1,-1,-1,-1,1,1,-1,0.010443191975355148
1,-1,1,-1,-1,1,1,-1,-1,1,-1,-1,-1,0.012171987444162369
1,-1,1,-1,-1,1,1,-1,-1,1,-1,1,1,0.012182077392935753
1,-1,1,-1,-1,1,1,-1,-1,1,1,-1,1,0.011914096539840102
1,-1,1,-1,-1,1,1,-1,-1,1,1,1,-1,0.010643303394317627
1,-1,1,-1,-1,1,1,-1,-1,1,1,1,1,0.011350062675774097
1,-1,1,-1,-1,1,1,-1,1,-1,-1,-1,-1,0.011102999560534954
1,-1,1,-1,-1,1,1,-1,1,-1,-1,-1,1,0.011265309527516365
1,-1,1,-1,-1,1,1,-1,1,-1,-1,1,1,0.01089949564387401
1,-1,1,-1,-1,1,1,-1,1,-1,1,-1,-1,0.010438743513077497
1,-1,1,-1,-1,1,1,-1,1,-1,1,-1,1,0.011063980869948864
1,-1,1,-1,-1,1,1,-1,1,-1,1,1,-1,0.009770930744707584
1,-1,1,-1,-1,1,1,-1,1,-1,1,1,1,0.010507195722311735
1,-1,1,-1,-1,1,1,-1,1,1,-1,-1,-1,0.01118960976600647
1,-1,1,-1,-1,1,1,-1,1,1,-1,-1,1,0.012074652127921581
1,-1,1,-1,-1,1,1,-1,1,1,-1,1,1,0.01136593334376812
1,-1,1,-1,-1,1,1,-1,1,1,1,-1,-1,0.010725650936365128
1,-1,1,-1,-1,1,1,-1,1,1,1,-1,1,0.011288672219961882
1,-1,1,-1,-1,1,1,-1,1,1,1,1,-1,0.010020821820944548
1,-1,1,-1,-1,1,1,-1,1,1,1,1,1,0.010296703316271305
1,-1,1,-1,-1,1,1,1,-1,-1,-1,1,1,0.010661604814231396
1,-1,1,-1,-1,1,1,1,-1,-1,1,-1,-1,0.01069306954741478
1,-1,1,-1,-1,1,1,1,-1,-1,1,1,1,0.010204150341451168
1,-1,1,-1,-1,1,1,1,-1,1,-1,-1,1,0.012058159336447716
1,-1,1,-1,-1,1,1,1,-1,1,-1,1,-1,0.010846720697979132
1,-1,1,-1,-1,1,1,1,-1,1,-1,1,1,0.01127437191704909
1,-1,1,-1,-1,1,1,1,-1,1,1,-1,1,0.01169675961136818
1,-1,1,-1,-1,1,1,1,-1,1,1,1,-1,0.010411269031465054
1,-1,1,-1,-1,1,1,1,-1,1,1,1,1,0.01078221807256341
1,-1,1,-1,-1,1,1,1,1,-1,-1,-1,-1,0.010532322339713573
1,-1,1,-1,-1,1,1,1,1,-1,-1,-1,1,0.01086296932771802
1,-1,1,-1,-1,1,1,1,1,-1,-1,1,1,0.010495794005692005
1,-1,1,-1,-1,1,1,1,1,-1,1,-1,-1,0.009983144467696548
1,-1,1,-1,-1,1,1,1,1,-1,1,-1,1,0.010600441135466099
1,-1,1,-1,-1,1,1,1,1,-1,1,1,-1,0.009578729048371315
1,-1,1,-1,-1,1,1,1,1,-1,1,1,1,0.009791473858058453
1,-1,1,-1,-1,1,1,1,1,1,-1,-1,-1,0.010810965672135353
1,-1,1,-1,-1,1,1,1,1,1,-1,-1,1,0.011670729145407677
1,-1,1,-1,-1,1,1,1,1,1,-1,1,-1,0.009993665851652622
1,-1,1,-1,-1,1,1,1,1,1,-1,1,1,0.010716788470745087
1,-1,1,-1,-1,1,1,1,1,1,1,-1,-1,0.01011803513392806
1,-1,1,-1,-1,1,1,1,1,1,1,-1,1,0.010705746710300446
1,-1,1,-1,-1,1,1,1,1,1,1,1,-1,0.009531298652291298
1,-1,1,-1,-1,1,1,1,1,1,1,1,1,0.009856196120381355
1,-1,1,-1,1,-1,-1,-1,-1,-1,-1,-1,-1,0.012469409964978695
1,-1,1,-1,1,-1,-1,-1,-1,-1,-1,-1,1,0.012815479189157486
1,-1,1,-1,1,-1,-1,-1,-1,-1,1,-1,1,0.012407246977090836
1,-1,1,-1,1,-1,-1,-1,-1,-1,1,1,-1,0.01126200333237648
1,-1,1,-1,1,-1,-1,-1,-1,-1,1,1,1,0.011829674243927002
1,-1,1,-1,1,-1,-1,-1,-1,1,-1,-1,-1,0.012928329408168793
1,-1,1,-1,1,-1,-1,-1,-1,1,-1,1,-1,0.011948797851800919
1,-1,1,-1,1,-1,-1,-1,-1,1,-1,1,1,0.012253961525857449
1,-1,1,-1,1,-1,-1,-1,-1,1,1,-1,-1,0.01219627633690834
1,-1,1,-1,1,-1,-1,-1,-1,1,1,1,-1,0.011556082405149937
1,-1,1,-1,1,-1,-1,-1,-1,1,1,1,1,0.011754143051803112
1,-1,1,-1,1,-1,-1,-1,1,-1,-1,-1,1,0.011822577565908432
1,-1,1,-1,1,-1,-1,-1,1,-1,1,-1,-1,0.010957801714539528
1,-1,1,-1,1,-1,-1,-1,1,-1,1,-1,1,0.011446830816566944
1,-1,1,-1,1,-1,-1,-1,1,1,-1,1,-1,0.011218553176149726
1,-1,1,-1,1,-1,-1,-1,1,1,-1,1,1,0.011783693917095661
1,-1,1,-1,1,-1,-1,-1,1,1,1,-1,-1,0.01151056308299303
1,-1,1,-1,1,-1,-1,-1,1,1,1,-1,1,0.011798312421888113
1,-1,1,-1,1,-1,-1,-1,1,1,1,1,1,0.011012441013008356
1,-1,1,-1,1,-1,-1,1,-1,-1,-1,-1,1,0.0122428759932518
1,-1,1,-1,1,-1,-1,1,-1,-1,-1,1,-1,0.011079074504474798
1,-1,1,-1,1,-1,-1,1,-1,-1,-1,1,1,0.011824186891317368
1,-1,1,-1,1,-1,-1,1,-1,-1,1,-1,-1,0.01142234168946743
1,-1,1,-1,1,-1,-1,1,-1,-1,1,1,1,0.011171018239110708
1,-1,1,-1,1,-1,-1,1,-1,1,-1,-1,-1,0.012134243734180927
1,-1,1,-1,1,-1,-1,1,-1,1,-1,-1,1,0.012751270551234484
1,-1,1,-1,1,-1,-1,1,-1,1,-1,1,1,0.012098497245460749
1,-1,1,-1,1,-1,-1,1,-1,1,1,-1,1,0.012202691286802292
1,-1,1,-1,1,-1,-1,1,-1,1,1,1,1,0.011330458335578442
1,-1,1,-1,1,-1,-1,1,1,-1,-1,-1,-1,0.011036823503673077
1,-1,1,-1,1,-1,-1,1,1,-1,-1,1,-1,0.010526180577774843
1,-1,1,-1,1,-1,-1,1,1,-1,-1,1,1,0.010912195779383183
1,-1,1,-1,1,-1,-1,1,1,-1,1,-1,-1,0.010396277531981468
1,-1,1,-1,1,-1,-1,1,1,-1,1,1,-1,0.009698076639324427
1,-1,1,-1,1,-1,-1,1,1,-1,1,1,1,0.0104522705078125
1,-1,1,-1,1,-1,-1,1,1,1,-1,-1,-1,0.01144862500950694
1,-1,1,-1,1,-1,-1,1,1,1,-1,-1,1,0.011991758830845356
1,-1,1,-1,1,-1,-1,1,1,1,-1,1,-1,0.010484308004379272
1,-1,1,-1,1,-1,-1,1,1,1,-1,1,1,0.011346522253006697
1,-1,1,-1,1,-1,-1,1,1,1,1,-1,-1,0.011018821969628334
1,-1,1,-1,1,-1,-1,1,1,1,1,-1,1,0.011194655206054449
1,-1,1,-1,1,-1,1,-1,-1,-1,-1,-1,-1,0.012470640242099762
1,-1,1,-1,1,-1,1,-1,-1,-1,-1,1,-1,0.011908376589417458
1,-1,1,-1,1,-1,1,-1,-1,-1,-1,1,1,0.01260068453848362
1,-1,1,-1,1,-1,1,-1,-1,-1,1,-1,-1,0.012007864192128181
1,-1,1,-1,1,-1,1,-1,-1,-1,1,1,-1,0.01157371886074543
1,-1,1,-1,1,-1,1,-1,-1,-1,1,1,1,0.012131994590163231
1,-1,1,-1,1,-1,1,-1,-1,1,-1,-1,1,0.013400200754404068
1,-1,1,-1,1,-1,1,-1,-1,1,-1,1,-1,0.0121684018522501
1,-1,1,-1,1,-1,1,-1,-1,1,-1,1,1,0.01288119051605463
1,-1,1,-1,1,-1,1,-1,-1,1,1,1,-1,0.011783006601035595
1,-1,1,-1,1,-1,1,-1,-1,1,1,1,1,0.0122407798965772
1,-1,1,-1,1,-1,1,-1,1,-1,-1,-1,1,0.012757427990436554
1,-1,1,-1,1,-1,1,-1,1,-1,-1,1,-1,0.011204167269170284
1,-1,1,-1,1,-1,1,-1,1,-1,-1,1,1,0.01198118133470416
1,-1,1,-1,1,-1,1,-1,1,-1,1,-1,-1,0.011127894744277
1,-1,1,-1,1,-1,1,-1,1,-1,1,1,-1,0.011032850481569767
1,-1,1,-1,1,-1,1,-1,1,1,-1,-1,-1,0.01224119309335947
1,-1,1,-1,1,-1,1,-1,1,1,-1,-1,1,0.01263497769832611
1,-1,1,-1,1,-1,1,-1,1,1,-1,1,-1,0.011805037967860699
1,-1,1,-1,1,-1,1,-1,1,1,1,1,-1,0.011255582794547081
1,-1,1,-1,1,-1,1,1,-1,-1,-1,-1,-1,0.012259022332727909
1,-1,1,-1,1,-1,1,1,-1,-1,-1,1,1,0.012001024559140205
1,-1,1,-1,1,-1,1,1,-1,-1,1,-1,-1,0.011437842001517614
1,-1,1,-1,1,-1,1,1,-1,-1,1,-1,1,0.012250675819814205
1,-1,1,-1,1,-1,1,1,-1,-1,1,1,1,0.011471197474747896
1,-1,1,-1,1,-1,1,1,-1,1,-1,-1,-1,0.012637342792004347
1,-1,1,-1,1,-1,1,1,-1,1,-1,-1,1,0.013213220673302809
1,-1,1,-1,1,-1,1,1,-1,1,-1,1,1,0.012192080728709698
1,-1,1,-1,1,-1,1,1,-1,1,1,-1,-1,0.011816287180408835
1,-1,1,-1,1,-1,1,1,-1,1,1,-1,1,0.01225082902237773
1,-1,1,-1,1,-1,1,1,-1,1,1,1,-1,0.01118496914083759
1,-1,1,-1,1,-1,1,1,-1,1,1,1,1,0.011826759204268456
1,-1,1,-1,1,-1,1,1,1,-1,-1,-1,-1,0.01173169445246458
1,-1,1,-1,1,-1,1,1,1,-1,-1,1,1,0.011728973127901554
1,-1,1,-1,1,-1,1,1,1,-1,1,-1,-1,0.010905035771429539
1,-1,1,-1,1,-1,1,1,1,-1,1,-1,1,0.011100418865680695
1,-1,1,-1,1,-1,1,1,1,-1,1,1,-1,0.010152224451303482
1,-1,1,-1,1,-1,1,1,1,1,-1,-1,1,0.01210889732465148
1,-1,1,-1,1,-1,1,1,1,1,-1,1,-1,0.011146923837562403
1,-1,1,-1,1,-1,1,1,1,1,1,-1,-1,0.01131117856130004
1,-1,1,-1,1,-1,1,1,1,1,1,1,-1,0.010691541247069836
1,-1,1,-1,1,-1,1,1,1,1,1,1,1,0.011119821108877659
1,-1,1,-1,1,1,-1,-1,-1,-1,-1,-1,-1,0.011907072272151709
1,-1,1,-1,1,1,-1,-1,-1,-1,-1,-1,1,0.012442514300346375
1,-1,1,-1,1,1,-1,-1,-1,-1,-1,1,-1,0.01094312034547329
1,-1,1,-1,1,1,-1,-1,-1,-1,1,-1,-1,0.011265463195741177
1,-1,1,-1,1,1,-1,-1,-1,-1,1,-1,1,0.011763442307710648
1,-1,1,-1,1,1,-1,-1,-1,-1,1,1,1,0.011237123049795628
1,-1,1,-1,1,1,-1,-1,-1,1,-1,-1,-1,0.012139387428760529
1,-1,1,-1,1,1,-1,-1,-1,1,-1,-1,1,0.012647156603634357
1,-1,1,-1,1,1,-1,-1,-1,1,1,-1,-1,0.011750058270990849
1,-1,1,-1,1,1,-1,-1,-1,1,1,-1,1,0.012073203921318054
1,-1,1,-1,1,1,-1,-1,-1,1,1,1,-1,0.01094810664653778
1,-1,1,-1,1,1,-1,-1,1,-1,-1,1,-1,0.010726607404649258
1,-1,1,-1,1,1,-1,-1,1,-1,-1,1,1,0.010969573631882668
1,-1,1,-1,1,1,-1,-1,1,-1,1,-1,-1,0.010591294306019941
1,-1,1,-1,1,1,-1,-1,1,-1,1,-1,1,0.010937339626252651
1,-1,1,-1,1,1,-1,-1,1,1,-1,-1,1,0.012010874226689339
1,-1,1,-1,1,1,-1,-1,1,1,-1,1,-1,0.010942575056105852
1,-1,1,-1,1,1,-1,-1,1,1,-1,1,1,0.011319075245410204
1,-1,1,-1,1,1,-1,-1,1,1,1,-1,1,0.01145671276996533
1,-1,1,-1,1,1,-1,1,-1,-1,-1,-1,-1,0.01153986994177103
1,-1,1,-1,1,1,-1,1,-1,-1,-1,-1,1,0.01220974326133728
1,-1,1,-1,1,1,-1,1,-1,-1,1,-1,-1,0.010604829527437687
1,-1,1,-1,1,1,-1,1,-1,-1,1,1,-1,0.009850414004176855
1,-1,1,-1,1,1,-1,1,-1,-1,1,1,1,0.010647958144545555
1,-1,1,-1,1,1,-1,1,-1,1,-1,-1,-1,0.011442312970757484
1,-1,1,-1,1,1,-1,1,-1,1,1,-1,-1,0.011118732392787933
1,-1,1,-1,1,1,-1,1,-1,1,1,-1,1,0.01157985208556056
1,-1,1,-1,1,1,-1,1,-1,1,1,1,-1,0.010533287189900875
1,-1,1,-1,1,1,-1,1,-1,1,1,1,1,0.010961512103676796
1,-1,1,-1,1,1,-1,1,1,-1,-1,1,-1,0.01010892540216446
1,-1,1,-1,1,1,-1,1,1,-1,-1,1,1,0.010611602570861578
1,-1,1,-1,1,1,-1,1,1,-1,1,-1,-1,0.01021795254200697
1,-1,1,-1,1,1,-1,1,1,-1,1,-1,1,0.010585177224129438
1,-1,1,-1,1,1,-1,1,1,-1,1,1,-1,0.009534298442304134
1,-1,1,-1,1,1,-1,1,1,1,-1,-1,1,0.011224579066038132
1,-1,1,-1,1,1,-1,1,1,1,-1,1,-1,0.010227443650364876
1,-1,1,-1,1,1,-1,1,1,1,-1,1,1,0.011076506692916155
1,-1,1,-1,1,1,-1,1,1,1,1,-1,1,0.011180674657225609
1,-1,1,-1,1,1,1,-1,-1,-1,-1,-1,-1,0.012495718896389008
1,-1,1,-1,1,1,1,-1,-1,-1,-1,1,1,0.012127584777772427
1,-1,1,-1,1,1,1,-1,-1,-1,1,-1,-1,0.011768223717808723
1,-1,1,-1,1,1,1,-1,-1,-1,1,-1,1,0.011980968527495861
1,-1,1,-1,1,1,1,-1,-1,-1,1,1,-1,0.010990774258971214
1,-1,1,-1,1,1,1,-1,-1,-1,1,1,1,0.01118448656052351
1,-1,1,-1,1,1,1,-1,-1,1,-1,-1,-1,0.012561116367578506
1,-1,1,-1,1,1,1,-1,-1,1,-1,-1,1,0.013163295574486256
1,-1,1,-1,1,1,1,-1,-1,1,-1,1,-1,0.011937838979065418
1,-1,1,-1,1,1,1,-1,-1,1,-1,1,1,0.012387272901833057
1,-1,1,-1,1,1,1,-1,-1,1,1,-1,-1,0.011857547331601381
1,-1,1,-1,1,1,1,-1,-1,1,1,-1,1,0.01227336935698986
1,-1,1,-1,1,1,1,-1,-1,1,1,1,-1,0.0110405501909554
1,-1,1,-1,1,1,1,-1,-1,1,1,1,1,0.011912893503904343
1,-1,1,-1,1,1,1,-1,1,-1,-1,-1,-1,0.011478585191071033
1,-1,1,-1,1,1,1,-1,1,-1,-1,1,-1,0.01054554432630539
1,-1,1,-1,1,1,1,-1,1,-1,1,-1,1,0.011589805129915476
1,-1,1,-1,1,1,1,-1,1,-1,1,1,-1,0.010143539868295193
1,-1,1,-1,1,1,1,-1,1,1,-1,-1,1,0.012410719878971577
1,-1,1,-1,1,1,1,-1,1,1,-1,1,-1,0.011091724969446659
1,-1,1,-1,1,1,1,-1,1,1,-1,1,1,0.011689884588122368
1,-1,1,-1,1,1,1,-1,1,1,1,-1,1,0.011718743946403265
1,-1,1,-1,1,1,1,-1,1,1,1,1,-1,0.010508471789459387
1,-1,1,-1,1,1,1,-1,1,1,1,1,1,0.011007572524249554
1,-1,1,-1,1,1,1,1,-1,-1,-1,-1,-1,0.011429470032453537
1,-1,1,-1,1,1,1,1,-1,-1,-1,-1,1,0.012239872167507807
1,-1,1,-1,1,1,1,1,-1,-1,-1,1,1,0.011462301015853882
1,-1,1,-1,1,1,1,1,-1,-1,1,-1,-1,0.01118150306865573
1,-1,1,-1,1,1,1,1,-1,-1,1,-1,1,0.011586270295083523
1,-1,1,-1,1,1,1,1,-1,-1,1,1,1,0.010707473382353783
1,-1,1,-1,1,1,1,1,-1,1,-1,-1,1,0.0126634631305933
1,-1,1,-1,1,1,1,1,-1,1,-1,1,-1,0.01111915591172874
1,-1,1,-1,1,1,1,1,-1,1,-1,1,1,0.012072734534740448
1,-1,1,-1,1,1,1,1,-1,1,1,-1,-1,0.011514152865856886
1,-1,1,-1,1,1,1,1,-1,1,1,-1,1,0.011876575648784637
1,-1,1,-1,1,1,1,1,-1,1,1,1,-1,0.010841757990419865
1,-1,1,-1,1,1,1,1,1,-1,-1,-1,1,0.011536939069628716
1,-1,1,-1,1,1,1,1,1,-1,-1,1,-1,0.01041268277913332
1,-1,1,-1,1,1,1,1,1,-1,-1,1,1,0.010592075064778328
1,-1,1,-1,1,1,1,1,1,-1,1,-1,-1,0.010401237135132154
1,-1,1,-1,1,1,1,1,1,-1,1,-1,1,0.01093465555459261
1,-1,1,-1,1,1,1,1,1,-1,1,1,-1,0.009627153631299734
1,-1,1,-1,1,1,1,1,1,-1,1,1,1,0.010352138429880142
1,-1,1,-1,1,1,1,1,1,1,-1,-1,-1,0.011198916472494602
1,-1,1,-1,1,1,1,1,1,1,-1,-1,1,0.011885474435985088
1,-1,1,-1,1,1,1,1,1,1,-1,1,-1,0.010674840770661831
1,-1,1,-1,1,1,1,1,1,1,-1,1,1,0.010959373787045479
1,-1,1,-1,1,1,1,1,1,1,1,-1,-1,0.011022903956472874
1,-1,1,-1,1,1,1,1,1,1,1,-1,1,0.011277924291789532
1,-1,1,-1,1,1,1,1,1,1,1,1,-1,0.010107029229402542
1,-1,1,-1,1,1,1,1,1,1,1,1,1,0.010577588342130184
1,-1,1,1,-1,-1,-1,-1,-1,-1,-1,-1,1,0.012189149390906096
1,-1,1,1,-1,-1,-1,-1,-1,-1,1,-1,-1,0.011085249949246645
1,-1,1,1,-1,-1,-1,-1,-1,-1,1,-1,1,0.011625375133007765
1,-1,1,1,-1,-1,-1,-1,-1,-1,1,1,-1,0.01050962507724762
1,-1,1,1,-1,-1,-1,-1,-1,-1,1,1,1,0.010961529798805714
1,-1,1,1,-1,-1,-1,-1,-1,1,-1,-1,1,0.012332112528383732
1,-1,1,1,-1,-1,-1,-1,-1,1,-1,1,-1,0.011315123178064823
1,-1,1,1,-1,-1,-1,-1,-1,1,-1,1,1,0.011917811507980028
1,-1,1,1,-1,-1,-1,-1,-1,1,1,-1,-1,0.01145410630851984
1,-1,1,1,-1,-1,-1,-1,-1,1,1,-1,1,0.011821018531918526
1,-1,1,1,-1,-1,-1,-1,-1,1,1,1,-1,0.010884599449733892
1,-1,1,1,-1,-1,-1,-1,1,-1,-1,-1,1,0.01130651868879795
1,-1,1,1,-1,-1,-1,-1,1,-1,-1,1,-1,0.010332020930945873
1,-1,1,1,-1,-1,-1,-1,1,-1,-1,1,1,0.010756930336356163
1,-1,1,1,-1,-1,-1,-1,1,-1,1,-1,-1,0.01070363912731409
1,-1,1,1,-1,-1,-1,-1,1,-1,1,-1,1,0.010882909409701824
1,-1,1,1,-1,-1,-1,-1,1,-1,1,1,-1,0.00970476446673274
1,-1,1,1,-1,-1,-1,-1,1,-1,1,1,1,0.010319581255316734
1,-1,1,1,-1,-1,-1,-1,1,1,-1,-1,1,0.011588895693421364
1,-1,1,1,-1,-1,-1,-1,1,1,-1,1,1,0.011153344064950943
1,-1,1,1,-1,-1,-1,-1,1,1,1,-1,-1,0.010762381833046675
1,-1,1,1,-1,-1,-1,-1,1,1,1,1,-1,0.010189703355232874
1,-1,1,1,-1,-1,-1,-1,1,1,1,1,1,0.010414122603833675
1,-1,1,1,-1,-1,-1,1,-1,-1,-1,-1,-1,0.011158745270222425
1,-1,1,1,-1,-1,-1,1,-1,-1,-1,-1,1,0.011430122889578342
1,-1,1,1,-1,-1,-1,1,-1,-1,-1,1,-1,0.010898187756538391
1,-1,1,1,-1,-1,-1,1,-1,-1,-1,1,1,0.011056045380731424
1,-1,1,1,-1,-1,-1,1,-1,-1,1,-1,-1,0.010662400474150976
1,-1,1,1,-1,-1,-1,1,-1,-1,1,1,-1,0.010104368440806866
1,-1,1,1,-1,-1,-1,1,-1,-1,1,1,1,0.010523534379899502
1,-1,1,1,-1,-1,-1,1,-1,1,-1,-1,-1,0.011271382216364145
1,-1,1,1,-1,-1,-1,1,-1,1,-1,-1,1,0.012083861976861954
1,-1,1,1,-1,-1,-1,1,-1,1,-1,1,-1,0.010899490055938562
1,-1,1,1,-1,-1,-1,1,-1,1,-1,1,1,0.01143372431397438
1,-1,1,1,-1,-1,-1,1,-1,1,1,-1,-1,0.010911472607403994
1,-1,1,1,-1,-1,-1,1,-1,1,1,1,1,0.011165588162839413
1,-1,1,1,-1,-1,-1,1,1,-1,-1,1,-1,0.010013018734753132
1,-1,1,1,-1,-1,-1,1,1,-1,-1,1,1,0.010351725853979588
1,-1,1,1,-1,-1,-1,1,1,-1,1,-1,-1,0.010070156306028366
1,-1,1,1,-1,-1,-1,1,1,-1,1,1,-1,0.00921993050724268
1,-1,1,1,-1,-1,-1,1,1,1,-1,-1,-1,0.010806157952174544
1,-1,1,1,-1,-1,-1,1,1,1,-1,-1,1,0.011327553540468216
1,-1,1,1,-1,-1,-1,1,1,1,-1,1,-1,0.00984631897881627
1,-1,1,1,-1,-1,-1,1,1,1,1,-1,-1,0.010430731810629368
1,-1,1,1,-1,-1,-1,1,1,1,1,1,-1,0.009520158637315035
1,-1,1,1,-1,-1,1,-1,-1,-1,-1,-1,1,0.012592381797730923
1,-1,1,1,-1,-1,1,-1,-1,-1,-1,1,-1,0.011325802654027939
1,-1,1,1,-1,-1,1,-1,-1,-1,-1,1,1,0.01184506838520368
1,-1,1,1,-1,-1,1,-1,-1,-1,1,-1,1,0.012068440206348896
1,-1,1,1,-1,-1,1,-1,-1,-1,1,1,-1,0.010926807299256325
1,-1,1,1,-1,-1,1,-1,-1,-1,1,1,1,0.011176770087331533
1,-1,1,1,-1,-1,1,-1,-1,1,1,-1,1,0.012066508643329144
1,-1,1,1,-1,-1,1,-1,-1,1,1,1,-1,0.011273523792624474
1,-1,1,1,-1,-1,1,-1,-1,1,1,1,1,0.01171591505408287
1,-1,1,1,-1,-1,1,-1,1,-1,-1,1,-1,0.010537330061197281
1,-1,1,1,-1,-1,1,-1,1,-1,-1,1,1,0.011144221760332584
1,-1,1,1,-1,-1,1,-1,1,-1,1,-1,-1,0.010821366682648659
1,-1,1,1,-1,-1,1,-1,1,-1,1,-1,1,0.011395219713449478
1,-1,1,1,-1,-1,1,-1,1,-1,1,1,-1,0.010022719080249468
1,-1,1,1,-1,-1,1,-1,1,-1,1,1,1,0.011022076942026615
1,-1,1,1,-1,-1,1,-1,1,1,-1,-1,-1,0.011625762097537518
1,-1,1,1,-1,-1,1,-1,1,1,-1,-1,1,0.012008770368993282
1,-1,1,1,-1,-1,1,-1,1,1,-1,1,-1,0.010890441481024027
1,-1,1,1,-1,-1,1,-1,1,1,-1,1,1,0.011426618322730064
1,-1,1,1,-1,-1,1,-1,1,1,1,-1,-1,0.01092132879421115
1,-1,1,1,-1,-1,1,-1,1,1,1,1,1,0.010983760468661785
1,-1,1,1,-1,-1,1,1,-1,-1,-1,-1,-1,0.011235170066356659
1,-1,1,1,-1,-1,1,1,-1,-1,-1,1,-1,0.010785291902720928
1,-1,1,1,-1,-1,1,1,-1,-1,-1,1,1,0.0113880205899477
1,-1,1,1,-1,-1,1,1,-1,-1,1,-1,-1,0.01104276767000556
1,-1,1,1,-1,-1,1,1,-1,-1,1,1,-1,0.010251466184854507
1,-1,1,1,-1,-1,1,1,-1,1,-1,-1,1,0.012384942173957825
1,-1,1,1,-1,-1,1,1,-1,1,-1,1,1,0.011856818571686745
1,-1,1,1,-1,-1,1,1,-1,1,1,-1,-1,0.011364222504198551
1,-1,1,1,-1,-1,1,1,-1,1,1,-1,1,0.011624233176310858
1,-1,1,1,-1,-1,1,1,-1,1,1,1,1,0.010847433470189571
1,-1,1,1,-1,-1,1,1,1,-1,-1,-1,1,0.011444955598562956
1,-1,1,1,-1,-1,1,1,1,-1,-1,1,-1,0.010181297548115253
1,-1,1,1,-1,-1,1,1,1,-1,1,-1,-1,0.010324638336896896
1,-1,1,1,-1,-1,1,1,1,-1,1,-1,1,0.010697871446609497
1,-1,1,1,-1,-1,1,1,1,-1,1,1,-1,0.009752196725457907
1,-1,1,1,-1,-1,1,1,1,1,-1,-1,-1,0.011125257859627405
1,-1,1,1,-1,-1,1,1,1,1,1,-1,-1,0.010591688565909863
1,-1,1,1,-1,-1,1,1,1,1,1,-1,1,0.010852514300495386
1,-1,1,1,-1,-1,1,1,1,1,1,1,-1,0.00987600969771544
1,-1,1,1,-1,1,-1,-1,-1,-1,-1,-1,1,0.011604524217545986
1,-1,1,1,-1,1,-1,-1,-1,-1,-1,1,-1,0.010488438419997692
1,-1,1,1,-1,1,-1,-1,-1,-1,-1,1,1,0.010845561046153307
1,-1,1,1,-1,1,-1,-1,-1,-1,1,-1,-1,0.010518797440454364
1,-1,1,1,-1,1,-1,-1,-1,-1,1,-1,1,0.011336274445056915
1,-1,1,1,-1,1,-1,-1,-1,-1,1,1,-1,0.009888582862913609
1,-1,1,1,-1,1,-1,-1,-1,1,-1,-1,-1,0.011385521851480007
1,-1,1,1,-1,1,-1,-1,-1,1,-1,-1,1,0.012017764151096344
1,-1,1,1,-1,1,-1,-1,-1,1,-1,1,1,0.011310690082609653
1,-1,1,1,-1,1,-1,-1,-1,1,1,-1,-1,0.01100658206269145
1,-1,1,1,-1,1,-1,-1,-1,1,1,-1,1,0.011426170356571674
1,-1,1,1,-1,1,-1,-1,-1,1,1,1,-1,0.010129385627806187
1,-1,1,1,-1,1,-1,-1,-1,1,1,1,1,0.010627790819853544
1,-1,1,1,-1,1,-1,-1,1,-1,-1,1,-1,0.009920016629621387
1,-1,1,1,-1,1,-1,-1,1,-1,-1,1,1,0.010466375388205051
1,-1,1,1,-1,1,-1,-1,1,-1,1,-1,1,0.010481654666364193
1,-1,1,1,-1,1,-1,-1,1,-1,1,1,-1,0.009153300896286964
1,-1,1,1,-1,1,-1,-1,1,1,-1,-1,-1,0.01070460956543684
1,-1,1,1,-1,1,-1,-1,1,1,-1,-1,1,0.011425968259572983
1,-1,1,1,-1,1,-1,-1,1,1,-1,1,-1,0.010276629589498043
1,-1,1,1,-1,1,-1,-1,1,1,-1,1,1,0.01081770146265626
1,-1,1,1,-1,1,-1,-1,1,1,1,-1,-1,0.010175639453033606
1,-1,1,1,-1,1,-1,-1,1,1,1,1,1,0.010031159035861492
1,-1,1,1,-1,1,-1,1,-1,-1,-1,-1,-1,0.01091898512095213
1,-1,1,1,-1,1,-1,1,-1,-1,-1,-1,1,0.011525876820087433
1,-1,1,1,-1,1,-1,1,-1,-1,-1,1,-1,0.009745040908455849
1,-1,1,1,-1,1,-1,1,-1,-1,1,-1,-1,0.010145259089767933
1,-1,1,1,-1,1,-1,1,-1,-1,1,-1,1,0.010457303375005722
1,-1,1,1,-1,1,-1,1,-1,-1,1,1,1,0.009849666617810726
1,-1,1,1,-1,1,-1,1,-1,1,-1,-1,1,0.011698086746037006
1,-1,1,1,-1,1,-1,1,-1,1,-1,1,-1,0.010021204128861427
1,-1,1,1,-1,1,-1,1,-1,1,-1,1,1,0.010941044427454472
1,-1,1,1,-1,1,-1,1,-1,1,1,-1,-1,0.010430213995277882
1,-1,1,1,-1,1,-1,1,-1,1,1,-1,1,0.011135738343000412
1,-1,1,1,-1,1,-1,1,-1,1,1,1,-1,0.009721208363771439
1,-1,1,1,-1,1,-1,1,-1,1,1,1,1,0.010327370837330818
1,-1,1,1,-1,1,-1,1,1,-1,-1,-1,-1,0.00978541374206543
1,-1,1,1,-1,1,-1,1,1,-1,-1,-1,1,0.010753290727734566
1,-1,1,1,-1,1,-1,1,1,-1,-1,1,-1,0.009293150467177233
1,-1,1,1,-1,1,-1,1,1,-1,1,1,-1,0.008647022768855095
1,-1,1,1,-1,1,-1,1,1,-1,1,1,1,0.009273942559957504
1,-1,1,1,-1,1,-1,1,1,1,-1,-1,-1,0.010246740886941552
1,-1,1,1,-1,1,-1,1,1,1,-1,-1,1,0.010795435247321924
1,-1,1,1,-1,1,-1,1,1,1,-1,1,-1,0.00970010505989194
1,-1,1,1,-1,1,-1,1,1,1,-1,1,1,0.010113026946783066
1,-1,1,1,-1,1,-1,1,1,1,1,-1,1,0.010436661075800657
1,-1,1,1,-1,1,-1,1,1,1,1,1,-1,0.009034921415150166
1,-1,1,1,-1,1,-1,1,1,1,1,1,1,0.00935295782983303
1,-1,1,1,-1,1,1,-1,-1,-1,-1,-1,-1,0.011358081673582395
1,-1,1,1,-1,1,1,-1,-1,-1,-1,-1,1,0.01176961325109005
1,-1,1,1,-1,1,1,-1,-1,-1,-1,1,1,0.01136995479464531
1,-1,1,1,-1,1,1,-1,-1,-1,1,-1,-1,0.01085310180981954
1,-1,1,1,-1,1,1,-1,-1,-1,1,1,1,0.010862281545996666
1,-1,1,1,-1,1,1,-1,-1,1,-1,-1,1,0.012101498432457447
1,-1,1,1,-1,1,1,-1,-1,1,-1,1,-1,0.011055417358875275
1,-1,1,1,-1,1,1,-1,-1,1,-1,1,1,0.011940408498048782
1,-1,1,1,-1,1,1,-1,-1,1,1,-1,1,0.011983527801930904
1,-1,1,1,-1,1,1,-1,-1,1,1,1,-1,0.010521763935685158
1,-1,1,1,-1,1,1,-1,-1,1,1,1,1,0.01118297129869461
1,-1,1,1,-1,1,1,-1,1,-1,-1,-1,-1,0.010782024512688318
1,-1,1,1,-1,1,1,-1,1,-1,-1,-1,1,0.01130109652876854
1,-1,1,1,-1,1,1,-1,1,-1,-1,1,-1,0.009836293291300535
1,-1,1,1,-1,1,1,-1,1,-1,-1,1,1,0.010418261401355267
1,-1,1,1,-1,1,1,-1,1,-1,1,1,-1,0.009440319053828717
1,-1,1,1,-1,1,1,-1,1,-1,1,1,1,0.009982880670577288
1,-1,1,1,-1,1,1,-1,1,1,-1,-1,-1,0.011300696525722742
1,-1,1,1,-1,1,1,-1,1,1,-1,-1,1,0.011527623049914837
1,-1,1,1,-1,1,1,-1,1,1,-1,1,-1,0.010330401826649904
1,-1,1,1,-1,1,1,-1,1,1,-1,1,1,0.010913201607763767
1,-1,1,1,-1,1,1,-1,1,1,1,-1,-1,0.01067460235208273
1,-1,1,1,-1,1,1,-1,1,1,1,1,-1,0.009721459820866585
1,-1,1,1,-1,1,1,-1,1,1,1,1,1,0.010522641241550446
1,-1,1,1,-1,1,1,1,-1,-1,-1,-1,-1,0.010617392137646675
1,-1,1,1,-1,1,1,1,-1,-1,-1,1,-1,0.010032683610916138
1,-1,1,1,-1,1,1,1,-1,-1,-1,1,1,0.01083716843277216
1,-1,1,1,-1,1,1,1,-1,-1,1,-1,-1,0.010548990219831467
1,-1,1,1,-1,1,1,1,-1,-1,1,-1,1,0.010855503845959902
1,-1,1,1,-1,1,1,1,-1,-1,1,1,-1,0.009751820005476475
1,-1,1,1,-1,1,1,1,-1,-1,1,1,1,0.010320730693638324
1,-1,1,1,-1,1,1,1,-1,1,-1,-1,1,0.011873849978049597
1,-1,1,1,-1,1,1,1,-1,1,-1,1,-1,0.010533515363931656
1,-1,1,1,-1,1,1,1,-1,1,-1,1,1,0.011231228709220886
1,-1,1,1,-1,1,1,1,-1,1,1,-1,1,0.011263692441085974
1,-1,1,1,-1,1,1,1,-1,1,1,1,1,0.010480577126145363
1,-1,1,1,-1,1,1,1,1,-1,-1,-1,-1,0.010315810795873404
1,-1,1,1,-1,1,1,1,1,-1,-1,-1,1,0.01065675774589181
1,-1,1,1,-1,1,1,1,1,-1,-1,1,-1,0.00969778373837471
1,-1,1,1,-1,1,1,1,1,-1,1,-1,-1,0.009860874464114508
1,-1,1,1,-1,1,1,1,1,-1,1,1,-1,0.008910376578569412
1,-1,1,1,-1,1,1,1,1,-1,1,1,1,0.009489702992141247
1,-1,1,1,-1,1,1,1,1,1,-1,-1,1,0.010882100090384483
1,-1,1,1,-1,1,1,1,1,1,-1,1,1,0.010424839332699776
1,-1,1,1,-1,1,1,1,1,1,1,-1,1,0.010711170732975006
1,-1,1,1,-1,1,1,1,1,1,1,1,-1,0.009277799166738987
1,-1,1,1,-1,1,1,1,1,1,1,1,1,0.00981872994452715
1,-1,1,1,1,-1,-1,-1,-1,-1,-1,-1,-1,0.012258632108569145
1,-1,1,1,1,-1,-1,-1,-1,-1,-1,-1,1,0.012671470176428556
1,-1,1,1,1,-1,-1,-1,-1,-1,-1,1,-1,0.011435312684625387
1,-1,1,1,1,-1,-1,-1,-1,-1,1,-1,-1,0.011552032548934221
1,-1,1,1,1,-1,-1,-1,-1,-1,1,1,-1,0.011147808283567429
1,-1,1,1,1,-1,-1,-1,-1,-1,1,1,1,0.011198502965271473
1,-1,1,1,1,-1,-1,-1,-1,1,-1,-1,-1,0.0121906204149127
1,-1,1,1,1,-1,-1,-1,-1,1,-1,-1,1,0.0131269795820117
1,-1,1,1,1,-1,-1,-1,-1,1,-1,1,1,0.01218972448259592
1,-1,1,1,1,-1,-1,-1,-1,1,1,-1,-1,0.011955127120018005
1,-1,1,1,1,-1,-1,-1,-1,1,1,-1,1,0.012337458785623312
1,-1,1,1,1,-1,-1,-1,-1,1,1,1,1,0.011830265633761883
1,-1,1,1,1,-1,-1,-1,1,-1,-1,-1,-1,0.011345405597239733
1,-1,1,1,1,-1,-1,-1,1,-1,-1,1,-1,0.010526061058044434
1,-1,1,1,1,-1,-1,-1,1,-1,-1,1,1,0.011364771518856287
1,-1,1,1,1,-1,-1,-1,1,-1,1,-1,-1,0.010996846482157707
1,-1,1,1,1,-1,-1,-1,1,-1,1,-1,1,0.011292743496596813
1,-1,1,1,1,-1,-1,-1,1,-1,1,1,-1,0.010271224193274975
1,-1,1,1,1,-1,-1,-1,1,-1,1,1,1,0.01065429113805294
1,-1,1,1,1,-1,-1,-1,1,1,-1,-1,-1,0.0118759386241436
1,-1,1,1,1,-1,-1,-1,1,1,-1,-1,1,0.012176580727100372
1,-1,1,1,1,-1,-1,-1,1,1,-1,1,1,0.011828317772597075
1,-1,1,1,1,-1,-1,-1,1,1,1,1,-1,0.010236294008791447
1,-1,1,1,1,-1,-1,1,-1,-1,-1,-1,-1,0.011469513177871704
1,-1,1,1,1,-1,-1,1,-1,-1,-1,-1,1,0.012287970632314682
1,-1,1,1,1,-1,-1,1,-1,-1,-1,1,-1,0.011063207872211933
1,-1,1,1,1,-1,-1,1,-1,-1,-1,1,1,0.01154512818902731
1,-1,1,1,1,-1,-1,1,-1,-1,1,-1,-1,0.011230519972741604
1,-1,1,1,1,-1,-1,1,-1,-1,1,-1,1,0.011562530261774858
1,-1,1,1,1,-1,-1,1,-1,-1,1,1,-1,0.010463230311870575
1,-1,1,1,1,-1,-1,1,-1,1,-1,-1,-1,0.011927633080631495
1,-1,1,1,1,-1,-1,1,-1,1,-1,1,-1,0.011268412694334984
1,-1,1,1,1,-1,-1,1,-1,1,-1,1,1,0.01173482183367014
1,-1,1,1,1,-1,-1,1,-1,1,1,-1,-1,0.011349235661327839
1,-1,1,1,1,-1,-1,1,-1,1,1,-1,1,0.011810250580310822
1,-1,1,1,1,-1,-1,1,-1,1,1,1,-1,0.010461627505719662
1,-1,1,1,1,-1,-1,1,-1,1,1,1,1,0.011147976852953434
1,-1,1,1,1,-1,-1,1,1,-1,-1,-1,-1,0.011143515817821026
1,-1,1,1,1,-1,-1,1,1,-1,-1,1,-1,0.01034783199429512
1,-1,1,1,1,-1,-1,1,1,-1,-1,1,1,0.010922056622803211
1,-1,1,1,1,-1,-1,1,1,-1,1,1,-1,0.009678429923951626
1,-1,1,1,1,-1,-1,1,1,-1,1,1,1,0.010364431887865067
1,-1,1,1,1,-1,-1,1,1,1,-1,-1,-1,0.011194403748959303
1,-1,1,1,1,-1,-1,1,1,1,-1,-1,1,0.01185690239071846
1,-1,1,1,1,-1,-1,1,1,1,-1,1,-1,0.010523957200348377
1,-1,1,1,1,-1,-1,1,1,1,1,-1,-1,0.010853871703147888
1,-1,1,1,1,-1,-1,1,1,1,1,-1,1,0.011080375872552395
1,-1,1,1,1,-1,1,-1,-1,-1,-1,-1,1,0.012999164561430613
1,-1,1,1,1,-1,1,-1,-1,-1,1,-1,-1,0.012052835896611214
1,-1,1,1,1,-1,1,-1,-1,-1,1,-1,1,0.012593889608979225
1,-1,1,1,1,-1,1,-1,-1,-1,1,1,1,0.011453106999397278
1,-1,1,1,1,-1,1,-1,-1,1,-1,-1,-1,0.012488658539950848
1,-1,1,1,1,-1,1,-1,-1,1,-1,1,1,0.01249852403998375
1,-1,1,1,1,-1,1,-1,-1,1,1,-1,-1,0.012528439983725548
1,-1,1,1,1,-1,1,-1,-1,1,1,-1,1,0.012581111397594213
1,-1,1,1,1,-1,1,-1,-1,1,1,1,-1,0.011500730489691099
1,-1,1,1,1,-1,1,-1,-1,1,1,1,1,0.01191135123372078
1,-1,1,1,1,-1,1,-1,1,-1,-1,-1,1,0.012112915515899658
1,-1,1,1,1,-1,1,-1,1,-1,-1,1,-1,0.011087184306234121
1,-1,1,1,1,-1,1,-1,1,1,-1,-1,1,0.012596957385540009
1,-1,1,1,1,-1,1,-1,1,1,-1,1,1,0.011601416394114494
1,-1,1,1,1,-1,1,-1,1,1,1,-1,-1,0.011647794395685196
1,-1,1,1,1,-1,1,-1,1,1,1,-1,1,0.012121126366158327
1,-1,1,1,1,-1,1,-1,1,1,1,1,-1,0.010888941586017609
1,-1,1,1,1,-1,1,-1,1,1,1,1,1,0.011259508319199085
1,-1,1,1,1,-1,1,1,-1,-1,-1,-1,1,0.012164314277470112
1,-1,1,1,1,-1,1,1,-1,-1,-1,1,-1,0.011118078604340553
1,-1,1,1,1,-1,1,1,-1,-1,-1,1,1,0.011621629819273949
1,-1,1,1,1,-1,1,1,-1,-1,1,1,-1,0.010741662544508776
1,-1,1,1,1,-1,1,1,-1,-1,1,1,1,0.011154810898005962
1,-1,1,1,1,-1,1,1,-1,1,-1,-1,1,0.012926558963954449
1,-1,1,1,1,-1,1,1,-1,1,-1,1,-1,0.01155913365073502
1,-1,1,1,1,-1,1,1,-1,1,1,-1,-1,0.011604143306612968
1,-1,1,1,1,-1,1,1,-1,1,1,-1,1,0.012550689280033112
1,-1,1,1,1,-1,1,1,-1,1,1,1,-1,0.011143105570226908
1,-1,1,1,1,-1,1,1,-1,1,1,1,1,0.011573836673051119
1,-1,1,1,1,-1,1,1,1,-1,-1,-1,-1,0.01110011525452137
1,-1,1,1,1,-1,1,1,1,-1,-1,-1,1,0.01201591081917286
1,-1,1,1,1,-1,1,1,1,-1,-1,1,1,0.011070259846746922
1,-1,1,1,1,-1,1,1,1,-1,1,1,-1,0.010165011510252953
1,-1,1,1,1,-1,1,1,1,-1,1,1,1,0.010719975922256708
1,-1,1,1,1,-1,1,1,1,1,-1,1,-1,0.010530281811952591
1,-1,1,1,1,-1,1,1,1,1,-1,1,1,0.01130374614149332
1,-1,1,1,1,-1,1,1,1,1,1,-1,-1,0.011145786382257938
1,-1,1,1,1,-1,1,1,1,1,1,1,-1,0.010414371266961098
1,-1,1,1,1,1,-1,-1,-1,-1,-1,-1,1,0.01201691199094057
1,-1,1,1,1,1,-1,-1,-1,-1,-1,1,-1,0.010840984992682934
1,-1,1,1,1,1,-1,-1,-1,-1,1,-1,1,0.011447551660239697
1,-1,1,1,1,1,-1,-1,-1,-1,1,1,-1,0.010505615966394544
1,-1,1,1,1,1,-1,-1,-1,-1,1,1,1,0.011223704554140568
1,-1,1,1,1,1,-1,-1,-1,1,-1,-1,-1,0.012147355824708939
1,-1,1,1,1,1,-1,-1,-1,1,-1,-1,1,0.012463286519050598
1,-1,1,1,1,1,-1,-1,-1,1,-1,1,-1,0.01106531172990799
1,-1,1,1,1,1,-1,-1,-1,1,1,-1,1,0.01186402142047882
1,-1,1,1,1,1,-1,-1,-1,1,1,1,1,0.011159712448716164
1,-1,1,1,1,1,-1,-1,1,-1,-1,-1,-1,0.010932320728898048
1,-1,1,1,1,1,-1,-1,1,-1,-1,-1,1,0.011298991739749908
1,-1,1,1,1,1,-1,-1,1,-1,-1,1,1,0.01072674011811614
1,-1,1,1,1,1,-1,-1,1,-1,1,-1,-1,0.01030333829112351
1,-1,1,1,1,1,-1,-1,1,-1,1,-1,1,0.01099899597465992
1,-1,1,1,1,1,-1,-1,1,-1,1,1,1,0.010164585895836353
1,-1,1,1,1,1,-1,-1,1,1,-1,-1,-1,0.011360038071870804
1,-1,1,1,1,1,-1,-1,1,1,-1,-1,1,0.01191055029630661
1,-1,1,1,1,1,-1,-1,1,1,-1,1,-1,0.010676380805671215
1,-1,1,1,1,1,-1,-1,1,1,1,-1,1,0.011179391760379076
1,-1,1,1,1,1,-1,-1,1,1,1,1,1,0.010138293728232384
1,-1,1,1,1,1,-1,1,-1,-1,-1,1,-1,0.01006306428462267
1,-1,1,1,1,1,-1,1,-1,-1,1,-1,1,0.011109699960798025
1,-1,1,1,1,1,-1,1,-1,-1,1,1,-1,0.010293343104422092
1,-1,1,1,1,1,-1,1,-1,-1,1,1,1,0.01046312926337123
1,-1,1,1,1,1,-1,1,-1,1,-1,-1,-1,0.011487452778965235
1,-1,1,1,1,1,-1,1,-1,1,-1,1,-1,0.010915480554103851
1,-1,1,1,1,1,-1,1,-1,1,-1,1,1,0.011381677351891994
1,-1,1,1,1,1,-1,1,-1,1,1,-1,-1,0.010830424105127653
1,-1,1,1,1,1,-1,1,-1,1,1,-1,1,0.011491152457892895
1,-1,1,1,1,1,-1,1,-1,1,1,1,-1,0.01038295216858387
1,-1,1,1,1,1,-1,1,1,-1,-1,-1,-1,0.010202836710959673
1,-1,1,1,1,1,-1,1,1,-1,-1,1,-1,0.009625663980841637
1,-1,1,1,1,1,-1,1,1,-1,1,-1,1,0.010766224004328251
1,-1,1,1,1,1,-1,1,1,-1,1,1,-1,0.009270676101247469
1,-1,1,1,1,1,-1,1,1,-1,1,1,1,0.00959903746843338
1,-1,1,1,1,1,-1,1,1,1,-1,-1,-1,0.010644203051924706
1,-1,1,1,1,1,-1,1,1,1,-1,-1,1,0.011412936262786388
1,-1,1,1,1,1,-1,1,1,1,-1,1,-1,0.010324927046895027
1,-1,1,1,1,1,-1,1,1,1,-1,1,1,0.01049276627600193
1,-1,1,1,1,1,-1,1,1,1,1,-1,-1,0.010285609401762486
1,-1,1,1,1,1,-1,1,1,1,1,-1,1,0.010718793608248234
1,-1,1,1,1,1,-1,1,1,1,1,1,-1,0.009419644251465797
1,-1,1,1,1,1,-1,1,1,1,1,1,1,0.009934287751093507
1,-1,1,1,1,1,1,-1,-1,-1,-1,-1,-1,0.012005217373371124
1,-1,1,1,1,1,1,-1,-1,-1,-1,-1,1,0.012379716150462627
1,-1,1,1,1,1,1,-1,-1,-1,-1,1,-1,0.01129573630169034
1,-1,1,1,1,1,1,-1,-1,-1,1,-1,-1,0.011418372392654419
1,-1,1,1,1,1,1,-1,-1,1,-1,-1,1,0.012548116035759449
1,-1,1,1,1,1,1,-1,-1,1,-1,1,-1,0.011609628796577454
1,-1,1,1,1,1,1,-1,-1,1,-1,1,1,0.012362022884190083
1,-1,1,1,1,1,1,-1,-1,1,1,-1,-1,0.011678858660161495
1,-1,1,1,1,1,1,-1,-1,1,1,-1,1,0.012280834373086691
1,-1,1,1,1,1,1,-1,-1,1,1,1,1,0.011488538235425949
1,-1,1,1,1,1,1,-1,1,-1,-1,-1,1,0.011789469048380852
1,-1,1,1,1,1,1,-1,1,-1,-1,1,-1,0.010496391449123621
1,-1,1,1,1,1,1,-1,1,-1,1,-1,-1,0.010717979399487376
1,-1,1,1,1,1,1,-1,1,-1,1,-1,1,0.0110325887799263
1,-1,1,1,1,1,1,-1,1,-1,1,1,-1,0.01010915171355009
1,-1,1,1,1,1,1,-1,1,1,-1,1,1,0.011460046283900738
1,-1,1,1,1,1,1,-1,1,1,1,-1,-1,0.010844800621271133
1,-1,1,1,1,1,1,-1,1,1,1,1,1,0.011012781877070665
1,-1,1,1,1,1,1,1,-1,-1,-1,1,1,0.010841550305485725
1,-1,1,1,1,1,1,1,-1,-1,1,-1,1,0.011568946298211813
1,-1,1,1,1,1,1,1,-1,-1,1,1,-1,0.010017871546248594
1,-1,1,1,1,1,1,1,-1,-1,1,1,1,0.010412164032459259
1,-1,1,1,1,1,1,1,-1,1,-1,-1,-1,0.011703151278197765
1,-1,1,1,1,1,1,1,-1,1,-1,-1,1,0.01236184872686863
1,-1,1,1,1,1,1,1,-1,1,-1,1,-1,0.010825740173459053
1,-1,1,1,1,1,1,1,-1,1,-1,1,1,0.011412369087338448
1,-1,1,1,1,1,1,1,-1,1,1,-1,-1,0.011321427300572395
1,-1,1,1,1,1,1,1,-1,1,1,-1,1,0.011522453278303146
1,-1,1,1,1,1,1,1,-1,1,1,1,-1,0.01044561124096314
1,-1,1,1,1,1,1,1,-1,1,1,1,1,0.010967864965399107
1,-1,1,1,1,1,1,1,1,-1,-1,-1,-1,0.010648338124155998
1,-1,1,1,1,1,1,1,1,-1,-1,-1,1,0.01129218377172947
1,-1,1,1,1,1,1,1,1,-1,-1,1,-1,0.010078069288283587
1,-1,1,1,1,1,1,1,1,-1,-1,1,1,0.01048990711569786
1,-1,1,1,1,1,1,1,1,-1,1,-1,-1,0.010274789606531462
1,-1,1,1,1,1,1,1,1,-1,1,-1,1,0.01052309013903141
1,-1,1,1,1,1,1,1,1,-1,1,1,-1,0.00938110938295722
1,-1,1,1,1,1,1,1,1,-1,1,1,1,0.010112202726304531
1,-1,1,1,1,1,1,1,1,1,-1,-1,-1,0.011013973969966173
1,-1,1,1,1,1,1,1,1,1,-1,1,-1,0.010501843877136707
1,-1,1,1,1,1,1,1,1,1,-1,1,1,0.011095722205936909
1,-1,1,1,1,1,1,1,1,1,1,-1,-1,0.010652199853211641
1,-1,1,1,1,1,1,1,1,1,1,-1,1,0.010815601795911789
1,-1,1,1,1,1,1,1,1,1,1,1,1,0.010451669804751873
1,1,-1,-1,-1,-1,-1,-1,-1,-1,-1,-1,-1,0.011083134139577547
1,1,-1,-1,-1,-1,-1,-1,-1,-1,-1,-1,1,0.011180880479514599
1,1,-1,-1,-1,-1,-1,-1,-1,-1,-1,1,1,0.010820803698152304
1,1,-1,-1,-1,-1,-1,-1,-1,-1,1,-1,1,0.010878867469727993
1,1,-1,-1,-1,-1,-1,-1,-1,-1,1,1,-1,0.009493472365041574
1,1,-1,-1,-1,-1,-1,-1,-1,-1,1,1,1,0.010250306688249111
1,1,-1,-1,-1,-1,-1,-1,-1,1,-1,1,1,0.011084910482168198
1,1,-1,-1,-1,-1,-1,-1,-1,1,1,-1,-1,0.010715760290622711
1,1,-1,-1,-1,-1,-1,-1,-1,1,1,1,1,0.010401232168078423
1,1,-1,-1,-1,-1,-1,-1,1,-1,-1,-1,1,0.010607287753373384
1,1,-1,-1,-1,-1,-1,-1,1,-1,-1,1,-1,0.009388013742864132
1,1,-1,-1,-1,-1,-1,-1,1,-1,-1,1,1,0.010109619237482548
1,1,-1,-1,-1,-1,-1,-1,1,-1,1,-1,-1,0.009504846297204494
1,1,-1,-1,-1,-1,-1,-1,1,1,-1,-1,-1,0.010606615338474512
1,1,-1,-1,-1,-1,-1,-1,1,1,-1,-1,1,0.010878083917001883
1,1,-1,-1,-1,-1,-1,-1,1,1,-1,1,-1,0.010053283534944057
1,1,-1,-1,-1,-1,-1,-1,1,1,-1,1,1,0.010204263962805271
1,1,-1,-1,-1,-1,-1,-1,1,1,1,-1,1,0.010672724340111017
1,1,-1,-1,-1,-1,-1,-1,1,1,1,1,-1,0.009209169074892998
1,1,-1,-1,-1,-1,-1,-1,1,1,1,1,1,0.009500694461166859
1,1,-1,-1,-1,-1,-1,1,-1,-1,-1,-1,1,0.010733192320913076
1,1,-1,-1,-1,-1,-1,1,-1,-1,-1,1,-1,0.009554856456816196
1,1,-1,-1,-1,-1,-1,1,-1,-1,-1,1,1,0.010219408199191093
1,1,-1,-1,-1,-1,-1,1,-1,-1,1,-1,-1,0.009732566075399518
1,1,-1,-1,-1,-1,-1,1,-1,-1,1,-1,1,0.010183884762227535
1,1,-1,-1,-1,-1,-1,1,-1,-1,1,1,-1,0.009235487319529057
1,1,-1,-1,-1,-1,-1,1,-1,-1,1,1,1,0.009684758260846138
1,1,-1,-1,-1,-1,-1,1,-1,1,-1,-1,-1,0.010918741580098867
1,1,-1,-1,-1,-1,-1,1,-1,1,-1,-1,1,0.011208700481802225
1,1,-1,-1,-1,-1,-1,1,-1,1,-1,1,1,0.010485185775905848
1,1,-1,-1,-1,-1,-1,1,-1,1,1,-1,-1,0.009859161451458931
1,1,-1,-1,-1,-1,-1,1,-1,1,1,1,-1,0.00914859864860773
1,1,-1,-1,-1,-1,-1,1,-1,1,1,1,1,0.010080947540700436
1,1,-1,-1,-1,-1,-1,1,1,-1,-1,-1,-1,0.009735326282680035
1,1,-1,-1,-1,-1,-1,1,1,-1,-1,1,1,0.009586758601168791
1,1,-1,-1,-1,-1,-1,1,1,-1,1,1,1,0.008856183849275112
1,1,-1,-1,-1,-1,-1,1,1,1,-1,-1,1,0.010529371909797192
1,1,-1,-1,-1,-1,-1,1,1,1,-1,1,-1,0.009366376791149378
1,1,-1,-1,-1,-1,-1,1,1,1,1,-1,-1,0.009387900121510029
1,1,-1,-1,-1,-1,-1,1,1,1,1,1,-1,0.008342530578374863
1,1,-1,-1,-1,-1,-1,1,1,1,1,1,1,0.009206816554069519
1,1,-1,-1,-1,-1,1,-1,-1,-1,-1,-1,1,0.011831310112029314
1,1,-1,-1,-1,-1,1,-1,-1,-1,-1,1,-1,0.010507012251764536
1,1,-1,-1,-1,-1,1,-1,-1,-1,-1,1,1,0.010938931256532669
1,1,-1,-1,-1,-1,1,-1,-1,-1,1,-1,-1,0.010664048604667187
1,1,-1,-1,-1,-1,1,-1,-1,-1,1,-1,1,0.011064434424042702
1,1,-1,-1,-1,-1,1,-1,-1,-1,1,1,1,0.010587232187390327
1,1,-1,-1,-1,-1,1,-1,-1,1,-1,-1,-1,0.011470646597445011
1,1,-1,-1,-1,-1,1,-1,-1,1,-1,-1,1,0.011779879685491323
1,1,-1,-1,-1,-1,1,-1,-1,1,-1,1,-1,0.010756547562777996
1,1,-1,-1,-1,-1,1,-1,-1,1,1,-1,1,0.011537421494722366
1,1,-1,-1,-1,-1,1,-1,-1,1,1,1,-1,0.010217583738267422
1,1,-1,-1,-1,-1,1,-1,-1,1,1,1,1,0.010836334899067879
1,1,-1,-1,-1,-1,1,-1,1,-1,-1,-1,1,0.010924191679805517
1,1,-1,-1,-1,-1,1,-1,1,-1,-1,1,-1,0.00991821475327015
1,1,-1,-1,-1,-1,1,-1,1,-1,-1,1,1,0.009924874641001225
1,1,-1,-1,-1,-1,1,-1,1,-1,1,-1,1,0.01051228679716587
1,1,-1,-1,-1,-1,1,-1,1,1,-1,1,-1,0.01020440086722374
1,1,-1,-1,-1,-1,1,-1,1,1,-1,1,1,0.010707025416195393
1,1,-1,-1,-1,-1,1,-1,1,1,1,-1,1,0.010624411050230265
1,1,-1,-1,-1,-1,1,-1,1,1,1,1,-1,0.009603746235370636
1,1,-1,-1,-1,-1,1,-1,1,1,1,1,1,0.009949589148163795
1,1,-1,-1,-1,-1,1,1,-1,-1,-1,1,-1,0.010306449607014656
1,1,-1,-1,-1,-1,1,1,-1,-1,-1,1,1,0.010403686203062534
1,1,-1,-1,-1,-1,1,1,-1,-1,1,-1,-1,0.010275373701006174
1,1,-1,-1,-1,-1,1,1,-1,-1,1,-1,1,0.01051316224038601
1,1,-1,-1,-1,-1,1,1,-1,-1,1,1,1,0.010032226797193289
1,1,-1,-1,-1,-1,1,1,-1,1,-1,-1,-1,0.010735668241977692
1,1,-1,-1,-1,-1,1,1,-1,1,-1,1,-1,0.010267580859363079
1,1,-1,-1,-1,-1,1,1,-1,1,-1,1,1,0.010726767126470804
1,1,-1,-1,-1,-1,1,1,-1,1,1,-1,-1,0.010315604507923126
1,1,-1,-1,-1,-1,1,1,-1,1,1,-1,1,0.010938546620309353
1,1,-1,-1,-1,-1,1,1,-1,1,1,1,-1,0.009677452268078923
1,1,-1,-1,-1,-1,1,1,-1,1,1,1,1,0.010277066845446825
1,1,-1,-1,-1,-1,1,1,1,-1,-1,-1,1,0.010617527179419994
1,1,-1,-1,-1,-1,1,1,1,-1,-1,1,-1,0.009415178249279657
1,1,-1,-1,-1,-1,1,1,1,-1,1,-1,-1,0.009314896538853645
1,1,-1,-1,-1,-1,1,1,1,-1,1,1,-1,0.008780569769442081
1,1,-1,-1,-1,-1,1,1,1,-1,1,1,1,0.009159334003925323
1,1,-1,-1,-1,-1,1,1,1,1,-1,-1,-1,0.01003363449126482
1,1,-1,-1,-1,-1,1,1,1,1,-1,-1,1,0.010823574848473072
1,1,-1,-1,-1,-1,1,1,1,1,1,-1,-1,0.009973669424653053
1,1,-1,-1,-1,-1,1,1,1,1,1,1,-1,0.008969588205218315
1,1,-1,-1,-1,-1,1,1,1,1,1,1,1,0.009921455755829811
1,1,-1,-1,-1,1,-1,-1,-1,-1,1,-1,-1,0.00995891448110342
1,1,-1,-1,-1,1,-1,-1,-1,-1,1,-1,1,0.010532210891445478
1,1,-1,-1,-1,1,-1,-1,-1,-1,1,1,-1,0.009049499407410622
1,1,-1,-1,-1,1,-1,-1,-1,-1,1,1,1,0.009518636390566826
1,1,-1,-1,-1,1,-1,-1,-1,1,-1,-1,-1,0.010560013664265474
1,1,-1,-1,-1,1,-1,-1,-1,1,-1,-1,1,0.011054384522140026
1,1,-1,-1,-1,1,-1,-1,-1,1,-1,1,1,0.010550018399953842
1,1,-1,-1,-1,1,-1,-1,-1,1,1,-1,-1,0.010164199396967888
1,1,-1,-1,-1,1,-1,-1,-1,1,1,-1,1,0.010836772620677948
1,1,-1,-1,-1,1,-1,-1,-1,1,1,1,1,0.009938216768205166
1,1,-1,-1,-1,1,-1,-1,1,-1,-1,-1,-1,0.009790732525289059
1,1,-1,-1,-1,1,-1,-1,1,-1,-1,-1,1,0.01032974198460579
1,1,-1,-1,-1,1,-1,-1,1,-1,1,-1,-1,0.009197920095175505
1,1,-1,-1,-1,1,-1,-1,1,-1,1,-1,1,0.009461031761020422
1,1,-1,-1,-1,1,-1,-1,1,-1,1,1,-1,0.008563676849007607
1,1,-1,-1,-1,1,-1,-1,1,1,-1,-1,1,0.01058133722593387
1,1,-1,-1,-1,1,-1,-1,1,1,-1,1,-1,0.009149386547505856
1,1,-1,-1,-1,1,-1,-1,1,1,1,-1,-1,0.009543480972448984
1,1,-1,-1,-1,1,-1,-1,1,1,1,-1,1,0.010122698731720448
1,1,-1,-1,-1,1,-1,1,-1,-1,-1,-1,1,0.010414017364382744
1,1,-1,-1,-1,1,-1,1,-1,-1,1,-1,-1,0.009362382115796208
1,1,-1,-1,-1,1,-1,1,-1,-1,1,-1,1,0.010011091828346252
1,1,-1,-1,-1,1,-1,1,-1,-1,1,1,-1,0.008378074504435062
1,1,-1,-1,-1,1,-1,1,-1,-1,1,1,1,0.009052008856087923
1,1,-1,-1,-1,1,-1,1,-1,1,-1,-1,1,0.010749499623974165
1,1,-1,-1,-1,1,-1,1,-1,1,-1,1,-1,0.009121119044721127
1,1,-1,-1,-1,1,-1,1,-1,1,-1,1,1,0.009961864911019802
1,1,-1,-1,-1,1,-1,1,-1,1,1,-1,-1,0.009952791966497898
1,1,-1,-1,-1,1,-1,1,-1,1,1,-1,1,0.010202614590525627
1,1,-1,-1,-1,1,-1,1,-1,1,1,1,1,0.009456499014049768
1,1,-1,-1,-1,1,-1,1,1,-1,-1,-1,-1,0.009149300555388132
1,1,-1,-1,-1,1,-1,1,1,-1,-1,-1,1,0.009778306819498539
1,1,-1,-1,-1,1,-1,1,1,-1,-1,1,1,0.00928497314453125
1,1,-1,-1,-1,1,-1,1,1,-1,1,-1,-1,0.008705522865056992
1,1,-1,-1,-1,1,-1,1,1,-1,1,-1,1,0.009075290523469448
1,1,-1,-1,-1,1,-1,1,1,-1,1,1,-1,0.0077722868882119656
1,1,-1,-1,-1,1,-1,1,1,-1,1,1,1,0.008698251098394394
1,1,-1,-1,-1,1,-1,1,1,1,-1,1,-1,0.00885909516364336
1,1,-1,-1,-1,1,-1,1,1,1,1,-1,-1,0.008821266703307629
1,1,-1,-1,-1,1,-1,1,1,1,1,-1,1,0.009575965814292431
1,1,-1,-1,-1,1,-1,1,1,1,1,1,-1,0.008194024674594402
1,1,-1,-1,-1,1,1,-1,-1,-1,-1,-1,-1,0.010388855822384357
1,1,-1,-1,-1,1,1,-1,-1,-1,-1,-1,1,0.011298133991658688
1,1,-1,-1,-1,1,1,-1,-1,-1,-1,1,-1,0.009928007610142231
1,1,-1,-1,-1,1,1,-1,-1,-1,-1,1,1,0.010432107374072075
1,1,-1,-1,-1,1,1,-1,-1,-1,1,-1,-1,0.01005606073886156
1,1,-1,-1,-1,1,1,-1,-1,-1,1,-1,1,0.010732636321336031
1,1,-1,-1,-1,1,1,-1,-1,-1,1,1,-1,0.0095619922503829
1,1,-1,-1,-1,1,1,-1,-1,-1,1,1,1,0.00978358369320631
1,1,-1,-1,-1,1,1,-1,-1,1,-1,-1,1,0.011691355146467686
1,1,-1,-1,-1,1,1,-1,-1,1,-1,1,-1,0.010327230393886565
1,1,-1,-1,-1,1,1,-1,-1,1,-1,1,1,0.011002993676811457
1,1,-1,-1,-1,1,1,-1,-1,1,1,-1,-1,0.010505067184567451
1,1,-1,-1,-1,1,1,-1,-1,1,1,1,-1,0.009721897542476654
1,1,-1,-1,-1,1,1,-1,-1,1,1,1,1,0.010007171891629696
1,1,-1,-1,-1,1,1,-1,1,-1,-1,-1,-1,0.009989938698709011
1,1,-1,-1,-1,1,1,-1,1,-1,-1,-1,1,0.010423633890847364
1,1,-1,-1,-1,1,1,-1,1,-1,-1,1,-1,0.009382212068885565
1,1,-1,-1,-1,1,1,-1,1,-1,-1,1,1,0.009857331402599812
1,1,-1,-1,-1,1,1,-1,1,-1,1,-1,-1,0.00943593354895711
1,1,-1,-1,-1,1,1,-1,1,-1,1,-1,1,0.010014576837420464
1,1,-1,-1,-1,1,1,-1,1,-1,1,1,-1,0.008631836622953415
1,1,-1,-1,-1,1,1,-1,1,1,-1,-1,-1,0.01019360264763236
1,1,-1,-1,-1,1,1,-1,1,1,-1,-1,1,0.010783653007820249
1,1,-1,-1,-1,1,1,-1,1,1,-1,1,-1,0.009291162714362144
1,1,-1,-1,-1,1,1,-1,1,1,1,-1,-1,0.00994889996945858
1,1,-1,-1,-1,1,1,-1,1,1,1,-1,1,0.010138949379324913
1,1,-1,-1,-1,1,1,-1,1,1,1,1,-1,0.008927072398364544
1,1,-1,-1,-1,1,1,1,-1,-1,-1,-1,1,0.010572478175163269
1,1,-1,-1,-1,1,1,1,-1,-1,-1,1,-1,0.00948911781112353
1,1,-1,-1,-1,1,1,1,-1,-1,1,-1,-1,0.009516171179711819
1,1,-1,-1,-1,1,1,1,-1,-1,1,-1,1,0.010099014267325401
1,1,-1,-1,-1,1,1,1,-1,-1,1,1,-1,0.00865326076745987
1,1,-1,-1,-1,1,1,1,-1,-1,1,1,1,0.009185806848108768
1,1,-1,-1,-1,1,1,1,-1,1,-1,-1,-1,0.010458013974130154
1,1,-1,-1,-1,1,1,1,-1,1,-1,-1,1,0.010952233336865902
1,1,-1,-1,-1,1,1,1,-1,1,-1,1,-1,0.010142999701201916
1,1,-1,-1,-1,1,1,1,-1,1,-1,1,1,0.010169892571866512
1,1,-1,-1,-1,1,1,1,-1,1,1,-1,1,0.010457095690071583
1,1,-1,-1,-1,1,1,1,-1,1,1,1,1,0.009503277018666267
1,1,-1,-1,-1,1,1,1,1,-1,-1,-1,1,0.009936399757862091
1,1,-1,-1,-1,1,1,1,1,-1,-1,1,-1,0.008821452967822552
1,1,-1,-1,-1,1,1,1,1,-1,-1,1,1,0.009349070023745298
1,1,-1,-1,-1,1,1,1,1,-1,1,-1,-1,0.00910456944257021
1,1,-1,-1,-1,1,1,1,1,-1,1,1,-1,0.008131666108965874
1,1,-1,-1,-1,1,1,1,1,-1,1,1,1,0.00868436899036169
1,1,-1,-1,-1,1,1,1,1,1,-1,-1,-1,0.009869975969195366
1,1,-1,-1,-1,1,1,1,1,1,-1,1,-1,0.009198220446705818
1,1,-1,-1,-1,1,1,1,1,1,-1,1,1,0.009448269614949822
1,1,-1,-1,-1,1,1,1,1,1,1,-1,-1,0.009169291704893112
1,1,-1,-1,-1,1,1,1,1,1,1,1,-1,0.008725329302251339
1,1,-1,-1,-1,1,1,1,1,1,1,1,1,0.008882023704548677
1,1,-1,-1,1,-1,-1,-1,-1,-1,-1,-1,-1,0.011447723023593426
1,1,-1,-1,1,-1,-1,-1,-1,-1,-1,1,-1,0.010656631551682949
1,1,-1,-1,1,-1,-1,-1,-1,-1,-1,1,1,0.011140690185129642
1,1,-1,-1,1,-1,-1,-1,-1,-1,1,-1,1,0.011347646126523614
1,1,-1,-1,1,-1,-1,-1,-1,-1,1,1,-1,0.00993412360548973
1,1,-1,-1,1,-1,-1,-1,-1,-1,1,1,1,0.010589096695184708
1,1,-1,-1,1,-1,-1,-1,-1,1,-1,-1,-1,0.011614633724093437
1,1,-1,-1,1,-1,-1,-1,-1,1,-1,-1,1,0.012270893901586533
1,1,-1,-1,1,-1,-1,-1,-1,1,-1,1,1,0.011435733176767826
1,1,-1,-1,1,-1,-1,-1,-1,1,1,-1,-1,0.01113706175237894
1,1,-1,-1,1,-1,-1,-1,-1,1,1,-1,1,0.01114293746650219
1,1,-1,-1,1,-1,-1,-1,-1,1,1,1,-1,0.010051203891634941
1,1,-1,-1,1,-1,-1,-1,-1,1,1,1,1,0.010811829939484596
1,1,-1,-1,1,-1,-1,-1,1,-1,-1,-1,-1,0.010644939728081226
1,1,-1,-1,1,-1,-1,-1,1,-1,-1,-1,1,0.011356963776051998
1,1,-1,-1,1,-1,-1,-1,1,-1,-1,1,1,0.01050209254026413
1,1,-1,-1,1,-1,-1,-1,1,-1,1,-1,-1,0.009918675292283297
1,1,-1,-1,1,-1,-1,-1,1,-1,1,1,-1,0.009312558453530073
1,1,-1,-1,1,-1,-1,-1,1,-1,1,1,1,0.00964614562690258
1,1,-1,-1,1,-1,-1,-1,1,1,-1,1,-1,0.010415937751531601
1,1,-1,-1,1,-1,-1,-1,1,1,-1,1,1,0.010514692092935244
1,1,-1,-1,1,-1,-1,-1,1,1,1,-1,-1,0.010447172448039055
1,1,-1,-1,1,-1,-1,-1,1,1,1,-1,1,0.01095511857420206
1,1,-1,-1,1,-1,-1,-1,1,1,1,1,1,0.010153990238904953
1,1,-1,-1,1,-1,-1,1,-1,-1,-1,-1,1,0.011298644045988718
1,1,-1,-1,1,-1,-1,1,-1,-1,-1,1,-1,0.010181037243455648
1,1,-1,-1,1,-1,-1,1,-1,-1,-1,1,1,0.010379315353929996
1,1,-1,-1,1,-1,-1,1,-1,-1,1,-1,1,0.010813706554472446
1,1,-1,-1,1,-1,-1,1,-1,-1,1,1,-1,0.009337459690868855
1,1,-1,-1,1,-1,-1,1,-1,-1,1,1,1,0.010089202784001827
1,1,-1,-1,1,-1,-1,1,-1,1,-1,-1,-1,0.011026283105214437
1,1,-1,-1,1,-1,-1,1,-1,1,-1,-1,1,0.011644011363387108
1,1,-1,-1,1,-1,-1,1,-1,1,-1,1,1,0.011029825545847416
1,1,-1,-1,1,-1,-1,1,-1,1,1,-1,-1,0.010639890097081661
1,1,-1,-1,1,-1,-1,1,-1,1,1,-1,1,0.011074875947088003
1,1,-1,-1,1,-1,-1,1,-1,1,1,1,-1,0.00974258128553629
1,1,-1,-1,1,-1,-1,1,1,-1,-1,-1,-1,0.010372614953666925
1,1,-1,-1,1,-1,-1,1,1,-1,-1,1,-1,0.009456184692680836
1,1,-1,-1,1,-1,-1,1,1,-1,-1,1,1,0.009915494360029697
1,1,-1,-1,1,-1,-1,1,1,-1,1,-1,-1,0.009679622482508421
1,1,-1,-1,1,-1,-1,1,1,-1,1,-1,1,0.01007836265489459
1,1,-1,-1,1,-1,-1,1,1,-1,1,1,-1,0.00883438135497272
1,1,-1,-1,1,-1,-1,1,1,-1,1,1,1,0.009332785693307718
1,1,-1,-1,1,-1,-1,1,1,1,-1,-1,-1,0.010379171930253506
1,1,-1,-1,1,-1,-1,1,1,1,-1,1,-1,0.009542287327349186
1,1,-1,-1,1,-1,-1,1,1,1,1,-1,-1,0.00983021967113018
1,1,-1,-1,1,-1,-1,1,1,1,1,1,-1,0.009161013488968214
1,1,-1,-1,1,-1,-1,1,1,1,1,1,1,0.009395762346684933
1,1,-1,-1,1,-1,1,-1,-1,-1,-1,-1,-1,0.01175257284194231
1,1,-1,-1,1,-1,1,-1,-1,-1,-1,-1,1,0.012227752866844336
1,1,-1,-1,1,-1,1,-1,-1,-1,-1,1,1,0.01153870951384306
1,1,-1,-1,1,-1,1,-1,-1,-1,1,1,-1,0.010451855603605509
1,1,-1,-1,1,-1,1,-1,-1,-1,1,1,1,0.010811091400682926
1,1,-1,-1,1,-1,1,-1,-1,1,-1,-1,-1,0.011675601825118065
1,1,-1,-1,1,-1,1,-1,-1,1,-1,-1,1,0.012401499475042025
1,1,-1,-1,1,-1,1,-1,-1,1,-1,1,1,0.011523641645908356
1,1,-1,-1,1,-1,1,-1,-1,1,1,-1,-1,0.011299856007099152
1,1,-1,-1,1,-1,1,-1,-1,1,1,-1,1,0.01200673496350646
1,1,-1,-1,1,-1,1,-1,-1,1,1,1,-1,0.010803223587572575
1,1,-1,-1,1,-1,1,-1,1,-1,-1,-1,-1,0.010890420991927385
1,1,-1,-1,1,-1,1,-1,1,-1,-1,-1,1,0.011433268897235394
1,1,-1,-1,1,-1,1,-1,1,-1,-1,1,-1,0.010112849995493889
1,1,-1,-1,1,-1,1,-1,1,-1,-1,1,1,0.010678488295525312
1,1,-1,-1,1,-1,1,-1,1,-1,1,-1,1,0.010933902114629745
1,1,-1,-1,1,-1,1,-1,1,-1,1,1,-1,0.009504936635494232
1,1,-1,-1,1,-1,1,-1,1,1,-1,-1,-1,0.011492365505546331
1,1,-1,-1,1,-1,1,-1,1,1,-1,1,-1,0.010521253570914268
1,1,-1,-1,1,-1,1,-1,1,1,1,-1,1,0.011277473531663418
1,1,-1,-1,1,-1,1,-1,1,1,1,1,-1,0.009796176571398973
1,1,-1,-1,1,-1,1,-1,1,1,1,1,1,0.010131294839084148
1,1,-1,-1,1,-1,1,1,-1,-1,-1,-1,-1,0.010977871095140776
1,1,-1,-1,1,-1,1,1,-1,-1,-1,-1,1,0.011746080592274666
1,1,-1,-1,1,-1,1,1,-1,-1,-1,1,1,0.0109819071367383
1,1,-1,-1,1,-1,1,1,-1,-1,1,-1,1,0.010893803089857101
1,1,-1,-1,1,-1,1,1,-1,-1,1,1,-1,0.009848839603364468
1,1,-1,-1,1,-1,1,1,-1,-1,1,1,1,0.010130428709089756
1,1,-1,-1,1,-1,1,1,-1,1,-1,1,-1,0.010908827185630798
1,1,-1,-1,1,-1,1,1,-1,1,-1,1,1,0.01118439668789506
1,1,-1,-1,1,-1,1,1,-1,1,1,-1,-1,0.01093164924532175
1,1,-1,-1,1,-1,1,1,-1,1,1,-1,1,0.011385085061192513
1,1,-1,-1,1,-1,1,1,-1,1,1,1,-1,0.010135522577911615
1,1,-1,-1,1,-1,1,1,-1,1,1,1,1,0.010498907417058945
1,1,-1,-1,1,-1,1,1,1,-1,-1,-1,-1,0.01048779534175992
1,1,-1,-1,1,-1,1,1,1,-1,-1,-1,1,0.010703330859541893
1,1,-1,-1,1,-1,1,1,1,-1,-1,1,-1,0.009842896834015846
1,1,-1,-1,1,-1,1,1,1,-1,-1,1,1,0.01049608364701271
1,1,-1,-1,1,-1,1,1,1,-1,1,-1,-1,0.010127609595656395
1,1,-1,-1,1,-1,1,1,1,-1,1,1,-1,0.009141305461525917
1,1,-1,-1,1,-1,1,1,1,-1,1,1,1,0.009594453188280264
1,1,-1,-1,1,-1,1,1,1,1,-1,-1,-1,0.010642526671290398
1,1,-1,-1,1,-1,1,1,1,1,-1,-1,1,0.010821796953678131
1,1,-1,-1,1,-1,1,1,1,1,1,-1,-1,0.010029655881226063
1,1,-1,-1,1,-1,1,1,1,1,1,-1,1,0.010468384716659784
1,1,-1,-1,1,-1,1,1,1,1,1,1,-1,0.009806607849895954
1,1,-1,-1,1,-1,1,1,1,1,1,1,1,0.009617204777896404
1,1,-1,-1,1,1,-1,-1,-1,-1,-1,-1,1,0.011150787584483624
1,1,-1,-1,1,1,-1,-1,-1,-1,-1,1,-1,0.010060029104351997
1,1,-1,-1,1,1,-1,-1,-1,-1,1,-1,1,0.010655703023076057
1,1,-1,-1,1,1,-1,-1,-1,-1,1,1,1,0.009945396333932877
1,1,-1,-1,1,1,-1,-1,-1,1,-1,-1,-1,0.011209787335246801
1,1,-1,-1,1,1,-1,-1,-1,1,-1,-1,1,0.011717144399881363
1,1,-1,-1,1,1,-1,-1,-1,1,-1,1,-1,0.010657651349902153
1,1,-1,-1,1,1,-1,-1,-1,1,-1,1,1,0.01096653938293457
1,1,-1,-1,1,1,-1,-1,-1,1,1,-1,-1,0.010689672393103441
1,1,-1,-1,1,1,-1,-1,-1,1,1,-1,1,0.011086889076977968
1,1,-1,-1,1,1,-1,-1,-1,1,1,1,-1,0.009885041043162346
1,1,-1,-1,1,1,-1,-1,-1,1,1,1,1,0.010427532251924276
1,1,-1,-1,1,1,-1,-1,1,-1,-1,-1,-1,0.010059135966002941
1,1,-1,-1,1,1,-1,-1,1,-1,-1,-1,1,0.010597732228537401
1,1,-1,-1,1,1,-1,-1,1,-1,-1,1,1,0.01024150662124157
1,1,-1,-1,1,1,-1,-1,1,-1,1,-1,-1,0.009358608163893223
1,1,-1,-1,1,1,-1,-1,1,-1,1,1,-1,0.008819561917334795
1,1,-1,-1,1,1,-1,-1,1,-1,1,1,1,0.009259838610887527
1,1,-1,-1,1,1,-1,-1,1,1,-1,-1,-1,0.010275361128151417
1,1,-1,-1,1,1,-1,-1,1,1,-1,-1,1,0.010873695369809866
1,1,-1,-1,1,1,-1,-1,1,1,-1,1,-1,0.009735545702278614
1,1,-1,-1,1,1,-1,-1,1,1,-1,1,1,0.010351906064897776
1,1,-1,-1,1,1,-1,-1,1,1,1,-1,-1,0.009715529158711433
1,1,-1,-1,1,1,-1,-1,1,1,1,-1,1,0.010204033926129341
1,1,-1,-1,1,1,-1,-1,1,1,1,1,-1,0.009183596819639206
1,1,-1,-1,1,1,-1,1,-1,-1,-1,-1,-1,0.010041775181889534
1,1,-1,-1,1,1,-1,1,-1,-1,-1,1,-1,0.009491032920777798
1,1,-1,-1,1,1,-1,1,-1,-1,-1,1,1,0.010142686776816845
1,1,-1,-1,1,1,-1,1,-1,-1,1,-1,1,0.010227815248072147
1,1,-1,-1,1,1,-1,1,-1,-1,1,1,-1,0.009026538114994764
1,1,-1,-1,1,1,-1,1,-1,-1,1,1,1,0.009790956974029541
1,1,-1,-1,1,1,-1,1,-1,1,-1,-1,1,0.01106228120625019
1,1,-1,-1,1,1,-1,1,-1,1,-1,1,1,0.010228113271296024
1,1,-1,-1,1,1,-1,1,-1,1,1,-1,-1,0.010235419496893883
1,1,-1,-1,1,1,-1,1,-1,1,1,-1,1,0.010458959266543388
1,1,-1,-1,1,1,-1,1,-1,1,1,1,-1,0.009486372582614422
1,1,-1,-1,1,1,-1,1,-1,1,1,1,1,0.009602528996765614
1,1,-1,-1,1,1,-1,1,1,-1,-1,-1,1,0.010090918590625128
1,1,-1,-1,1,1,-1,1,1,-1,-1,1,-1,0.008758863434195518
1,1,-1,-1,1,1,-1,1,1,-1,-1,1,1,0.009614587761461735
1,1,-1,-1,1,1,-1,1,1,-1,1,-1,-1,0.008877679705619812
1,1,-1,-1,1,1,-1,1,1,-1,1,-1,1,0.009422892704606056
1,1,-1,-1,1,1,-1,1,1,-1,1,1,-1,0.007994167506694794
1,1,-1,-1,1,1,-1,1,1,-1,1,1,1,0.008757253177464008
1,1,-1,-1,1,1,-1,1,1,1,-1,-1,1,0.010334447957575321
1,1,-1,-1,1,1,-1,1,1,1,-1,1,-1,0.009176685474812984
1,1,-1,-1,1,1,-1,1,1,1,1,-1,-1,0.009224273264408112
1,1,-1,-1,1,1,-1,1,1,1,1,-1,1,0.009719477966427803
1,1,-1,-1,1,1,-1,1,1,1,1,1,-1,0.008394751697778702
1,1,-1,-1,1,1,1,-1,-1,-1,-1,-1,-1,0.011103530414402485
1,1,-1,-1,1,1,1,-1,-1,-1,-1,-1,1,0.01145643973723054
1,1,-1,-1,1,1,1,-1,-1,-1,-1,1,-1,0.010451434180140495
1,1,-1,-1,1,1,1,-1,-1,-1,-1,1,1,0.010488717816770077
1,1,-1,-1,1,1,1,-1,-1,-1,1,-1,-1,0.01045482854048411
1,1,-1,-1,1,1,1,-1,-1,-1,1,1,-1,0.00960587803274393
1,1,-1,-1,1,1,1,-1,-1,-1,1,1,1,0.010399611666798592
1,1,-1,-1,1,1,1,-1,-1,1,-1,-1,1,0.012017070626219114
1,1,-1,-1,1,1,1,-1,-1,1,-1,1,-1,0.010775378905236721
1,1,-1,-1,1,1,1,-1,-1,1,1,-1,1,0.011754012666642666
1,1,-1,-1,1,1,1,-1,-1,1,1,1,-1,0.009865566156804562
1,1,-1,-1,1,1,1,-1,-1,1,1,1,1,0.010589182376861572
1,1,-1,-1,1,1,1,-1,1,-1,-1,-1,-1,0.010154148253301779
1,1,-1,-1,1,1,1,-1,1,-1,-1,-1,1,0.011055550538003445
1,1,-1,-1,1,1,1,-1,1,-1,-1,1,-1,0.009614445269107819
1,1,-1,-1,1,1,1,-1,1,-1,-1,1,1,0.010192689020186663
1,1,-1,-1,1,1,1,-1,1,-1,1,-1,-1,0.009918024763464928
1,1,-1,-1,1,1,1,-1,1,-1,1,1,-1,0.009563300758600235
1,1,-1,-1,1,1,1,-1,1,-1,1,1,1,0.009618710726499557
1,1,-1,-1,1,1,1,-1,1,1,-1,-1,-1,0.010827969759702682
1,1,-1,-1,1,1,1,-1,1,1,-1,-1,1,0.011151428334414959
1,1,-1,-1,1,1,1,-1,1,1,-1,1,-1,0.010034885257482529
1,1,-1,-1,1,1,1,-1,1,1,1,-1,-1,0.01005310658365488
1,1,-1,-1,1,1,1,-1,1,1,1,-1,1,0.010840204544365406
1,1,-1,-1,1,1,1,1,-1,-1,-1,-1,-1,0.010675242636352777
1,1,-1,-1,1,1,1,1,-1,-1,-1,1,1,0.010646211914718151
1,1,-1,-1,1,1,1,1,-1,-1,1,-1,1,0.010599878616631031
1,1,-1,-1,1,1,1,1,-1,1,-1,-1,-1,0.010964924469590187
1,1,-1,-1,1,1,1,1,-1,1,-1,1,-1,0.010340079665184021
1,1,-1,-1,1,1,1,1,-1,1,1,-1,1,0.010839703492820263
1,1,-1,-1,1,1,1,1,-1,1,1,1,-1,0.009853233583271503
1,1,-1,-1,1,1,1,1,-1,1,1,1,1,0.010319220833480358
1,1,-1,-1,1,1,1,1,1,-1,-1,-1,1,0.010269692167639732
1,1,-1,-1,1,1,1,1,1,-1,-1,1,-1,0.009419634938240051
1,1,-1,-1,1,1,1,1,1,-1,-1,1,1,0.009566595777869225
1,1,-1,-1,1,1,1,1,1,-1,1,1,-1,0.008518284186720848
1,1,-1,-1,1,1,1,1,1,-1,1,1,1,0.00944891944527626
1,1,-1,-1,1,1,1,1,1,1,-1,-1,-1,0.010150888934731483
1,1,-1,-1,1,1,1,1,1,1,-1,1,-1,0.00958847968528668
1,1,-1,-1,1,1,1,1,1,1,-1,1,1,0.010100362822413445
1,1,-1,-1,1,1,1,1,1,1,1,-1,-1,0.009661562740802765
1,1,-1,-1,1,1,1,1,1,1,1,-1,1,0.010417611338198185
1,1,-1,-1,1,1,1,1,1,1,1,1,-1,0.008869231678545475
1,1,-1,-1,1,1,1,1,1,1,1,1,1,0.009612464345991611
1,1,-1,1,-1,-1,-1,-1,-1,-1,-1,-1,-1,0.010532054118812084
1,1,-1,1,-1,-1,-1,-1,-1,-1,-1,1,-1,0.009947318583726883
1,1,-1,1,-1,-1,-1,-1,-1,-1,1,-1,1,0.010665522577861944
1,1,-1,1,-1,-1,-1,-1,-1,-1,1,1,-1,0.009596895426511765
1,1,-1,1,-1,-1,-1,-1,-1,-1,1,1,1,0.009707128629088402
1,1,-1,1,-1,-1,-1,-1,-1,1,-1,-1,-1,0.011135123204439878
1,1,-1,1,-1,-1,-1,-1,-1,1,-1,-1,1,0.011452500708401203
1,1,-1,1,-1,-1,-1,-1,-1,1,-1,1,-1,0.010435641432801882
1,1,-1,1,-1,-1,-1,-1,-1,1,1,-1,-1,0.010465643368661404
1,1,-1,1,-1,-1,-1,-1,-1,1,1,-1,1,0.010896296240389347
1,1,-1,1,-1,-1,-1,-1,-1,1,1,1,-1,0.00983542948961258
1,1,-1,1,-1,-1,-1,-1,1,-1,-1,-1,-1,0.009893032722175121
1,1,-1,1,-1,-1,-1,-1,1,-1,-1,-1,1,0.010312112979590893
1,1,-1,1,-1,-1,-1,-1,1,-1,-1,1,-1,0.009294220246374607
1,1,-1,1,-1,-1,-1,-1,1,-1,-1,1,1,0.009461886249482632
1,1,-1,1,-1,-1,-1,-1,1,-1,1,-1,1,0.009774439968168736
1,1,-1,1,-1,-1,-1,-1,1,-1,1,1,1,0.009178982426722845
1,1,-1,1,-1,-1,-1,-1,1,1,-1,-1,1,0.010979919694364071
1,1,-1,1,-1,-1,-1,-1,1,1,-1,1,-1,0.009585392195731401
1,1,-1,1,-1,-1,-1,-1,1,1,-1,1,1,0.01030157320201397
1,1,-1,1,-1,-1,-1,-1,1,1,1,-1,-1,0.009796344675123692
1,1,-1,1,-1,-1,-1,-1,1,1,1,1,1,0.009657121263444424
1,1,-1,1,-1,-1,-1,1,-1,-1,-1,-1,-1,0.010231409687548876
1,1,-1,1,-1,-1,-1,1,-1,-1,-1,-1,1,0.010566466487944126
1,1,-1,1,-1,-1,-1,1,-1,-1,-1,1,-1,0.009428732097148895
1,1,-1,1,-1,-1,-1,1,-1,-1,-1,1,1,0.010011576116085052
1,1,-1,1,-1,-1,-1,1,-1,-1,1,-1,-1,0.009747791104018688
1,1,-1,1,-1,-1,-1,1,-1,-1,1,1,-1,0.008873083163052797
1,1,-1,1,-1,-1,-1,1,-1,1,-1,-1,-1,0.010774887166917324
1,1,-1,1,-1,-1,-1,1,-1,1,-1,-1,1,0.010933212004601955
1,1,-1,1,-1,-1,-1,1,-1,1,-1,1,1,0.010210962500423193
1,1,-1,1,-1,-1,-1,1,-1,1,1,-1,1,0.010396091267466545
1,1,-1,1,-1,-1,-1,1,-1,1,1,1,-1,0.009121604263782501
1,1,-1,1,-1,-1,-1,1,-1,1,1,1,1,0.009456291794776917
1,1,-1,1,-1,-1,-1,1,1,-1,-1,-1,1,0.010019620414823294
1,1,-1,1,-1,-1,-1,1,1,-1,-1,1,-1,0.008692651987075806
1,1,-1,1,-1,-1,-1,1,1,-1,-1,1,1,0.00949995405972004
1,1,-1,1,-1,-1,-1,1,1,-1,1,-1,-1,0.009276044555008411
1,1,-1,1,-1,-1,-1,1,1,-1,1,-1,1,0.009584932588040829
1,1,-1,1,-1,-1,-1,1,1,-1,1,1,-1,0.008209970779716969
1,1,-1,1,-1,-1,-1,1,1,-1,1,1,1,0.008410675451159477
1,1,-1,1,-1,-1,-1,1,1,1,-1,-1,-1,0.009833493735641241
1,1,-1,1,-1,-1,-1,1,1,1,-1,-1,1,0.010252122767269611
1,1,-1,1,-1,-1,-1,1,1,1,1,-1,-1,0.009486008435487747
1,1,-1,1,-1,-1,-1,1,1,1,1,-1,1,0.009935565292835236
1,1,-1,1,-1,-1,-1,1,1,1,1,1,-1,0.008739372715353966
1,1,-1,1,-1,-1,-1,1,1,1,1,1,1,0.008794782683253288
1,1,-1,1,-1,-1,1,-1,-1,-1,-1,-1,-1,0.010952023323625326
1,1,-1,1,-1,-1,1,-1,-1,-1,-1,-1,1,0.011481578461825848
1,1,-1,1,-1,-1,1,-1,-1,-1,-1,1,1,0.010771277360618114
1,1,-1,1,-1,-1,1,-1,-1,-1,1,-1,-1,0.010334348771721125
1,1,-1,1,-1,-1,1,-1,-1,-1,1,-1,1,0.011033862829208374
1,1,-1,1,-1,-1,1,-1,-1,-1,1,1,-1,0.009821557439863682
1,1,-1,1,-1,-1,1,-1,-1,-1,1,1,1,0.010130455018952489
1,1,-1,1,-1,-1,1,-1,-1,1,-1,-1,-1,0.01131588313728571
1,1,-1,1,-1,-1,1,-1,-1,1,-1,-1,1,0.01200980506837368
1,1,-1,1,-1,-1,1,-1,-1,1,-1,1,-1,0.010514878667891026
1,1,-1,1,-1,-1,1,-1,-1,1,-1,1,1,0.010893701110035181
1,1,-1,1,-1,-1,1,-1,-1,1,1,-1,-1,0.010658818297088146
1,1,-1,1,-1,-1,1,-1,1,-1,-1,-1,1,0.010985379107296467
1,1,-1,1,-1,-1,1,-1,1,-1,-1,1,-1,0.009682338684797287
1,1,-1,1,-1,-1,1,-1,1,-1,1,-1,1,0.010195492766797543
1,1,-1,1,-1,-1,1,-1,1,-1,1,1,-1,0.009194424841552973
1,1,-1,1,-1,-1,1,-1,1,-1,1,1,1,0.009789006318897009
1,1,-1,1,-1,-1,1,-1,1,1,1,-1,-1,0.010036638472229242
1,1,-1,1,-1,-1,1,-1,1,1,1,1,-1,0.009010329842567444
1,1,-1,1,-1,-1,1,-1,1,1,1,1,1,0.010015836916863918
1,1,-1,1,-1,-1,1,1,-1,-1,-1,1,-1,0.009541992098093033
1,1,-1,1,-1,-1,1,1,-1,-1,1,-1,-1,0.00977218709886074
1,1,-1,1,-1,-1,1,1,-1,-1,1,1,-1,0.009192148223519325
1,1,-1,1,-1,-1,1,1,-1,-1,1,1,1,0.009705869946628809
1,1,-1,1,-1,-1,1,1,-1,1,-1,1,-1,0.010298792272806168
1,1,-1,1,-1,-1,1,1,-1,1,-1,1,1,0.010968664661049843
1,1,-1,1,-1,-1,1,1,-1,1,1,-1,-1,0.010190398804843426
1,1,-1,1,-1,-1,1,1,-1,1,1,-1,1,0.010705115273594856
1,1,-1,1,-1,-1,1,1,-1,1,1,1,-1,0.009791613556444645
1,1,-1,1,-1,-1,1,1,1,-1,-1,-1,-1,0.009702599607408047
1,1,-1,1,-1,-1,1,1,1,-1,-1,1,-1,0.00908456277102232
1,1,-1,1,-1,-1,1,1,1,-1,-1,1,1,0.009612894617021084
1,1,-1,1,-1,-1,1,1,1,-1,1,-1,-1,0.008887546136975288
1,1,-1,1,-1,-1,1,1,1,-1,1,-1,1,0.009512752604981264
1,1,-1,1,-1,-1,1,1,1,-1,1,1,-1,0.008495874237269163
1,1,-1,1,-1,-1,1,1,1,-1,1,1,1,0.008719023317098618
1,1,-1,1,-1,-1,1,1,1,1,-1,-1,1,0.010609746910631657
1,1,-1,1,-1,-1,1,1,1,1,-1,1,-1,0.00936960056424141
1,1,-1,1,-1,-1,1,1,1,1,-1,1,1,0.009843117091804743
1,1,-1,1,-1,-1,1,1,1,1,1,-1,-1,0.009616629220545292
1,1,-1,1,-1,-1,1,1,1,1,1,-1,1,0.01004321314394474
1,1,-1,1,-1,-1,1,1,1,1,1,1,-1,0.008960815146565437
1,1,-1,1,-1,-1,1,1,1,1,1,1,1,0.009435197338461876
1,1,-1,1,-1,1,-1,-1,-1,-1,-1,-1,-1,0.010274531552568078
1,1,-1,1,-1,1,-1,-1,-1,-1,1,-1,-1,0.009444315917789936
1,1,-1,1,-1,1,-1,-1,-1,-1,1,1,-1,0.009022284299135208
1,1,-1,1,-1,1,-1,-1,-1,-1,1,1,1,0.009212860837578773
1,1,-1,1,-1,1,-1,-1,-1,1,-1,-1,-1,0.010527193546295166
1,1,-1,1,-1,1,-1,-1,-1,1,-1,-1,1,0.0105997733771801
1,1,-1,1,-1,1,-1,-1,-1,1,-1,1,-1,0.009832889772951603
1,1,-1,1,-1,1,-1,-1,-1,1,-1,1,1,0.010433360934257507
1,1,-1,1,-1,1,-1,-1,-1,1,1,-1,-1,0.009711415506899357
1,1,-1,1,-1,1,-1,-1,-1,1,1,1,1,0.009870230220258236
1,1,-1,1,-1,1,-1,-1,1,-1,-1,-1,-1,0.009555942844599485
1,1,-1,1,-1,1,-1,-1,1,-1,-1,1,1,0.009390213216344515
1,1,-1,1,-1,1,-1,-1,1,-1,1,-1,-1,0.00893076416105032
1,1,-1,1,-1,1,-1,-1,1,-1,1,-1,1,0.009065717458724976
1,1,-1,1,-1,1,-1,-1,1,-1,1,1,-1,0.008122395724058151
1,1,-1,1,-1,1,-1,-1,1,1,-1,-1,-1,0.0094295684248209
1,1,-1,1,-1,1,-1,-1,1,1,-1,1,-1,0.008953383937478066
1,1,-1,1,-1,1,-1,-1,1,1,-1,1,1,0.009726002812385559
1,1,-1,1,-1,1,-1,-1,1,1,1,-1,-1,0.009286386426538229
1,1,-1,1,-1,1,-1,-1,1,1,1,-1,1,0.009785249829292297
1,1,-1,1,-1,1,-1,-1,1,1,1,1,-1,0.00862728152424097
1,1,-1,1,-1,1,-1,-1,1,1,1,1,1,0.008874020539224148
1,1,-1,1,-1,1,-1,1,-1,-1,-1,-1,-1,0.009200450964272022
1,1,-1,1,-1,1,-1,1,-1,-1,-1,-1,1,0.010370779782533646
1,1,-1,1,-1,1,-1,1,-1,-1,-1,1,-1,0.009146017022430897
1,1,-1,1,-1,1,-1,1,-1,-1,-1,1,1,0.009243027307093143
1,1,-1,1,-1,1,-1,1,-1,-1,1,-1,1,0.009796938858926296
1,1,-1,1,-1,1,-1,1,-1,-1,1,1,-1,0.008284499868750572
1,1,-1,1,-1,1,-1,1,-1,-1,1,1,1,0.008939016299943129
1,1,-1,1,-1,1,-1,1,-1,1,-1,-1,-1,0.009617596864700317
1,1,-1,1,-1,1,-1,1,-1,1,-1,-1,1,0.010552902705967426
1,1,-1,1,-1,1,-1,1,-1,1,1,-1,1,0.009935038164258003
1,1,-1,1,-1,1,-1,1,-1,1,1,1,-1,0.00857002753764391
1,1,-1,1,-1,1,-1,1,-1,1,1,1,1,0.008895600214600563
1,1,-1,1,-1,1,-1,1,1,-1,-1,-1,-1,0.008899927139282227
1,1,-1,1,-1,1,-1,1,1,-1,-1,-1,1,0.00956515409052372
1,1,-1,1,-1,1,-1,1,1,-1,-1,1,1,0.008663408923894167
1,1,-1,1,-1,1,-1,1,1,-1,1,-1,-1,0.00817506480962038
1,1,-1,1,-1,1,-1,1,1,-1,1,1,-1,0.007721010595560074
1,1,-1,1,-1,1,-1,1,1,-1,1,1,1,0.008398923091590405
1,1,-1,1,-1,1,-1,1,1,1,-1,-1,1,0.009856810793280602
1,1,-1,1,-1,1,-1,1,1,1,-1,1,1,0.009147441480308771
1,1,-1,1,-1,1,-1,1,1,1,1,-1,-1,0.008680952712893486
1,1,-1,1,-1,1,-1,1,1,1,1,1,-1,0.008105585351586342
1,1,-1,1,-1,1,-1,1,1,1,1,1,1,0.008632782846689224
1,1,-1,1,-1,1,1,-1,-1,-1,-1,1,-1,0.009687136858701706
1,1,-1,1,-1,1,1,-1,-1,-1,1,-1,-1,0.009643289260566235
1,1,-1,1,-1,1,1,-1,-1,-1,1,-1,1,0.010390469105914235
1,1,-1,1,-1,1,1,-1,-1,-1,1,1,-1,0.009175366722047329
1,1,-1,1,-1,1,1,-1,-1,1,-1,-1,-1,0.010503016412258148
1,1,-1,1,-1,1,1,-1,-1,1,-1,-1,1,0.011256545316427946
1,1,-1,1,-1,1,1,-1,-1,1,-1,1,-1,0.010315172374248505
1,1,-1,1,-1,1,1,-1,-1,1,-1,1,1,0.010638430714607239
1,1,-1,1,-1,1,1,-1,-1,1,1,-1,-1,0.01051285583525896
1,1,-1,1,-1,1,1,-1,-1,1,1,-1,1,0.01030274759978056
1,1,-1,1,-1,1,1,-1,-1,1,1,1,1,0.009849083609879017
1,1,-1,1,-1,1,1,-1,1,-1,1,-1,-1,0.009515815414488316
1,1,-1,1,-1,1,1,-1,1,-1,1,-1,1,0.009693137370049953
1,1,-1,1,-1,1,1,-1,1,-1,1,1,-1,0.008879311382770538
1,1,-1,1,-1,1,1,-1,1,1,-1,-1,-1,0.01004478024939696
1,1,-1,1,-1,1,1,-1,1,1,1,-1,-1,0.009611315559595823
1,1,-1,1,-1,1,1,-1,1,1,1,1,1,0.009069663472473621
1,1,-1,1,-1,1,1,1,-1,-1,-1,-1,-1,0.009666039608418941
1,1,-1,1,-1,1,1,1,-1,-1,-1,-1,1,0.010132167488336563
1,1,-1,1,-1,1,1,1,-1,-1,-1,1,1,0.009673147151867548
1,1,-1,1,-1,1,1,1,-1,-1,1,-1,-1,0.009490122087299824
1,1,-1,1,-1,1,1,1,-1,-1,1,-1,1,0.009626452345401049
1,1,-1,1,-1,1,1,1,-1,-1,1,1,-1,0.00865055900067091
1,1,-1,1,-1,1,1,1,-1,-1,1,1,1,0.009077670983970165
1,1,-1,1,-1,1,1,1,-1,1,-1,-1,-1,0.01049037091434002
1,1,-1,1,-1,1,1,1,-1,1,-1,1,-1,0.00942671438679099
1,1,-1,1,-1,1,1,1,-1,1,-1,1,1,0.010151361115276814
1,1,-1,1,-1,1,1,1,-1,1,1,-1,-1,0.009712447877973318
1,1,-1,1,-1,1,1,1,-1,1,1,-1,1,0.009955229237675667
1,1,-1,1,-1,1,1,1,-1,1,1,1,1,0.009505289606750011
1,1,-1,1,-1,1,1,1,1,-1,-1,-1,-1,0.009374847635626793
1,1,-1,1,-1,1,1,1,1,-1,-1,-1,1,0.009753931624193987
1,1,-1,1,-1,1,1,1,1,-1,-1,1,-1,0.008583632297813892
1,1,-1,1,-1,1,1,1,1,-1,-1,1,1,0.009314264636486769
1,1,-1,1,-1,1,1,1,1,-1,1,-1,-1,0.008675746619701385
1,1,-1,1,-1,1,1,1,1,-1,1,-1,1,0.009178760927170515
1,1,-1,1,-1,1,1,1,1,-1,1,1,-1,0.007883673533797264
1,1,-1,1,-1,1,1,1,1,-1,1,1,1,0.008470963686704636
1,1,-1,1,-1,1,1,1,1,1,-1,-1,-1,0.00940696056932211
1,1,-1,1,-1,1,1,1,1,1,-1,-1,1,0.010349557735025883
1,1,-1,1,-1,1,1,1,1,1,-1,1,-1,0.008932063356041908
1,1,-1,1,-1,1,1,1,1,1,-1,1,1,0.009109255857765675
1,1,-1,1,-1,1,1,1,1,1,1,-1,-1,0.009043470956385136
1,1,-1,1,-1,1,1,1,1,1,1,-1,1,0.009546345099806786
1,1,-1,1,-1,1,1,1,1,1,1,1,-1,0.00824668537825346
1,1,-1,1,-1,1,1,1,1,1,1,1,1,0.008883396163582802
1,1,-1,1,1,-1,-1,-1,-1,-1,-1,-1,1,0.011585857719182968
1,1,-1,1,1,-1,-1,-1,-1,-1,-1,1,1,0.011143541894853115
1,1,-1,1,1,-1,-1,-1,-1,-1,1,-1,-1,0.01069757342338562
1,1,-1,1,1,-1,-1,-1,-1,-1,1,-1,1,0.011081189382821321
1,1,-1,1,1,-1,-1,-1,-1,-1,1,1,1,0.01026798551902175
1,1,-1,1,1,-1,-1,-1,-1,1,-1,-1,-1,0.011341795325279236
1,1,-1,1,1,-1,-1,-1,-1,1,-1,1,-1,0.010745943523943424
1,1,-1,1,1,-1,-1,-1,-1,1,-1,1,1,0.011362308636307716
1,1,-1,1,1,-1,-1,-1,-1,1,1,-1,1,0.011269615963101387
1,1,-1,1,1,-1,-1,-1,-1,1,1,1,-1,0.010161925107240677
1,1,-1,1,1,-1,-1,-1,-1,1,1,1,1,0.01093900902196765
1,1,-1,1,1,-1,-1,-1,1,-1,-1,-1,-1,0.01036458183079958
1,1,-1,1,1,-1,-1,-1,1,-1,-1,-1,1,0.010916291736066341
1,1,-1,1,1,-1,-1,-1,1,-1,-1,1,-1,0.00980697013437748
1,1,-1,1,1,-1,-1,-1,1,-1,-1,1,1,0.01014834363013506
1,1,-1,1,1,-1,-1,-1,1,-1,1,-1,-1,0.009919490199536085
1,1,-1,1,1,-1,-1,-1,1,-1,1,1,-1,0.009041721932590008
1,1,-1,1,1,-1,-1,-1,1,-1,1,1,1,0.00972807127982378
1,1,-1,1,1,-1,-1,-1,1,1,-1,1,1,0.010384333319962025
1,1,-1,1,1,-1,-1,-1,1,1,1,-1,-1,0.009992118459194899
1,1,-1,1,1,-1,-1,-1,1,1,1,-1,1,0.010771398742993673
1,1,-1,1,1,-1,-1,-1,1,1,1,1,1,0.009928920306265354
1,1,-1,1,1,-1,-1,1,-1,-1,-1,-1,1,0.011226226575672626
1,1,-1,1,1,-1,-1,1,-1,-1,-1,1,-1,0.009983082301914692
1,1,-1,1,1,-1,-1,1,-1,-1,-1,1,1,0.010432012379169464
1,1,-1,1,1,-1,-1,1,-1,-1,1,-1,-1,0.009798572398722172
1,1,-1,1,1,-1,-1,1,-1,-1,1,-1,1,0.010438626632094383
1,1,-1,1,1,-1,-1,1,-1,-1,1,1,-1,0.009361602365970612
1,1,-1,1,1,-1,-1,1,-1,-1,1,1,1,0.009743656031787395
1,1,-1,1,1,-1,-1,1,-1,1,-1,-1,-1,0.01071085687726736
1,1,-1,1,1,-1,-1,1,-1,1,-1,-1,1,0.011452709324657917
1,1,-1,1,1,-1,-1,1,-1,1,-1,1,-1,0.01030255202203989
1,1,-1,1,1,-1,-1,1,-1,1,-1,1,1,0.01068790815770626
1,1,-1,1,1,-1,-1,1,-1,1,1,-1,-1,0.010630571283400059
1,1,-1,1,1,-1,-1,1,-1,1,1,-1,1,0.010673465517659983
1,1,-1,1,1,-1,-1,1,-1,1,1,1,-1,0.009888404048979282
1,1,-1,1,1,-1,-1,1,-1,1,1,1,1,0.010262314230203629
1,1,-1,1,1,-1,-1,1,1,-1,-1,-1,-1,0.009906157851219177
1,1,-1,1,1,-1,-1,1,1,-1,-1,-1,1,0.010370311327278614
1,1,-1,1,1,-1,-1,1,1,-1,-1,1,-1,0.00935133034363389
1,1,-1,1,1,-1,-1,1,1,-1,1,-1,-1,0.00920569198206067
1,1,-1,1,1,-1,-1,1,1,-1,1,1,1,0.009324496611952782
1,1,-1,1,1,-1,-1,1,1,1,-1,-1,-1,0.01029940415173769
1,1,-1,1,1,-1,-1,1,1,1,-1,-1,1,0.010818947572261095
1,1,-1,1,1,-1,-1,1,1,1,-1,1,-1,0.009508498013019562
1,1,-1,1,1,-1,-1,1,1,1,-1,1,1,0.009879483375698328
1,1,-1,1,1,-1,-1,1,1,1,1,-1,-1,0.009231481701135635
1,1,-1,1,1,-1,1,-1,-1,-1,-1,-1,1,0.011818976141512394
1,1,-1,1,1,-1,1,-1,-1,-1,-1,1,-1,0.01095076184719801
1,1,-1,1,1,-1,1,-1,-1,-1,-1,1,1,0.01137517299503088
1,1,-1,1,1,-1,1,-1,-1,-1,1,-1,1,0.011430981568992138
1,1,-1,1,1,-1,1,-1,-1,1,-1,-1,-1,0.011807374656200409
1,1,-1,1,1,-1,1,-1,-1,1,-1,-1,1,0.012455916963517666
1,1,-1,1,1,-1,1,-1,-1,1,-1,1,-1,0.011299654375761747
1,1,-1,1,1,-1,1,-1,-1,1,-1,1,1,0.011535619385540485
1,1,-1,1,1,-1,1,-1,-1,1,1,-1,1,0.0117279551923275
1,1,-1,1,1,-1,1,-1,-1,1,1,1,-1,0.010381454601883888
1,1,-1,1,1,-1,1,-1,-1,1,1,1,1,0.011064047925174236
1,1,-1,1,1,-1,1,-1,1,-1,-1,-1,-1,0.010645710863173008
1,1,-1,1,1,-1,1,-1,1,-1,-1,-1,1,0.011285764165222645
1,1,-1,1,1,-1,1,-1,1,-1,-1,1,1,0.010409904643893242
1,1,-1,1,1,-1,1,-1,1,-1,1,-1,1,0.010628699325025082
1,1,-1,1,1,-1,1,-1,1,-1,1,1,-1,0.00957118533551693
1,1,-1,1,1,-1,1,-1,1,1,-1,-1,1,0.011370567139238119
1,1,-1,1,1,-1,1,-1,1,1,-1,1,1,0.010687360540032387
1,1,-1,1,1,-1,1,-1,1,1,1,-1,-1,0.010468540402750174
1,1,-1,1,1,-1,1,-1,1,1,1,-1,1,0.010966015979647636
1,1,-1,1,1,-1,1,-1,1,1,1,1,-1,0.009837559424340725
1,1,-1,1,1,-1,1,1,-1,-1,-1,-1,-1,0.010867684458692869
1,1,-1,1,1,-1,1,1,-1,-1,-1,-1,1,0.011483030393719673
1,1,-1,1,1,-1,1,1,-1,-1,-1,1,-1,0.010077671147882938
1,1,-1,1,1,-1,1,1,-1,-1,1,-1,1,0.010605629533529282
1,1,-1,1,1,-1,1,1,-1,-1,1,1,-1,0.009592567570507526
1,1,-1,1,1,-1,1,1,-1,-1,1,1,1,0.01014357153326273
1,1,-1,1,1,-1,1,1,-1,1,-1,-1,1,0.01166357472538948
1,1,-1,1,1,-1,1,1,-1,1,-1,1,1,0.01091789174824953
1,1,-1,1,1,-1,1,1,-1,1,1,-1,-1,0.010527014421919981
1,1,-1,1,1,-1,1,1,-1,1,1,-1,1,0.011395715177059174
1,1,-1,1,1,-1,1,1,1,-1,-1,-1,1,0.010751749388873577
1,1,-1,1,1,-1,1,1,1,-1,-1,1,-1,0.009493843652307987
1,1,-1,1,1,-1,1,1,1,-1,1,-1,-1,0.00950839277356863
1,1,-1,1,1,-1,1,1,1,-1,1,-1,1,0.010038639418780804
1,1,-1,1,1,-1,1,1,1,-1,1,1,-1,0.009073570370674133
1,1,-1,1,1,-1,1,1,1,-1,1,1,1,0.009484671521931887
1,1,-1,1,1,-1,1,1,1,1,-1,-1,-1,0.010474993381649256
1,1,-1,1,1,-1,1,1,1,1,-1,-1,1,0.01111170370131731
1,1,-1,1,1,-1,1,1,1,1,-1,1,-1,0.009807274676859379
1,1,-1,1,1,-1,1,1,1,1,-1,1,1,0.01036051418632269
1,1,-1,1,1,-1,1,1,1,1,1,-1,-1,0.009958925656974316
1,1,-1,1,1,-1,1,1,1,1,1,-1,1,0.01059461198747158
1,1,-1,1,1,-1,1,1,1,1,1,1,-1,0.009224815294146538
1,1,-1,1,1,-1,1,1,1,1,1,1,1,0.009918266907334328
1,1,-1,1,1,1,-1,-1,-1,-1,-1,-1,1,0.011273322626948357
1,1,-1,1,1,1,-1,-1,-1,-1,-1,1,-1,0.010048560798168182
1,1,-1,1,1,1,-1,-1,-1,-1,-1,1,1,0.010289222002029419
1,1,-1,1,1,1,-1,-1,-1,-1,1,-1,-1,0.009922564029693604
1,1,-1,1,1,1,-1,-1,-1,-1,1,-1,1,0.010525224109490713
1,1,-1,1,1,1,-1,-1,-1,-1,1,1,-1,0.009266749955713749
1,1,-1,1,1,1,-1,-1,-1,-1,1,1,1,0.009850270114839077
1,1,-1,1,1,1,-1,-1,-1,1,-1,-1,-1,0.010911383355657259
1,1,-1,1,1,1,-1,-1,-1,1,-1,-1,1,0.011384653858840466
1,1,-1,1,1,1,-1,-1,-1,1,-1,1,-1,0.010112625236312548
1,1,-1,1,1,1,-1,-1,-1,1,-1,1,1,0.010702216997742653
1,1,-1,1,1,1,-1,-1,-1,1,1,1,-1,0.00962869543582201
1,1,-1,1,1,1,-1,-1,-1,1,1,1,1,0.010270907543599606
1,1,-1,1,1,1,-1,-1,1,-1,-1,-1,1,0.010359515435993671
1,1,-1,1,1,1,-1,-1,1,-1,-1,1,-1,0.009135551750659943
1,1,-1,1,1,1,-1,-1,1,-1,-1,1,1,0.009805424138903618
1,1,-1,1,1,1,-1,-1,1,-1,1,-1,-1,0.00899846525862813
1,1,-1,1,1,1,-1,-1,1,-1,1,-1,1,0.009707181714475155
1,1,-1,1,1,1,-1,-1,1,-1,1,1,1,0.009516583755612373
1,1,-1,1,1,1,-1,-1,1,1,-1,-1,-1,0.010312963897983233
1,1,-1,1,1,1,-1,-1,1,1,-1,-1,1,0.010807279497385025
1,1,-1,1,1,1,-1,-1,1,1,-1,1,1,0.009951731190085411
1,1,-1,1,1,1,-1,-1,1,1,1,-1,-1,0.009706547949463129
1,1,-1,1,1,1,-1,-1,1,1,1,1,-1,0.009028095752000809
1,1,-1,1,1,1,-1,1,-1,-1,-1,1,-1,0.00934634730219841
1,1,-1,1,1,1,-1,1,-1,-1,1,-1,-1,0.009711799211800098
1,1,-1,1,1,1,-1,1,-1,-1,1,-1,1,0.009965778794139624
1,1,-1,1,1,1,-1,1,-1,-1,1,1,-1,0.008721462140480677
1,1,-1,1,1,1,-1,1,-1,-1,1,1,1,0.008920774795114994
1,1,-1,1,1,1,-1,1,-1,1,-1,-1,-1,0.010282849582533041
1,1,-1,1,1,1,-1,1,-1,1,-1,1,-1,0.00952281104400754
1,1,-1,1,1,1,-1,1,-1,1,-1,1,1,0.010258951224386692
1,1,-1,1,1,1,-1,1,1,-1,-1,-1,-1,0.009295502677559853
1,1,-1,1,1,1,-1,1,1,-1,-1,-1,1,0.009771765675395727
1,1,-1,1,1,1,-1,1,1,-1,-1,1,-1,0.008853558450937271
1,1,-1,1,1,1,-1,1,1,-1,1,-1,-1,0.008880147710442543
1,1,-1,1,1,1,-1,1,1,1,-1,-1,-1,0.009773202240467072
1,1,-1,1,1,1,-1,1,1,1,-1,1,-1,0.008869108743965626
1,1,-1,1,1,1,-1,1,1,1,-1,1,1,0.00949175531665484
1,1,-1,1,1,1,1,-1,-1,-1,-1,-1,-1,0.010984329506754875
1,1,-1,1,1,1,1,-1,-1,-1,-1,1,-1,0.010025190189480782
1,1,-1,1,1,1,1,-1,-1,-1,-1,1,1,0.010665243491530418
1,1,-1,1,1,1,1,-1,-1,-1,1,1,1,0.010208127554506063
1,1,-1,1,1,1,1,-1,-1,1,-1,-1,-1,0.011172312311828136
1,1,-1,1,1,1,1,-1,-1,1,-1,1,-1,0.010529241524636745
1,1,-1,1,1,1,1,-1,-1,1,-1,1,1,0.01064763218164444
1,1,-1,1,1,1,1,-1,-1,1,1,-1,-1,0.010814630426466465
1,1,-1,1,1,1,1,-1,-1,1,1,1,-1,0.010104949586093426
1,1,-1,1,1,1,1,-1,1,-1,-1,-1,-1,0.010025217508276304
1,1,-1,1,1,1,1,-1,1,-1,-1,-1,1,0.01078070824344953
1,1,-1,1,1,1,1,-1,1,-1,-1,1,1,0.00997059978544712
1,1,-1,1,1,1,1,-1,1,-1,1,1,-1,0.00893926527351141
1,1,-1,1,1,1,1,-1,1,-1,1,1,1,0.009299322962760925
1,1,-1,1,1,1,1,-1,1,1,-1,-1,-1,0.01045597717165947
1,1,-1,1,1,1,1,-1,1,1,-1,1,-1,0.009720063768327236
1,1,-1,1,1,1,1,-1,1,1,-1,1,1,0.01029324159026146
1,1,-1,1,1,1,1,-1,1,1,1,1,1,0.010117781348526478
1,1,-1,1,1,1,1,1,-1,-1,-1,-1,1,0.01064950879663229
1,1,-1,1,1,1,1,1,-1,-1,-1,1,1,0.010217797011137009
1,1,-1,1,1,1,1,1,-1,-1,1,-1,1,0.010314980987459421
1,1,-1,1,1,1,1,1,-1,-1,1,1,1,0.009395694360136986
1,1,-1,1,1,1,1,1,-1,1,-1,-1,1,0.011186722666025162
1,1,-1,1,1,1,1,1,-1,1,-1,1,-1,0.009857692755758762
1,1,-1,1,1,1,1,1,-1,1,-1,1,1,0.010620838962495327
1,1,-1,1,1,1,1,1,-1,1,1,-1,-1,0.010179630015045404
1,1,-1,1,1,1,1,1,-1,1,1,-1,1,0.01067434623837471
1,1,-1,1,1,1,1,1,-1,1,1,1,-1,0.00969643285498023
1,1,-1,1,1,1,1,1,1,-1,-1,-1,-1,0.009654342662543058
1,1,-1,1,1,1,1,1,1,-1,-1,1,-1,0.009058991447091103
1,1,-1,1,1,1,1,1,1,-1,1,-1,-1,0.00924768391996622
1,1,-1,1,1,1,1,1,1,-1,1,-1,1,0.00959285069257021
1,1,-1,1,1,1,1,1,1,-1,1,1,-1,0.008488832041621208
1,1,-1,1,1,1,1,1,1,-1,1,1,1,0.008808407932519913
1,1,-1,1,1,1,1,1,1,1,-1,-1,-1,0.009828072041273117
1,1,-1,1,1,1,1,1,1,1,-1,-1,1,0.010601536370813847
1,1,-1,1,1,1,1,1,1,1,-1,1,-1,0.00897784624248743
1,1,-1,1,1,1,1,1,1,1,-1,1,1,0.009831873700022697
1,1,-1,1,1,1,1,1,1,1,1,-1,-1,0.009437194094061852
1,1,-1,1,1,1,1,1,1,1,1,-1,1,0.009864944033324718
1,1,-1,1,1,1,1,1,1,1,1,1,1,0.009242992382496595
1,1,1,-1,-1,-1,-1,-1,-1,-1,-1,-1,1,0.012142173945903778
1,1,1,-1,-1,-1,-1,-1,-1,-1,-1,1,-1,0.010709770955145359
1,1,1,-1,-1,-1,-1,-1,-1,-1,-1,1,1,0.011339524295181036
1,1,1,-1,-1,-1,-1,-1,-1,-1,1,-1,-1,0.010921540204435587
1,1,1,-1,-1,-1,-1,-1,-1,-1,1,-1,1,0.01139930309727788
1,1,1,-1,-1,-1,-1,-1,-1,-1,1,1,-1,0.010186124593019485
1,1,1,-1,-1,-1,-1,-1,-1,1,-1,-1,-1,0.011811798438429832
1,1,1,-1,-1,-1,-1,-1,-1,1,-1,-1,1,0.011845910921692848
1,1,1,-1,-1,-1,-1,-1,-1,1,-1,1,-1,0.011060602031648159
1,1,1,-1,-1,-1,-1,-1,-1,1,1,-1,-1,0.011215819977223873
1,1,1,-1,-1,-1,-1,-1,1,-1,-1,1,-1,0.009789691306650639
1,1,1,-1,-1,-1,-1,-1,1,-1,-1,1,1,0.010688774287700653
1,1,1,-1,-1,-1,-1,-1,1,-1,1,-1,-1,0.010237932515641054
1,1,1,-1,-1,-1,-1,-1,1,-1,1,-1,1,0.010682931169867516
1,1,1,-1,-1,-1,-1,-1,1,1,-1,-1,1,0.01139505160972476
1,1,1,-1,-1,-1,-1,-1,1,1,-1,1,1,0.010758486110717058
1,1,1,-1,-1,-1,-1,-1,1,1,1,-1,-1,0.010501623153686523
1,1,1,-1,-1,-1,-1,-1,1,1,1,-1,1,0.011071376968175173
1,1,1,-1,-1,-1,-1,-1,1,1,1,1,-1,0.009867866523563862
1,1,1,-1,-1,-1,-1,1,-1,-1,-1,1,-1,0.010237602517008781
1,1,1,-1,-1,-1,-1,1,-1,-1,1,-1,-1,0.010409434325993061
1,1,1,-1,-1,-1,-1,1,-1,-1,1,-1,1,0.010666255839169025
1,1,1,-1,-1,-1,-1,1,-1,-1,1,1,-1,0.00967135839164257
1,1,1,-1,-1,-1,-1,1,-1,-1,1,1,1,0.01020931483556827
1,1,1,-1,-1,-1,-1,1,-1,1,-1,-1,-1,0.011221536668017507
1,1,1,-1,-1,-1,-1,1,-1,1,-1,-1,1,0.011765689589083195
1,1,1,-1,-1,-1,-1,1,-1,1,-1,1,-1,0.010464128106832504
1,1,1,-1,-1,-1,-1,1,-1,1,1,-1,-1,0.01061512716114521
1,1,1,-1,-1,-1,-1,1,-1,1,1,-1,1,0.011074283781150976
1,1,1,-1,-1,-1,-1,1,-1,1,1,1,-1,0.00959076639264822
1,1,1,-1,-1,-1,-1,1,-1,1,1,1,1,0.01023075869306922
1,1,1,-1,-1,-1,-1,1,1,-1,-1,-1,-1,0.009899837896227837
1,1,1,-1,-1,-1,-1,1,1,-1,-1,1,-1,0.009676044341176748
1,1,1,-1,-1,-1,-1,1,1,-1,-1,1,1,0.01010898593813181
1,1,1,-1,-1,-1,-1,1,1,-1,1,-1,-1,0.00952242873609066
1,1,1,-1,-1,-1,-1,1,1,-1,1,-1,1,0.00997375138103962
1,1,1,-1,-1,-1,-1,1,1,-1,1,1,1,0.009700752794742584
1,1,1,-1,-1,-1,-1,1,1,1,-1,-1,-1,0.0104109946017464
1,1,1,-1,-1,-1,-1,1,1,1,-1,-1,1,0.011083655524998903
1,1,1,-1,-1,-1,-1,1,1,1,-1,1,-1,0.009735981933772564
1,1,1,-1,-1,-1,-1,1,1,1,1,-1,-1,0.009873155504465103
1,1,1,-1,-1,-1,-1,1,1,1,1,1,-1,0.009154354222118855
1,1,1,-1,-1,-1,1,-1,-1,-1,-1,-1,-1,0.011754142586141825
1,1,1,-1,-1,-1,1,-1,-1,-1,-1,-1,1,0.012183488812297583
1,1,1,-1,-1,-1,1,-1,-1,-1,-1,1,-1,0.011135062202811241
1,1,1,-1,-1,-1,1,-1,-1,-1,-1,1,1,0.01161233615130186
1,1,1,-1,-1,-1,1,-1,-1,-1,1,-1,1,0.011635150294750929
1,1,1,-1,-1,-1,1,-1,-1,-1,1,1,1,0.010884269140660763
1,1,1,-1,-1,-1,1,-1,-1,1,-1,-1,1,0.012405181303620338
1,1,1,-1,-1,-1,1,-1,-1,1,-1,1,-1,0.011321097146719694
1,1,1,-1,-1,-1,1,-1,-1,1,-1,1,1,0.011768910568207502
1,1,1,-1,-1,-1,1,-1,-1,1,1,-1,-1,0.011329632252454758
1,1,1,-1,-1,-1,1,-1,-1,1,1,1,-1,0.010825272649526596
1,1,1,-1,-1,-1,1,-1,-1,1,1,1,1,0.011663076467812061
1,1,1,-1,-1,-1,1,-1,1,-1,-1,-1,-1,0.01093800226226449
1,1,1,-1,-1,-1,1,-1,1,-1,-1,-1,1,0.011491009034216404
1,1,1,-1,-1,-1,1,-1,1,-1,-1,1,-1,0.010487844701856375
1,1,1,-1,-1,-1,1,-1,1,-1,-1,1,1,0.010748842731118202
1,1,1,-1,-1,-1,1,-1,1,-1,1,-1,-1,0.010584121569991112
1,1,1,-1,-1,-1,1,-1,1,-1,1,-1,1,0.011029055342078209
1,1,1,-1,-1,-1,1,-1,1,-1,1,1,-1,0.00952592259272933
1,1,1,-1,-1,-1,1,-1,1,-1,1,1,1,0.010426962748169899
1,1,1,-1,-1,-1,1,-1,1,1,-1,-1,-1,0.011160490103065968
1,1,1,-1,-1,-1,1,-1,1,1,-1,-1,1,0.011659199371933937
1,1,1,-1,-1,-1,1,-1,1,1,-1,1,-1,0.01070057274773717
1,1,1,-1,-1,-1,1,-1,1,1,-1,1,1,0.011360401287674904
1,1,1,-1,-1,-1,1,-1,1,1,1,-1,-1,0.010810770094394684
1,1,1,-1,-1,-1,1,-1,1,1,1,-1,1,0.011288044974207878
1,1,1,-1,-1,-1,1,-1,1,1,1,1,1,0.010519171133637428
1,1,1,-1,-1,-1,1,1,-1,-1,-1,-1,-1,0.011175860650837421
1,1,1,-1,-1,-1,1,1,-1,-1,-1,-1,1,0.011679161339998245
1,1,1,-1,-1,-1,1,1,-1,-1,-1,1,-1,0.010574780404567719
1,1,1,-1,-1,-1,1,1,-1,-1,1,-1,-1,0.010605025105178356
1,1,1,-1,-1,-1,1,1,-1,-1,1,1,-1,0.01011701300740242
1,1,1,-1,-1,-1,1,1,-1,-1,1,1,1,0.010392185300588608
1,1,1,-1,-1,-1,1,1,-1,1,-1,-1,-1,0.011666060891002417
1,1,1,-1,-1,-1,1,1,-1,1,-1,-1,1,0.012142602354288101
1,1,1,-1,-1,-1,1,1,-1,1,-1,1,-1,0.010891937650740147
1,1,1,-1,-1,-1,1,1,-1,1,-1,1,1,0.011665401048958302
1,1,1,-1,-1,-1,1,1,-1,1,1,-1,-1,0.010972999967634678
1,1,1,-1,-1,-1,1,1,-1,1,1,1,-1,0.01021864591166377
1,1,1,-1,-1,-1,1,1,-1,1,1,1,1,0.010846286080777645
1,1,1,-1,-1,-1,1,1,1,-1,-1,-1,-1,0.010552485473453999
1,1,1,-1,-1,-1,1,1,1,-1,-1,-1,1,0.010798515751957893
1,1,1,-1,-1,-1,1,1,1,-1,-1,1,-1,0.009892825037240982
1,1,1,-1,-1,-1,1,1,1,-1,-1,1,1,0.010366896633058786
1,1,1,-1,-1,-1,1,1,1,-1,1,-1,-1,0.009764072174827257
1,1,1,-1,-1,-1,1,1,1,-1,1,-1,1,0.010399396531283855
1,1,1,-1,-1,-1,1,1,1,-1,1,1,-1,0.009468351490795612
1,1,1,-1,-1,-1,1,1,1,-1,1,1,1,0.009453026577830315
1,1,1,-1,-1,-1,1,1,1,1,-1,-1,1,0.011397012043744326
1,1,1,-1,-1,-1,1,1,1,1,-1,1,-1,0.010103019264837107
1,1,1,-1,-1,-1,1,1,1,1,-1,1,1,0.010747156105935574
1,1,1,-1,-1,-1,1,1,1,1,1,-1,-1,0.010277677016953627
1,1,1,-1,-1,-1,1,1,1,1,1,-1,1,0.010646869738896688
1,1,1,-1,-1,1,-1,-1,-1,-1,-1,-1,-1,0.010991980321705341
1,1,1,-1,-1,1,-1,-1,-1,-1,-1,1,-1,0.010114792734384537
1,1,1,-1,-1,1,-1,-1,-1,-1,-1,1,1,0.010864666663110256
1,1,1,-1,-1,1,-1,-1,-1,-1,1,-1,1,0.010536864399909973
1,1,1,-1,-1,1,-1,-1,-1,-1,1,1,-1,0.009901399724185467
1,1,1,-1,-1,1,-1,-1,-1,-1,1,1,1,0.01014177966862917
1,1,1,-1,-1,1,-1,-1,-1,1,-1,-1,-1,0.011234909994527698
1,1,1,-1,-1,1,-1,-1,-1,1,-1,1,1,0.010896590072661638
1,1,1,-1,-1,1,-1,-1,-1,1,1,-1,-1,0.010642992332577705
1,1,1,-1,-1,1,-1,-1,-1,1,1,-1,1,0.010885653086006641
1,1,1,-1,-1,1,-1,-1,-1,1,1,1,-1,0.010067077353596687
1,1,1,-1,-1,1,-1,-1,-1,1,1,1,1,0.010469750501215458
1,1,1,-1,-1,1,-1,-1,1,-1,-1,-1,-1,0.009973877109587193
1,1,1,-1,-1,1,-1,-1,1,-1,-1,-1,1,0.010867409408092499
1,1,1,-1,-1,1,-1,-1,1,-1,-1,1,-1,0.009743934497237206
1,1,1,-1,-1,1,-1,-1,1,-1,-1,1,1,0.010146623477339745
1,1,1,-1,-1,1,-1,-1,1,-1,1,-1,1,0.010027086362242699
1,1,1,-1,-1,1,-1,-1,1,-1,1,1,-1,0.008948382455855608
1,1,1,-1,-1,1,-1,-1,1,-1,1,1,1,0.009526063688099384
1,1,1,-1,-1,1,-1,-1,1,1,-1,-1,-1,0.010553384199738503
1,1,1,-1,-1,1,-1,-1,1,1,-1,-1,1,0.010885074269026518
1,1,1,-1,-1,1,-1,-1,1,1,-1,1,-1,0.009845166156689325
1,1,1,-1,-1,1,-1,-1,1,1,-1,1,1,0.010292676510289311
1,1,1,-1,-1,1,-1,-1,1,1,1,1,-1,0.009301544477542242
1,1,1,-1,-1,1,-1,-1,1,1,1,1,1,0.00968075729906559
1,1,1,-1,-1,1,-1,1,-1,-1,-1,-1,-1,0.010440520631770292
1,1,1,-1,-1,1,-1,1,-1,-1,-1,1,-1,0.0097300432001551
1,1,1,-1,-1,1,-1,1,-1,-1,1,-1,-1,0.009724991396069527
1,1,1,-1,-1,1,-1,1,-1,-1,1,-1,1,0.010041531175374985
1,1,1,-1,-1,1,-1,1,-1,-1,1,1,-1,0.009368614293634892
1,1,1,-1,-1,1,-1,1,-1,-1,1,1,1,0.009614520706236362
1,1,1,-1,-1,1,-1,1,-1,1,-1,-1,1,0.011427451856434345
1,1,1,-1,-1,1,-1,1,-1,1,-1,1,1,0.01052805408835411
1,1,1,-1,-1,1,-1,1,-1,1,1,-1,-1,0.010387154296040535
1,1,1,-1,-1,1,-1,1,-1,1,1,-1,1,0.01051884051412344
1,1,1,-1,-1,1,-1,1,-1,1,1,1,-1,0.00930870184674859
1,1,1,-1,-1,1,-1,1,-1,1,1,1,1,0.010044923052191734
1,1,1,-1,-1,1,-1,1,1,-1,-1,-1,-1,0.00988349225372076
1,1,1,-1,-1,1,-1,1,1,-1,-1,-1,1,0.010172574780881405
1,1,1,-1,-1,1,-1,1,1,-1,-1,1,-1,0.008939743507653475
1,1,1,-1,-1,1,-1,1,1,-1,1,-1,-1,0.0092246246834596
1,1,1,-1,-1,1,-1,1,1,-1,1,-1,1,0.010032115504145622
1,1,1,-1,-1,1,-1,1,1,-1,1,1,-1,0.008537502493709326
1,1,1,-1,-1,1,-1,1,1,-1,1,1,1,0.008824696764349937
1,1,1,-1,-1,1,-1,1,1,1,-1,-1,-1,0.009860370308160782
1,1,1,-1,-1,1,-1,1,1,1,-1,-1,1,0.010521681979298592
1,1,1,-1,-1,1,-1,1,1,1,-1,1,-1,0.00919395498931408
1,1,1,-1,-1,1,-1,1,1,1,-1,1,1,0.009797777980566025
1,1,1,-1,-1,1,-1,1,1,1,1,-1,-1,0.00950718391686678
1,1,1,-1,-1,1,-1,1,1,1,1,-1,1,0.00954523216933012
1,1,1,-1,-1,1,-1,1,1,1,1,1,-1,0.00868949294090271
1,1,1,-1,-1,1,-1,1,1,1,1,1,1,0.009326204657554626
1,1,1,-1,-1,1,1,-1,-1,-1,-1,1,-1,0.010561566334217787
1,1,1,-1,-1,1,1,-1,-1,-1,1,-1,-1,0.010414317715913057
1,1,1,-1,-1,1,1,-1,-1,-1,1,-1,1,0.011145288124680519
1,1,1,-1,-1,1,1,-1,-1,-1,1,1,1,0.010443292558193207
1,1,1,-1,-1,1,1,-1,-1,1,-1,-1,-1,0.011620775486032167
1,1,1,-1,-1,1,1,-1,-1,1,-1,-1,1,0.012038116343319416
1,1,1,-1,-1,1,1,-1,-1,1,-1,1,-1,0.010908012744039297
1,1,1,-1,-1,1,1,-1,-1,1,-1,1,1,0.011101659387350082
1,1,1,-1,-1,1,1,-1,-1,1,1,-1,-1,0.010857272893190384
1,1,1,-1,-1,1,1,-1,-1,1,1,-1,1,0.011583502404391766
1,1,1,-1,-1,1,1,-1,-1,1,1,1,-1,0.01005604024976492
1,1,1,-1,-1,1,1,-1,1,-1,-1,-1,1,0.010975216204921404
1,1,1,-1,-1,1,1,-1,1,-1,-1,1,-1,0.009802894480526448
1,1,1,-1,-1,1,1,-1,1,-1,-1,1,1,0.010616345331072807
1,1,1,-1,-1,1,1,-1,1,-1,1,-1,-1,0.009820979088544846
1,1,1,-1,-1,1,1,-1,1,-1,1,-1,1,0.010439026169478893
1,1,1,-1,-1,1,1,-1,1,-1,1,1,-1,0.009303707939883074
1,1,1,-1,-1,1,1,-1,1,1,-1,-1,-1,0.011027203872799873
1,1,1,-1,-1,1,1,-1,1,1,-1,-1,1,0.011364920996129513
1,1,1,-1,-1,1,1,-1,1,1,-1,1,-1,0.010044535001118978
1,1,1,-1,-1,1,1,-1,1,1,-1,1,1,0.01066493522375822
1,1,1,-1,-1,1,1,-1,1,1,1,-1,-1,0.009831207804381847
1,1,1,-1,-1,1,1,-1,1,1,1,1,-1,0.009659913368523121
1,1,1,-1,-1,1,1,-1,1,1,1,1,1,0.010031918063759804
1,1,1,-1,-1,1,1,1,-1,-1,-1,-1,-1,0.010864628478884697
1,1,1,-1,-1,1,1,1,-1,-1,-1,-1,1,0.011455407366156578
1,1,1,-1,-1,1,1,1,-1,-1,-1,1,-1,0.01017025113105774
1,1,1,-1,-1,1,1,1,-1,-1,-1,1,1,0.010327758267521858
1,1,1,-1,-1,1,1,1,-1,-1,1,-1,-1,0.010241401381790638
1,1,1,-1,-1,1,1,1,-1,-1,1,1,-1,0.00927645806223154
1,1,1,-1,-1,1,1,1,-1,-1,1,1,1,0.010084119625389576
1,1,1,-1,-1,1,1,1,-1,1,-1,1,-1,0.010234567802399397
1,1,1,-1,-1,1,1,1,-1,1,-1,1,1,0.010955647099763155
1,1,1,-1,-1,1,1,1,-1,1,1,-1,-1,0.010587994940578938
1,1,1,-1,-1,1,1,1,-1,1,1,-1,1,0.011022580787539482
1,1,1,-1,-1,1,1,1,-1,1,1,1,-1,0.009509463794529438
1,1,1,-1,-1,1,1,1,-1,1,1,1,1,0.010235747322440147
1,1,1,-1,-1,1,1,1,1,-1,-1,-1,-1,0.009895550087094307
1,1,1,-1,-1,1,1,1,1,-1,1,-1,1,0.010062937624752522
1,1,1,-1,-1,1,1,1,1,-1,1,1,-1,0.008859139867126942
1,1,1,-1,-1,1,1,1,1,-1,1,1,1,0.009328133426606655
1,1,1,-1,-1,1,1,1,1,1,-1,-1,-1,0.010096237249672412
1,1,1,-1,-1,1,1,1,1,1,-1,-1,1,0.010942059569060802
1,1,1,-1,-1,1,1,1,1,1,-1,1,1,0.010284998919814825
1,1,1,-1,-1,1,1,1,1,1,1,1,-1,0.00892644189298153
1,1,1,-1,-1,1,1,1,1,1,1,1,1,0.009716762229800224
1,1,1,-1,1,-1,-1,-1,-1,-1,-1,-1,-1,0.011826736231644949
1,1,1,-1,1,-1,-1,-1,-1,-1,-1,-1,1,0.012246198486536741
1,1,1,-1,1,-1,-1,-1,-1,-1,-1,1,-1,0.01108798524364829
1,1,1,-1,1,-1,-1,-1,-1,-1,1,-1,1,0.011783598456531763
1,1,1,-1,1,-1,-1,-1,-1,-1,1,1,-1,0.010559694608673453
1,1,1,-1,1,-1,-1,-1,-1,1,-1,-1,-1,0.012050448916852474
1,1,1,-1,1,-1,-1,-1,-1,1,1,-1,1,0.01210433446491758
1,1,1,-1,1,-1,-1,-1,-1,1,1,1,-1,0.010733897797763348
1,1,1,-1,1,-1,-1,-1,-1,1,1,1,1,0.011445300653576851
1,1,1,-1,1,-1,-1,-1,1,-1,-1,-1,-1,0.01143921259790659
1,1,1,-1,1,-1,-1,-1,1,-1,-1,-1,1,0.011732365004718304
1,1,1,-1,1,-1,-1,-1,1,-1,1,1,-1,0.009884064085781574
1,1,1,-1,1,-1,-1,-1,1,-1,1,1,1,0.010084403678774834
1,1,1,-1,1,-1,-1,-1,1,1,-1,-1,-1,0.011293786577880383
1,1,1,-1,1,-1,-1,-1,1,1,-1,-1,1,0.011930497363209724
1,1,1,-1,1,-1,-1,-1,1,1,-1,1,1,0.011196288901070753
1,1,1,-1,1,-1,-1,-1,1,1,1,-1,1,0.011524076573550701
1,1,1,-1,1,-1,-1,-1,1,1,1,1,1,0.010768706910312176
1,1,1,-1,1,-1,-1,1,-1,-1,-1,-1,-1,0.010924123227596283
1,1,1,-1,1,-1,-1,1,-1,-1,-1,-1,1,0.011568197049200535
1,1,1,-1,1,-1,-1,1,-1,-1,-1,1,-1,0.01055098045617342
1,1,1,-1,1,-1,-1,1,-1,-1,1,-1,-1,0.010886847507208586
1,1,1,-1,1,-1,-1,1,-1,-1,1,-1,1,0.011305279098451138
1,1,1,-1,1,-1,-1,1,-1,-1,1,1,1,0.010477868374437094
1,1,1,-1,1,-1,-1,1,-1,1,-1,-1,-1,0.011565472930669785
1,1,1,-1,1,-1,-1,1,-1,1,-1,-1,1,0.012257281225174665
1,1,1,-1,1,-1,-1,1,-1,1,-1,1,-1,0.010733614210039377
1,1,1,-1,1,-1,-1,1,-1,1,-1,1,1,0.01135747553780675
1,1,1,-1,1,-1,-1,1,-1,1,1,-1,-1,0.011086266487836838
1,1,1,-1,1,-1,-1,1,-1,1,1,1,-1,0.010478047343591848
1,1,1,-1,1,-1,-1,1,-1,1,1,1,1,0.010716479737311602
1,1,1,-1,1,-1,-1,1,1,-1,-1,-1,-1,0.01056384202092886
1,1,1,-1,1,-1,-1,1,1,-1,-1,-1,1,0.011088280472904444
1,1,1,-1,1,-1,-1,1,1,-1,1,-1,-1,0.01002712082117796
1,1,1,-1,1,-1,-1,1,1,-1,1,-1,1,0.010555407032370567
1,1,1,-1,1,-1,-1,1,1,-1,1,1,-1,0.009422581642866135
1,1,1,-1,1,-1,-1,1,1,1,-1,-1,-1,0.011141357012093067
1,1,1,-1,1,-1,-1,1,1,1,-1,-1,1,0.011325584724545479
1,1,1,-1,1,-1,-1,1,1,1,-1,1,-1,0.010530848987400532
1,1,1,-1,1,-1,-1,1,1,1,1,-1,-1,0.010400033555924892
1,1,1,-1,1,-1,-1,1,1,1,1,-1,1,0.01109128724783659
1,1,1,-1,1,-1,-1,1,1,1,1,1,-1,0.009734587743878365
1,1,1,-1,1,-1,1,-1,-1,-1,-1,-1,-1,0.012074498925358057
1,1,1,-1,1,-1,1,-1,-1,-1,-1,-1,1,0.012721802107989788
1,1,1,-1,1,-1,1,-1,-1,-1,-1,1,-1,0.011684722732752562
1,1,1,-1,1,-1,1,-1,-1,-1,-1,1,1,0.011855842545628548
1,1,1,-1,1,-1,1,-1,-1,-1,1,-1,-1,0.011561988852918148
1,1,1,-1,1,-1,1,-1,-1,-1,1,-1,1,0.011977941263467073
1,1,1,-1,1,-1,1,-1,-1,-1,1,1,-1,0.010772420559078455
1,1,1,-1,1,-1,1,-1,-1,1,-1,-1,1,0.012957481434568763
1,1,1,-1,1,-1,1,-1,-1,1,-1,1,1,0.012354792794212699
1,1,1,-1,1,-1,1,-1,-1,1,1,-1,-1,0.01193405594676733
1,1,1,-1,1,-1,1,-1,-1,1,1,-1,1,0.01238275971263647
1,1,1,-1,1,-1,1,-1,-1,1,1,1,-1,0.011083775199949741
1,1,1,-1,1,-1,1,-1,1,-1,-1,-1,-1,0.011385035701096058
1,1,1,-1,1,-1,1,-1,1,-1,-1,-1,1,0.012259142939001322
1,1,1,-1,1,-1,1,-1,1,-1,1,-1,-1,0.010490845888853073
1,1,1,-1,1,-1,1,-1,1,-1,1,-1,1,0.011296882294118404
1,1,1,-1,1,-1,1,-1,1,-1,1,1,-1,0.010320989415049553
1,1,1,-1,1,-1,1,-1,1,-1,1,1,1,0.010587744414806366
1,1,1,-1,1,-1,1,-1,1,1,-1,1,-1,0.010989585891366005
1,1,1,-1,1,-1,1,-1,1,1,-1,1,1,0.011496905237436295
1,1,1,-1,1,-1,1,-1,1,1,1,-1,-1,0.010891306214034557
1,1,1,-1,1,-1,1,-1,1,1,1,-1,1,0.01183828804641962
1,1,1,-1,1,-1,1,-1,1,1,1,1,-1,0.01048444863408804
1,1,1,-1,1,-1,1,1,-1,-1,-1,-1,1,0.012150624766945839
1,1,1,-1,1,-1,1,1,-1,-1,-1,1,-1,0.011062615551054478
1,1,1,-1,1,-1,1,1,-1,-1,-1,1,1,0.011383334174752235
1,1,1,-1,1,-1,1,1,-1,-1,1,-1,-1,0.011355139315128326
1,1,1,-1,1,-1,1,1,-1,1,-1,-1,-1,0.011790391057729721
1,1,1,-1,1,-1,1,1,-1,1,-1,-1,1,0.012505794875323772
1,1,1,-1,1,-1,1,1,-1,1,-1,1,-1,0.011455019004642963
1,1,1,-1,1,-1,1,1,-1,1,-1,1,1,0.011752903461456299
1,1,1,-1,1,-1,1,1,-1,1,1,-1,-1,0.011372757144272327
1,1,1,-1,1,-1,1,1,-1,1,1,1,-1,0.010739756127198538
1,1,1,-1,1,-1,1,1,1,-1,-1,-1,-1,0.01098914568622907
1,1,1,-1,1,-1,1,1,1,-1,-1,-1,1,0.01143617182970047
1,1,1,-1,1,-1,1,1,1,-1,-1,1,1,0.01071898452937603
1,1,1,-1,1,-1,1,1,1,-1,1,-1,-1,0.010501703713089228
1,1,1,-1,1,-1,1,1,1,-1,1,1,-1,0.009482868015766144
1,1,1,-1,1,-1,1,1,1,1,-1,-1,1,0.011738726869225502
1,1,1,-1,1,-1,1,1,1,1,-1,1,-1,0.01047810586169362
1,1,1,-1,1,-1,1,1,1,1,-1,1,1,0.01077906135469675
1,1,1,-1,1,-1,1,1,1,1,1,-1,-1,0.010597879532724619
1,1,1,-1,1,-1,1,1,1,1,1,1,-1,0.01001686230301857
1,1,1,-1,1,-1,1,1,1,1,1,1,1,0.010577249340713024
1,1,1,-1,1,1,-1,-1,-1,-1,-1,-1,-1,0.011348727624863386
1,1,1,-1,1,1,-1,-1,-1,-1,-1,-1,1,0.01169276051223278
1,1,1,-1,1,1,-1,-1,-1,-1,-1,1,-1,0.010554904118180275
1,1,1,-1,1,1,-1,-1,-1,-1,-1,1,1,0.011257262900471687
1,1,1,-1,1,1,-1,-1,-1,1,-1,-1,-1,0.011669586412608624
1,1,1,-1,1,1,-1,-1,-1,1,-1,-1,1,0.012140996754169464
1,1,1,-1,1,1,-1,-1,-1,1,-1,1,-1,0.011063460260629654
1,1,1,-1,1,1,-1,-1,-1,1,-1,1,1,0.01154546719044447
1,1,1,-1,1,1,-1,-1,-1,1,1,-1,-1,0.011303844396024942
1,1,1,-1,1,1,-1,-1,-1,1,1,-1,1,0.011714173294603825
1,1,1,-1,1,1,-1,-1,-1,1,1,1,1,0.010666830465197563
1,1,1,-1,1,1,-1,-1,1,-1,-1,-1,-1,0.010860295966267586
1,1,1,-1,1,1,-1,-1,1,-1,-1,-1,1,0.011056701963146528
1,1,1,-1,1,1,-1,-1,1,-1,-1,1,-1,0.009852740447968245
1,1,1,-1,1,1,-1,-1,1,-1,-1,1,1,0.010393855161964893
1,1,1,-1,1,1,-1,-1,1,-1,1,-1,-1,0.009933743625879288
1,1,1,-1,1,1,-1,-1,1,-1,1,-1,1,0.010408404283225536
1,1,1,-1,1,1,-1,-1,1,-1,1,1,-1,0.009407423436641693
1,1,1,-1,1,1,-1,-1,1,1,-1,-1,-1,0.011100353052218756
1,1,1,-1,1,1,-1,-1,1,1,-1,-1,1,0.011248013935983181
1,1,1,-1,1,1,-1,-1,1,1,-1,1,-1,0.01038195937871933
1,1,1,-1,1,1,-1,-1,1,1,-1,1,1,0.010437246412038803
1,1,1,-1,1,1,-1,-1,1,1,1,-1,1,0.011144622229039669
1,1,1,-1,1,1,-1,-1,1,1,1,1,-1,0.009467377327382565
1,1,1,-1,1,1,-1,-1,1,1,1,1,1,0.010165090672671795
1,1,1,-1,1,1,-1,1,-1,-1,-1,-1,-1,0.010849650017917156
1,1,1,-1,1,1,-1,1,-1,-1,-1,-1,1,0.011336005292832851
1,1,1,-1,1,1,-1,1,-1,-1,-1,1,1,0.010726807173341513
1,1,1,-1,1,1,-1,1,-1,-1,1,-1,-1,0.010429116897284985
1,1,1,-1,1,1,-1,1,-1,-1,1,-1,1,0.010483850724995136
1,1,1,-1,1,1,-1,1,-1,-1,1,1,-1,0.00971943698823452
1,1,1,-1,1,1,-1,1,-1,1,-1,-1,-1,0.010927245020866394
1,1,1,-1,1,1,-1,1,-1,1,-1,-1,1,0.011477566324174404
1,1,1,-1,1,1,-1,1,-1,1,-1,1,1,0.01071432325989008
1,1,1,-1,1,1,-1,1,-1,1,1,-1,1,0.010893424972891808
1,1,1,-1,1,1,-1,1,-1,1,1,1,-1,0.009794322152932486
1,1,1,-1,1,1,-1,1,-1,1,1,1,1,0.010503193984429041
1,1,1,-1,1,1,-1,1,1,-1,-1,-1,-1,0.010226137936115265
1,1,1,-1,1,1,-1,1,1,-1,-1,-1,1,0.010689829476177692
1,1,1,-1,1,1,-1,1,1,-1,-1,1,-1,0.009211848955601454
1,1,1,-1,1,1,-1,1,1,-1,-1,1,1,0.009746354073286057
1,1,1,-1,1,1,-1,1,1,-1,1,-1,-1,0.009702814432481924
1,1,1,-1,1,1,-1,1,1,-1,1,-1,1,0.009894313290715218
1,1,1,-1,1,1,-1,1,1,1,-1,-1,-1,0.010628893971443176
1,1,1,-1,1,1,-1,1,1,1,-1,-1,1,0.010838286019861698
1,1,1,-1,1,1,-1,1,1,1,-1,1,-1,0.00969460979104042
1,1,1,-1,1,1,-1,1,1,1,-1,1,1,0.010209934320300817
1,1,1,-1,1,1,-1,1,1,1,1,-1,-1,0.009970208629965782
1,1,1,-1,1,1,-1,1,1,1,1,-1,1,0.010305077147980532
1,1,1,-1,1,1,-1,1,1,1,1,1,-1,0.009007154032588005
1,1,1,-1,1,1,-1,1,1,1,1,1,1,0.009675564554830393
1,1,1,-1,1,1,1,-1,-1,-1,-1,-1,-1,0.01175656821578741
1,1,1,-1,1,1,1,-1,-1,-1,-1,-1,1,0.011972591280937195
1,1,1,-1,1,1,1,-1,-1,-1,-1,1,-1,0.011001443800826868
1,1,1,-1,1,1,1,-1,-1,-1,-1,1,1,0.011479257605969906
1,1,1,-1,1,1,1,-1,-1,-1,1,-1,-1,0.01078630331903696
1,1,1,-1,1,1,1,-1,-1,-1,1,-1,1,0.011385851539671421
1,1,1,-1,1,1,1,-1,-1,-1,1,1,-1,0.010104275308549404
1,1,1,-1,1,1,1,-1,-1,-1,1,1,1,0.011120196431875229
1,1,1,-1,1,1,1,-1,-1,1,-1,1,-1,0.011320013087242842
1,1,1,-1,1,1,1,-1,-1,1,-1,1,1,0.011584771797060966
1,1,1,-1,1,1,1,-1,-1,1,1,-1,-1,0.011511366814374924
1,1,1,-1,1,1,1,-1,-1,1,1,-1,1,0.011565976776182652
1,1,1,-1,1,1,1,-1,-1,1,1,1,-1,0.010984317399561405
1,1,1,-1,1,1,1,-1,-1,1,1,1,1,0.011262602871283889
1,1,1,-1,1,1,1,-1,1,-1,-1,-1,-1,0.011098282411694527
1,1,1,-1,1,1,1,-1,1,-1,-1,-1,1,0.01183387078344822
1,1,1,-1,1,1,1,-1,1,-1,-1,1,-1,0.010118984803557395
1,1,1,-1,1,1,1,-1,1,-1,-1,1,1,0.01065591877947251
1,1,1,-1,1,1,1,-1,1,-1,1,-1,-1,0.010425225831568241
1,1,1,-1,1,1,1,-1,1,-1,1,-1,1,0.010716752149164677
1,1,1,-1,1,1,1,-1,1,1,-1,-1,1,0.011823518201708794
1,1,1,-1,1,1,1,-1,1,1,-1,1,-1,0.010735509917140007
1,1,1,-1,1,1,1,-1,1,1,1,-1,-1,0.01057153195142746
1,1,1,-1,1,1,1,-1,1,1,1,-1,1,0.011191332712769508
1,1,1,-1,1,1,1,-1,1,1,1,1,-1,0.010147908702492714
1,1,1,-1,1,1,1,1,-1,-1,-1,-1,-1,0.010868171229958534
1,1,1,-1,1,1,1,1,-1,-1,-1,1,-1,0.010133367963135242
1,1,1,-1,1,1,1,1,-1,-1,1,-1,-1,0.010550187900662422
1,1,1,-1,1,1,1,1,-1,-1,1,1,1,0.010526563040912151
1,1,1,-1,1,1,1,1,-1,1,-1,-1,-1,0.011286737862974405
1,1,1,-1,1,1,1,1,-1,1,-1,-1,1,0.012011547572910786
1,1,1,-1,1,1,1,1,-1,1,-1,1,-1,0.01073779072612524
1,1,1,-1,1,1,1,1,-1,1,-1,1,1,0.011241091415286064
1,1,1,-1,1,1,1,1,-1,1,1,-1,-1,0.010748320259153843
1,1,1,-1,1,1,1,1,-1,1,1,-1,1,0.011520210343102614
1,1,1,-1,1,1,1,1,-1,1,1,1,-1,0.010173494927585125
1,1,1,-1,1,1,1,1,-1,1,1,1,1,0.010720182210206985
1,1,1,-1,1,1,1,1,1,-1,-1,1,-1,0.009792318567633629
1,1,1,-1,1,1,1,1,1,-1,-1,1,1,0.010340830311179161
1,1,1,-1,1,1,1,1,1,-1,1,1,-1,0.009287857450544834
1,1,1,-1,1,1,1,1,1,-1,1,1,1,0.009741936810314655
1,1,1,-1,1,1,1,1,1,1,-1,-1,-1,0.010773695074021816
1,1,1,-1,1,1,1,1,1,1,-1,1,-1,0.009815231896936893
1,1,1,-1,1,1,1,1,1,1,-1,1,1,0.010515648871660233
1,1,1,-1,1,1,1,1,1,1,1,-1,-1,0.010397949256002903
1,1,1,-1,1,1,1,1,1,1,1,-1,1,0.010801944881677628
1,1,1,-1,1,1,1,1,1,1,1,1,-1,0.009801146574318409
1,1,1,1,-1,-1,-1,-1,-1,-1,-1,-1,-1,0.011090278315047422
1,1,1,1,-1,-1,-1,-1,-1,-1,-1,-1,1,0.011609882116317749
1,1,1,1,-1,-1,-1,-1,-1,-1,-1,1,-1,0.010493909940123558
1,1,1,1,-1,-1,-1,-1,-1,-1,-1,1,1,0.010884382762014866
1,1,1,1,-1,-1,-1,-1,-1,-1,1,-1,-1,0.010250389575958252
1,1,1,1,-1,-1,-1,-1,-1,-1,1,-1,1,0.011075180023908615
1,1,1,1,-1,-1,-1,-1,-1,-1,1,1,-1,0.009920752141624689
1,1,1,1,-1,-1,-1,-1,-1,-1,1,1,1,0.010575767606496811
1,1,1,1,-1,-1,-1,-1,-1,1,-1,-1,-1,0.011324601247906685
1,1,1,1,-1,-1,-1,-1,-1,1,-1,-1,1,0.012052932754158974
1,1,1,1,-1,-1,-1,-1,-1,1,-1,1,1,0.011422598424057165
1,1,1,1,-1,-1,-1,-1,-1,1,1,1,-1,0.010622215457260609
1,1,1,1,-1,-1,-1,-1,-1,1,1,1,1,0.010793084278702736
1,1,1,1,-1,-1,-1,-1,1,-1,-1,-1,1,0.011150965001434088
1,1,1,1,-1,-1,-1,-1,1,-1,-1,1,-1,0.009571108501404524
1,1,1,1,-1,-1,-1,-1,1,-1,-1,1,1,0.010522179305553436
1,1,1,1,-1,-1,-1,-1,1,-1,1,-1,-1,0.009742374764755368
1,1,1,1,-1,-1,-1,-1,1,-1,1,-1,1,0.010516466572880745
1,1,1,1,-1,-1,-1,-1,1,-1,1,1,-1,0.009179545100778341
1,1,1,1,-1,-1,-1,-1,1,-1,1,1,1,0.009834195487201214
1,1,1,1,-1,-1,-1,-1,1,1,-1,-1,-1,0.010702024213969707
1,1,1,1,-1,-1,-1,-1,1,1,-1,-1,1,0.011440972797572613
1,1,1,1,-1,-1,-1,-1,1,1,-1,1,-1,0.010280793532729149
1,1,1,1,-1,-1,-1,-1,1,1,1,-1,-1,0.010262363124638796
1,1,1,1,-1,-1,-1,-1,1,1,1,-1,1,0.01087478082627058
1,1,1,1,-1,-1,-1,-1,1,1,1,1,-1,0.009438243694603443
1,1,1,1,-1,-1,-1,-1,1,1,1,1,1,0.00993602816015482
1,1,1,1,-1,-1,-1,1,-1,-1,-1,-1,1,0.011216214625164866
1,1,1,1,-1,-1,-1,1,-1,-1,-1,1,1,0.01049923337996006
1,1,1,1,-1,-1,-1,1,-1,-1,1,-1,1,0.010757954325526953
1,1,1,1,-1,-1,-1,1,-1,-1,1,1,1,0.009966704994440079
1,1,1,1,-1,-1,-1,1,-1,1,-1,-1,1,0.011590299662202597
1,1,1,1,-1,-1,-1,1,-1,1,-1,1,1,0.010798539655903975
1,1,1,1,-1,-1,-1,1,-1,1,1,-1,-1,0.010659794323146343
1,1,1,1,-1,-1,-1,1,-1,1,1,-1,1,0.010955366864800453
1,1,1,1,-1,-1,-1,1,-1,1,1,1,1,0.010217402130365372
1,1,1,1,-1,-1,-1,1,1,-1,-1,-1,1,0.010837610810995102
1,1,1,1,-1,-1,-1,1,1,-1,-1,1,-1,0.00926042441278696
1,1,1,1,-1,-1,-1,1,1,-1,1,-1,-1,0.009623604826629162
1,1,1,1,-1,-1,-1,1,1,-1,1,1,-1,0.00850321538746357
1,1,1,1,-1,-1,-1,1,1,-1,1,1,1,0.009368176572024822
1,1,1,1,-1,-1,-1,1,1,1,-1,-1,-1,0.010422601054112116
1,1,1,1,-1,-1,-1,1,1,1,1,-1,-1,0.009601297788321972
1,1,1,1,-1,-1,-1,1,1,1,1,1,-1,0.008891817182302475
1,1,1,1,-1,-1,-1,1,1,1,1,1,1,0.009735527448356152
1,1,1,1,-1,-1,1,-1,-1,-1,-1,-1,1,0.012033100860814253
1,1,1,1,-1,-1,1,-1,-1,-1,-1,1,-1,0.010929836425930262
1,1,1,1,-1,-1,1,-1,-1,-1,-1,1,1,0.011296321637928486
1,1,1,1,-1,-1,1,-1,-1,-1,1,-1,1,0.011367346625775099
1,1,1,1,-1,-1,1,-1,-1,-1,1,1,-1,0.010372871533036232
1,1,1,1,-1,-1,1,-1,-1,1,-1,-1,-1,0.01196144800633192
1,1,1,1,-1,-1,1,-1,-1,1,-1,-1,1,0.01232648454606533
1,1,1,1,-1,-1,1,-1,-1,1,-1,1,-1,0.011225848691537976
1,1,1,1,-1,-1,1,-1,-1,1,1,-1,-1,0.01136971777305007
1,1,1,1,-1,-1,1,-1,-1,1,1,-1,1,0.012089001946151257
1,1,1,1,-1,-1,1,-1,-1,1,1,1,-1,0.010702347382903099
1,1,1,1,-1,-1,1,-1,-1,1,1,1,1,0.011297234334051609
1,1,1,1,-1,-1,1,-1,1,-1,-1,-1,-1,0.010735453572124243
1,1,1,1,-1,-1,1,-1,1,-1,-1,-1,1,0.011389886029064655
1,1,1,1,-1,-1,1,-1,1,-1,-1,1,-1,0.010003319941461086
1,1,1,1,-1,-1,1,-1,1,-1,-1,1,1,0.010586163960397243
1,1,1,1,-1,-1,1,-1,1,-1,1,-1,-1,0.010093620046973228
1,1,1,1,-1,-1,1,-1,1,-1,1,-1,1,0.01073814183473587
1,1,1,1,-1,-1,1,-1,1,-1,1,1,1,0.009899383410811424
1,1,1,1,-1,-1,1,-1,1,1,-1,-1,1,0.011642561294138432
1,1,1,1,-1,-1,1,-1,1,1,-1,1,-1,0.010202004574239254
1,1,1,1,-1,-1,1,-1,1,1,-1,1,1,0.01100398600101471
1,1,1,1,-1,-1,1,-1,1,1,1,-1,1,0.011194426255921522
1,1,1,1,-1,-1,1,-1,1,1,1,1,-1,0.009552178904414177
1,1,1,1,-1,-1,1,1,-1,-1,-1,-1,1,0.011476821266114712
1,1,1,1,-1,-1,1,1,-1,-1,-1,1,-1,0.010402914136648178
1,1,1,1,-1,-1,1,1,-1,-1,-1,1,1,0.010898402892053127
1,1,1,1,-1,-1,1,1,-1,-1,1,1,-1,0.009804913774132729
1,1,1,1,-1,-1,1,1,-1,1,-1,-1,-1,0.011575127020478249
1,1,1,1,-1,-1,1,1,-1,1,-1,-1,1,0.012145132292062044
1,1,1,1,-1,-1,1,1,-1,1,-1,1,-1,0.010654790326952934
1,1,1,1,-1,-1,1,1,-1,1,-1,1,1,0.011175451800227165
1,1,1,1,-1,-1,1,1,-1,1,1,-1,1,0.011163526214659214
1,1,1,1,-1,-1,1,1,-1,1,1,1,-1,0.010005763731896877
1,1,1,1,-1,-1,1,1,-1,1,1,1,1,0.01094047911465168
1,1,1,1,-1,-1,1,1,1,-1,-1,-1,-1,0.010149688459932804
1,1,1,1,-1,-1,1,1,1,-1,-1,1,1,0.009992529638111591
1,1,1,1,-1,-1,1,1,1,-1,1,-1,1,0.01010675448924303
1,1,1,1,-1,-1,1,1,1,-1,1,1,-1,0.009212806820869446
1,1,1,1,-1,-1,1,1,1,-1,1,1,1,0.009676524437963963
1,1,1,1,-1,-1,1,1,1,1,-1,1,-1,0.0098226855819424
1,1,1,1,-1,-1,1,1,1,1,-1,1,1,0.010344306007027626
1,1,1,1,-1,-1,1,1,1,1,1,-1,-1,0.01038605347275734
1,1,1,1,-1,-1,1,1,1,1,1,-1,1,0.01053905456016461
1,1,1,1,-1,-1,1,1,1,1,1,1,-1,0.009222210384905338
1,1,1,1,-1,1,-1,-1,-1,-1,-1,-1,-1,0.010895702056586742
1,1,1,1,-1,1,-1,-1,-1,-1,-1,-1,1,0.011365840211510658
1,1,1,1,-1,1,-1,-1,-1,-1,-1,1,-1,0.009821692481637001
1,1,1,1,-1,1,-1,-1,-1,-1,1,-1,-1,0.010026862844824791
1,1,1,1,-1,1,-1,-1,-1,-1,1,1,-1,0.00943476582566897
1,1,1,1,-1,1,-1,-1,-1,-1,1,1,1,0.009891222696751356
1,1,1,1,-1,1,-1,-1,-1,1,-1,-1,-1,0.010804166396458944
1,1,1,1,-1,1,-1,-1,-1,1,-1,-1,1,0.011521384119987488
1,1,1,1,-1,1,-1,-1,-1,1,-1,1,1,0.011131764389574528
1,1,1,1,-1,1,-1,-1,-1,1,1,-1,-1,0.010643012821674347
1,1,1,1,-1,1,-1,-1,-1,1,1,-1,1,0.01080594677478075
1,1,1,1,-1,1,-1,-1,-1,1,1,1,-1,0.009863092564046383
1,1,1,1,-1,1,-1,-1,-1,1,1,1,1,0.010353893041610718
1,1,1,1,-1,1,-1,-1,1,-1,-1,-1,-1,0.009852276183664799
1,1,1,1,-1,1,-1,-1,1,-1,-1,-1,1,0.010410094633698463
1,1,1,1,-1,1,-1,-1,1,-1,-1,1,-1,0.009213823825120926
1,1,1,1,-1,1,-1,-1,1,-1,1,1,-1,0.00876106508076191
1,1,1,1,-1,1,-1,-1,1,-1,1,1,1,0.00933578284457326
1,1,1,1,-1,1,-1,-1,1,1,-1,-1,-1,0.010293073952198029
1,1,1,1,-1,1,-1,-1,1,1,-1,-1,1,0.010679883416742086
1,1,1,1,-1,1,-1,-1,1,1,-1,1,-1,0.009731808677315712
1,1,1,1,-1,1,-1,-1,1,1,-1,1,1,0.010159765835851431
1,1,1,1,-1,1,-1,-1,1,1,1,-1,-1,0.009671421721577644
1,1,1,1,-1,1,-1,-1,1,1,1,-1,1,0.010456840507686138
1,1,1,1,-1,1,-1,-1,1,1,1,1,1,0.00946051999926567
1,1,1,1,-1,1,-1,1,-1,-1,-1,-1,-1,0.010235517285764217
1,1,1,1,-1,1,-1,1,-1,-1,-1,-1,1,0.010859536472707987
1,1,1,1,-1,1,-1,1,-1,-1,-1,1,-1,0.009687989950180054
1,1,1,1,-1,1,-1,1,-1,-1,-1,1,1,0.010146181099116802
1,1,1,1,-1,1,-1,1,-1,-1,1,-1,-1,0.009355417918413877
1,1,1,1,-1,1,-1,1,-1,-1,1,-1,1,0.010146118700504303
1,1,1,1,-1,1,-1,1,-1,-1,1,1,-1,0.008776287082582712
1,1,1,1,-1,1,-1,1,-1,-1,1,1,1,0.009412408340722322
1,1,1,1,-1,1,-1,1,-1,1,-1,-1,-1,0.010537708178162575
1,1,1,1,-1,1,-1,1,-1,1,-1,1,-1,0.009952323511242867
1,1,1,1,-1,1,-1,1,-1,1,1,-1,1,0.010528388433158398
1,1,1,1,-1,1,-1,1,-1,1,1,1,-1,0.009527528658509254
1,1,1,1,-1,1,-1,1,-1,1,1,1,1,0.009906845167279243
1,1,1,1,-1,1,-1,1,1,-1,-1,-1,-1,0.009657111639777819
1,1,1,1,-1,1,-1,1,1,-1,-1,-1,1,0.010031110607087612
1,1,1,1,-1,1,-1,1,1,-1,-1,1,1,0.00915331020951271
1,1,1,1,-1,1,-1,1,1,-1,1,-1,-1,0.008951283991336823
1,1,1,1,-1,1,-1,1,1,1,-1,-1,-1,0.009507174603641033
1,1,1,1,-1,1,-1,1,1,1,-1,-1,1,0.010350252501666546
1,1,1,1,-1,1,-1,1,1,1,-1,1,-1,0.009125490672886372
1,1,1,1,-1,1,-1,1,1,1,-1,1,1,0.009546407498419285
1,1,1,1,-1,1,-1,1,1,1,1,-1,-1,0.009309832006692886
1,1,1,1,-1,1,-1,1,1,1,1,-1,1,0.009686360446115335
1,1,1,1,-1,1,-1,1,1,1,1,1,-1,0.008701197803020477
1,1,1,1,-1,1,-1,1,1,1,1,1,1,0.0090447380207479
1,1,1,1,-1,1,1,-1,-1,-1,-1,-1,-1,0.010959009639918804
1,1,1,1,-1,1,1,-1,-1,-1,-1,-1,1,0.0113064288161695
1,1,1,1,-1,1,1,-1,-1,-1,-1,1,-1,0.010358291678130627
1,1,1,1,-1,1,1,-1,-1,-1,-1,1,1,0.011126557365059853
1,1,1,1,-1,1,1,-1,-1,-1,1,-1,-1,0.010297378059476614
1,1,1,1,-1,1,1,-1,-1,-1,1,-1,1,0.010787358817954859
1,1,1,1,-1,1,1,-1,-1,-1,1,1,-1,0.009587721899151802
1,1,1,1,-1,1,1,-1,-1,-1,1,1,1,0.010389826260507107
1,1,1,1,-1,1,1,-1,-1,1,-1,1,-1,0.010774762369692326
1,1,1,1,-1,1,1,-1,-1,1,-1,1,1,0.011083649471402168
1,1,1,1,-1,1,1,-1,-1,1,1,-1,-1,0.010498878546059132
1,1,1,1,-1,1,1,-1,-1,1,1,-1,1,0.011093000881373882
1,1,1,1,-1,1,1,-1,-1,1,1,1,-1,0.009879518300294876
1,1,1,1,-1,1,1,-1,1,-1,-1,-1,-1,0.010149468667805195
1,1,1,1,-1,1,1,-1,1,-1,-1,-1,1,0.010830620303750038
1,1,1,1,-1,1,1,-1,1,-1,-1,1,1,0.01002547238022089
1,1,1,1,-1,1,1,-1,1,-1,1,-1,-1,0.009682532772421837
1,1,1,1,-1,1,1,-1,1,-1,1,-1,1,0.01028891559690237
1,1,1,1,-1,1,1,-1,1,-1,1,1,-1,0.008979901360968748
1,1,1,1,-1,1,1,-1,1,-1,1,1,1,0.00940229743719101
1,1,1,1,-1,1,1,-1,1,1,-1,1,-1,0.01005671825259924
1,1,1,1,-1,1,1,-1,1,1,1,-1,1,0.010926439426839352
1,1,1,1,-1,1,1,-1,1,1,1,1,-1,0.0091288136318326
1,1,1,1,-1,1,1,-1,1,1,1,1,1,0.009827203117311
1,1,1,1,-1,1,1,1,-1,-1,-1,-1,-1,0.010419796220958233
1,1,1,1,-1,1,1,1,-1,-1,-1,-1,1,0.011072516441345215
1,1,1,1,-1,1,1,1,-1,-1,-1,1,-1,0.009876816999167204
1,1,1,1,-1,1,1,1,-1,-1,-1,1,1,0.010176685638725758
1,1,1,1,-1,1,1,1,-1,-1,1,-1,-1,0.010010886937379837
1,1,1,1,-1,1,1,1,-1,-1,1,-1,1,0.010536071844398975
1,1,1,1,-1,1,1,1,-1,-1,1,1,-1,0.009358027329047522
1,1,1,1,-1,1,1,1,-1,-1,1,1,1,0.009610770270228386
1,1,1,1,-1,1,1,1,-1,1,-1,-1,-1,0.010797056835144758
1,1,1,1,-1,1,1,1,-1,1,-1,-1,1,0.01141208161910375
1,1,1,1,-1,1,1,1,-1,1,-1,1,-1,0.010146918706595898
1,1,1,1,-1,1,1,1,-1,1,-1,1,1,0.010402986779808998
1,1,1,1,-1,1,1,1,-1,1,1,1,1,0.009775741025805473
1,1,1,1,-1,1,1,1,1,-1,-1,-1,-1,0.009841745719313622
1,1,1,1,-1,1,1,1,1,-1,-1,1,1,0.009547167923301458
1,1,1,1,-1,1,1,1,1,-1,1,-1,-1,0.009370374865829945
1,1,1,1,-1,1,1,1,1,-1,1,-1,1,0.009684654884040356
1,1,1,1,-1,1,1,1,1,-1,1,1,-1,0.008193785324692726
1,1,1,1,-1,1,1,1,1,-1,1,1,1,0.009267720859497786
1,1,1,1,-1,1,1,1,1,1,-1,-1,-1,0.01011328554401795
1,1,1,1,-1,1,1,1,1,1,-1,-1,1,0.01037648320198059
1,1,1,1,-1,1,1,1,1,1,-1,1,1,0.009719387628138065
1,1,1,1,-1,1,1,1,1,1,1,-1,-1,0.00943977665156126
1,1,1,1,-1,1,1,1,1,1,1,1,-1,0.00888884486630559
1,1,1,1,-1,1,1,1,1,1,1,1,1,0.009475892409682274
1,1,1,1,1,-1,-1,-1,-1,-1,-1,-1,-1,0.011450146324932575
1,1,1,1,1,-1,-1,-1,-1,-1,-1,-1,1,0.012446539476513863
1,1,1,1,1,-1,-1,-1,-1,-1,-1,1,-1,0.010746875312179327
1,1,1,1,1,-1,-1,-1,-1,-1,-1,1,1,0.011394741013646126
1,1,1,1,1,-1,-1,-1,-1,-1,1,-1,-1,0.011272708885371685
1,1,1,1,1,-1,-1,-1,-1,-1,1,-1,1,0.011602301150560379
1,1,1,1,1,-1,-1,-1,-1,-1,1,1,-1,0.010153749492019415
1,1,1,1,1,-1,-1,-1,-1,-1,1,1,1,0.010967536829411983
1,1,1,1,1,-1,-1,-1,-1,1,-1,-1,-1,0.011876775417476892
1,1,1,1,1,-1,-1,-1,-1,1,-1,1,-1,0.011244828579947352
1,1,1,1,1,-1,-1,-1,-1,1,1,-1,-1,0.011367925442755222
1,1,1,1,1,-1,-1,-1,-1,1,1,-1,1,0.011865904554724693
1,1,1,1,1,-1,-1,-1,1,-1,-1,-1,-1,0.011076535284519195
1,1,1,1,1,-1,-1,-1,1,-1,-1,-1,1,0.011582369916141033
1,1,1,1,1,-1,-1,-1,1,-1,-1,1,-1,0.01032042596489191
1,1,1,1,1,-1,-1,-1,1,-1,1,1,-1,0.009743682108819485
1,1,1,1,1,-1,-1,-1,1,1,-1,-1,-1,0.011415163520723581
1,1,1,1,1,-1,-1,-1,1,1,-1,-1,1,0.011858430225402117
1,1,1,1,1,-1,-1,-1,1,1,-1,1,1,0.011029774323105812
1,1,1,1,1,-1,-1,-1,1,1,1,-1,1,0.011221565771847963
1,1,1,1,1,-1,-1,-1,1,1,1,1,1,0.010513481684029102
1,1,1,1,1,-1,-1,1,-1,-1,-1,1,-1,0.010147384367883205
1,1,1,1,1,-1,-1,1,-1,-1,-1,1,1,0.011190282180905342
1,1,1,1,1,-1,-1,1,-1,-1,1,-1,1,0.011064285412430763
1,1,1,1,1,-1,-1,1,-1,-1,1,1,-1,0.009772313758730888
1,1,1,1,1,-1,-1,1,-1,-1,1,1,1,0.01042503397911787
1,1,1,1,1,-1,-1,1,-1,1,-1,-1,-1,0.011414756998419762
1,1,1,1,1,-1,-1,1,-1,1,-1,-1,1,0.011813913471996784
1,1,1,1,1,-1,-1,1,-1,1,-1,1,-1,0.010498329997062683
1,1,1,1,1,-1,-1,1,-1,1,1,-1,1,0.011279609985649586
1,1,1,1,1,-1,-1,1,-1,1,1,1,-1,0.010247119702398777
1,1,1,1,1,-1,-1,1,-1,1,1,1,1,0.010688516777008772
1,1,1,1,1,-1,-1,1,1,-1,-1,-1,-1,0.010610057972371578
1,1,1,1,1,-1,-1,1,1,-1,-1,1,-1,0.009374921210110188
1,1,1,1,1,-1,-1,1,1,-1,1,-1,-1,0.009931839071214199
1,1,1,1,1,-1,-1,1,1,-1,1,1,-1,0.00943126529455185
1,1,1,1,1,-1,-1,1,1,-1,1,1,1,0.009713677689433098
1,1,1,1,1,-1,-1,1,1,1,-1,-1,-1,0.010873888619244099
1,1,1,1,1,-1,-1,1,1,1,-1,-1,1,0.011345328763127327
1,1,1,1,1,-1,-1,1,1,1,-1,1,-1,0.010210877284407616
1,1,1,1,1,-1,-1,1,1,1,-1,1,1,0.010436140932142735
1,1,1,1,1,-1,-1,1,1,1,1,-1,1,0.010540096089243889
1,1,1,1,1,-1,-1,1,1,1,1,1,1,0.010086193680763245
1,1,1,1,1,-1,1,-1,-1,-1,-1,-1,-1,0.011787010356783867
1,1,1,1,1,-1,1,-1,-1,-1,-1,-1,1,0.012576275505125523
1,1,1,1,1,-1,1,-1,-1,-1,1,-1,-1,0.011607082560658455
1,1,1,1,1,-1,1,-1,-1,-1,1,-1,1,0.011721243460973104
1,1,1,1,1,-1,1,-1,-1,-1,1,1,-1,0.010549759492278099
1,1,1,1,1,-1,1,-1,-1,1,-1,-1,-1,0.012198137119412422
1,1,1,1,1,-1,1,-1,-1,1,-1,-1,1,0.012669390998780727
1,1,1,1,1,-1,1,-1,-1,1,1,-1,1,0.012241384014487267
1,1,1,1,1,-1,1,-1,-1,1,1,1,1,0.011579304933547974
1,1,1,1,1,-1,1,-1,1,-1,-1,-1,-1,0.01117652840912342
1,1,1,1,1,-1,1,-1,1,-1,-1,-1,1,0.01196378143504262
1,1,1,1,1,-1,1,-1,1,-1,-1,1,-1,0.01035861112177372
1,1,1,1,1,-1,1,-1,1,-1,-1,1,1,0.010998664423823357
1,1,1,1,1,-1,1,-1,1,-1,1,-1,1,0.011304758489131927
1,1,1,1,1,-1,1,-1,1,-1,1,1,-1,0.010009566321969032
1,1,1,1,1,-1,1,-1,1,-1,1,1,1,0.010626316536217928
1,1,1,1,1,-1,1,-1,1,1,-1,-1,1,0.011918308213353157
1,1,1,1,1,-1,1,-1,1,1,-1,1,-1,0.010949691757559776
1,1,1,1,1,-1,1,-1,1,1,1,-1,-1,0.011165714357048273
1,1,1,1,1,-1,1,-1,1,1,1,-1,1,0.011235946789383888
1,1,1,1,1,-1,1,-1,1,1,1,1,-1,0.01049291342496872
1,1,1,1,1,-1,1,-1,1,1,1,1,1,0.01085499208420515
1,1,1,1,1,-1,1,1,-1,-1,-1,-1,-1,0.011770658195018768
1,1,1,1,1,-1,1,1,-1,-1,-1,-1,1,0.011975955218076706
1,1,1,1,1,-1,1,1,-1,-1,-1,1,-1,0.011082358658313751
1,1,1,1,1,-1,1,1,-1,-1,-1,1,1,0.01116891112178564
1,1,1,1,1,-1,1,1,-1,-1,1,-1,-1,0.01061126310378313
1,1,1,1,1,-1,1,1,-1,-1,1,-1,1,0.011520542204380035
1,1,1,1,1,-1,1,1,-1,-1,1,1,-1,0.010379717219620943
1,1,1,1,1,-1,1,1,-1,-1,1,1,1,0.010680710896849632
1,1,1,1,1,-1,1,1,-1,1,-1,-1,1,0.012483922764658928
1,1,1,1,1,-1,1,1,-1,1,-1,1,-1,0.011225712019950151
1,1,1,1,1,-1,1,1,-1,1,-1,1,1,0.011393107939511538
1,1,1,1,1,-1,1,1,-1,1,1,-1,-1,0.011514054611325264
1,1,1,1,1,-1,1,1,-1,1,1,1,-1,0.010433530434966087
1,1,1,1,1,-1,1,1,1,-1,-1,-1,-1,0.010954628232866526
1,1,1,1,1,-1,1,1,1,-1,-1,1,-1,0.009985293261706829
1,1,1,1,1,-1,1,1,1,-1,1,-1,-1,0.010136032743113381
1,1,1,1,1,-1,1,1,1,-1,1,-1,1,0.010806468315422535
1,1,1,1,1,-1,1,1,1,-1,1,1,-1,0.009504648391157389
1,1,1,1,1,-1,1,1,1,1,-1,-1,1,0.01141810417175293
1,1,1,1,1,-1,1,1,1,1,-1,1,-1,0.01033764029853046
1,1,1,1,1,-1,1,1,1,1,-1,1,1,0.010848486330360174
1,1,1,1,1,-1,1,1,1,1,1,1,1,0.010231989435851574
1,1,1,1,1,1,-1,-1,-1,-1,-1,-1,-1,0.011147401295602322
1,1,1,1,1,1,-1,-1,-1,-1,-1,1,-1,0.010363082401454449
1,1,1,1,1,1,-1,-1,-1,-1,-1,1,1,0.010873944964259863
1,1,1,1,1,1,-1,-1,-1,-1,1,-1,-1,0.010497023351490498
1,1,1,1,1,1,-1,-1,-1,-1,1,-1,1,0.010992961004376411
1,1,1,1,1,1,-1,-1,-1,-1,1,1,-1,0.009775561280548573
1,1,1,1,1,1,-1,-1,-1,-1,1,1,1,0.010577541776001453
1,1,1,1,1,1,-1,-1,-1,1,-1,-1,-1,0.011352896690368652
1,1,1,1,1,1,-1,-1,-1,1,-1,-1,1,0.012071139644831419
1,1,1,1,1,1,-1,-1,-1,1,-1,1,1,0.011001325212419033
1,1,1,1,1,1,-1,-1,-1,1,1,-1,-1,0.010608802549540997
1,1,1,1,1,1,-1,-1,-1,1,1,-1,1,0.011480450630187988
1,1,1,1,1,1,-1,-1,-1,1,1,1,1,0.010705121792852879
1,1,1,1,1,1,-1,-1,1,-1,-1,-1,-1,0.010233717039227486
1,1,1,1,1,1,-1,-1,1,-1,-1,1,-1,0.009799150750041008
1,1,1,1,1,1,-1,-1,1,-1,-1,1,1,0.010321371257305145
1,1,1,1,1,1,-1,-1,1,-1,1,-1,-1,0.009764121224482855
1,1,1,1,1,1,-1,-1,1,-1,1,-1,1,0.010182664729654789
1,1,1,1,1,1,-1,-1,1,-1,1,1,-1,0.008999181911349297
1,1,1,1,1,1,-1,-1,1,-1,1,1,1,0.009475497528910637
1,1,1,1,1,1,-1,-1,1,1,-1,-1,-1,0.010864384472370148
1,1,1,1,1,1,-1,-1,1,1,-1,-1,1,0.010917038656771183
1,1,1,1,1,1,-1,-1,1,1,-1,1,-1,0.009866107255220413
1,1,1,1,1,1,-1,-1,1,1,-1,1,1,0.010531699750572443
1,1,1,1,1,1,-1,-1,1,1,1,-1,-1,0.010218230308964849
1,1,1,1,1,1,-1,1,-1,-1,-1,-1,1,0.011169097386300564
1,1,1,1,1,1,-1,1,-1,-1,-1,1,-1,0.009583473205566406
1,1,1,1,1,1,-1,1,-1,-1,-1,1,1,0.010492837987840176
1,1,1,1,1,1,-1,1,-1,-1,1,-1,-1,0.009869369678199291
1,1,1,1,1,1,-1,1,-1,-1,1,-1,1,0.010565899312496185
1,1,1,1,1,1,-1,1,-1,-1,1,1,-1,0.00933112297207117
1,1,1,1,1,1,-1,1,-1,-1,1,1,1,0.010159594006836414
1,1,1,1,1,1,-1,1,-1,1,-1,-1,-1,0.010879962472245097
1,1,1,1,1,1,-1,1,-1,1,-1,-1,1,0.011563724605366588
1,1,1,1,1,1,-1,1,-1,1,-1,1,-1,0.010033657774329185
1,1,1,1,1,1,-1,1,-1,1,1,-1,-1,0.010259419213980436
1,1,1,1,1,1,-1,1,-1,1,1,-1,1,0.010896016843616962
1,1,1,1,1,1,-1,1,1,-1,-1,1,-1,0.009532657451927662
1,1,1,1,1,1,-1,1,1,-1,-1,1,1,0.009488122537732124
1,1,1,1,1,1,-1,1,1,-1,1,-1,-1,0.009521882981061935
1,1,1,1,1,1,-1,1,1,-1,1,-1,1,0.009589786641299725
1,1,1,1,1,1,-1,1,1,-1,1,1,-1,0.008819251554086804
1,1,1,1,1,1,-1,1,1,-1,1,1,1,0.009055241321523985
1,1,1,1,1,1,-1,1,1,1,-1,-1,-1,0.010202608071267605
1,1,1,1,1,1,-1,1,1,1,-1,1,-1,0.009846150409430265
1,1,1,1,1,1,-1,1,1,1,-1,1,1,0.010069404728710651
1,1,1,1,1,1,-1,1,1,1,1,1,-1,0.009056716226041317
1,1,1,1,1,1,1,-1,-1,-1,-1,-1,1,0.01207628520205617
1,1,1,1,1,1,1,-1,-1,-1,-1,1,1,0.011157369241118431
1,1,1,1,1,1,1,-1,-1,-1,1,-1,-1,0.010840327478945255
1,1,1,1,1,1,1,-1,-1,-1,1,-1,1,0.011340543162077665
1,1,1,1,1,1,1,-1,-1,-1,1,1,1,0.010646847076714039
1,1,1,1,1,1,1,-1,-1,1,-1,1,-1,0.010968299582600594
1,1,1,1,1,1,1,-1,-1,1,-1,1,1,0.011882432736456394
1,1,1,1,1,1,1,-1,-1,1,1,-1,-1,0.011168650351464748
1,1,1,1,1,1,1,-1,-1,1,1,-1,1,0.011543601751327515
1,1,1,1,1,1,1,-1,-1,1,1,1,-1,0.01033835718408227
1,1,1,1,1,1,1,-1,-1,1,1,1,1,0.0113122733309865
1,1,1,1,1,1,1,-1,1,-1,-1,-1,-1,0.010901747271418571
1,1,1,1,1,1,1,-1,1,-1,-1,-1,1,0.01107992883771658
1,1,1,1,1,1,1,-1,1,-1,-1,1,-1,0.00999431125819683
1,1,1,1,1,1,1,-1,1,-1,1,1,-1,0.009204225149005651
1,1,1,1,1,1,1,-1,1,-1,1,1,1,0.010313037782907486
1,1,1,1,1,1,1,-1,1,1,-1,-1,1,0.011459970846772194
1,1,1,1,1,1,1,-1,1,1,-1,1,1,0.010931910015642643
1,1,1,1,1,1,1,-1,1,1,1,1,-1,0.009496788494288921
1,1,1,1,1,1,1,1,-1,-1,-1,-1,-1,0.011088427156209946
1,1,1,1,1,1,1,1,-1,-1,-1,-1,1,0.01117266621440649
1,1,1,1,1,1,1,1,-1,-1,-1,1,-1,0.010272674029693007
1,1,1,1,1,1,1,1,-1,-1,-1,1,1,0.010652272030711174
1,1,1,1,1,1,1,1,-1,-1,1,-1,1,0.010982307605445385
1,1,1,1,1,1,1,1,-1,-1,1,1,-1,0.009508243529126048
1,1,1,1,1,1,1,1,-1,-1,1,1,1,0.010208852123469114
1,1,1,1,1,1,1,1,-1,1,-1,-1,-1,0.011001059785485268
1,1,1,1,1,1,1,1,-1,1,-1,1,-1,0.010432828217744827
1,1,1,1,1,1,1,1,-1,1,-1,1,1,0.011012582729260126
1,1,1,1,1,1,1,1,-1,1,1,-1,-1,0.010464062914252281
1,1,1,1,1,1,1,1,-1,1,1,-1,1,0.011406815610826015
1,1,1,1,1,1,1,1,-1,1,1,1,-1,0.009834827855229378
1,1,1,1,1,1,1,1,-1,1,1,1,1,0.010428516659885645
1,1,1,1,1,1,1,1,1,-1,-1,-1,-1,0.010309292934834957
1,1,1,1,1,1,1,1,1,-1,-1,-1,1,0.010744216851890087
1,1,1,1,1,1,1,1,1,-1,-1,1,-1,0.009812062606215477
1,1,1,1,1,1,1,1,1,-1,-1,1,1,0.010157455690205097
1,1,1,1,1,1,1,1,1,-1,1,-1,-1,0.009984069503843784
1,1,1,1,1,1,1,1,1,-1,1,-1,1,0.010222405195236206
1,1,1,1,1,1,1,1,1,-1,1,1,-1,0.009017671458423138
1,1,1,1,1,1,1,1,1,-1,1,1,1,0.009571157395839691
1,1,1,1,1,1,1,1,1,1,-1,-1,-1,0.010624337010085583
1,1,1,1,1,1,1,1,1,1,-1,-1,1,0.011143509298563004
1,1,1,1,1,1,1,1,1,1,-1,1,-1,0.009739432018250227
1,1,1,1,1,1,1,1,1,1,-1,1,1,0.010330237448215485
1,1,1,1,1,1,1,1,1,1,1,-1,-1,0.01019403338432312
1,1,1,1,1,1,1,1,1,1,1,-1,1,0.01045483909547329
1,1,1,1,1,1,1,1,1,1,1,1,-1,0.009243878070265055
1,1,1,1,1,1,1,1,1,1,1,1,1,0.009755459614098072
