0,1,2,3,4,5,6,7,8,9,10,11,12,13,14,15,16,17,18,19,activation
-1,-1,-1,-1,-1,-1,-1,-1,-1,-1,-1,-1,1,-1,-1,1,-1,1,-1,-1,0.008971384726464748
-1,-1,-1,-1,-1,-1,-1,-1,-1,-1,-1,1,-1,1,-1,-1,-1,1,1,-1,0.008971820585429668
-1,-1,-1,-1,-1,-1,-1,-1,-1,-1,1,-1,-1,-1,1,1,-1,-1,1,1,0.008971366100013256
-1,-1,-1,-1,-1,-1,-1,-1,-1,-1,1,-1,1,-1,-1,1,1,-1,1,1,0.008971275761723518
-1,-1,-1,-1,-1,-1,-1,-1,-1,-1,1,1,-1,-1,-1,-1,1,-1,1,-1,0.008971383795142174
-1,-1,-1,-1,-1,-1,-1,-1,-1,-1,1,1,-1,-1,1,-1,-1,-1,1,-1,0.008971135132014751
-1,-1,-1,-1,-1,-1,-1,-1,-1,-1,1,1,-1,-1,1,-1,1,-1,1,-1,0.008970879018306732
-1,-1,-1,-1,-1,-1,-1,-1,-1,-1,1,1,-1,-1,1,1,1,1,-1,1,0.008971492759883404
-1,-1,-1,-1,-1,-1,-1,-1,-1,1,-1,1,-1,-1,1,-1,-1,1,1,1,0.008971692994236946
-1,-1,-1,-1,-1,-1,-1,-1,-1,1,-1,1,-1,1,-1,-1,1,-1,1,-1,0.008971565403044224
-1,-1,-1,-1,-1,-1,-1,-1,-1,1,-1,1,-1,1,1,-1,1,-1,1,1,0.008971475064754486
-1,-1,-1,-1,-1,-1,-1,-1,-1,1,-1,1,1,-1,-1,-1,1,1,1,1,0.008971602655947208
-1,-1,-1,-1,-1,-1,-1,-1,-1,1,1,-1,-1,1,-1,1,-1,-1,-1,-1,0.008971878327429295
-1,-1,-1,-1,-1,-1,-1,-1,-1,1,1,1,-1,-1,1,-1,-1,-1,-1,-1,0.008971432223916054
-1,-1,-1,-1,-1,-1,-1,-1,-1,1,1,1,1,-1,1,1,-1,-1,1,1,0.008971200324594975
-1,-1,-1,-1,-1,-1,-1,-1,-1,1,1,1,1,1,-1,-1,-1,1,1,1,0.008972011506557465
-1,-1,-1,-1,-1,-1,-1,-1,-1,1,1,1,1,1,-1,1,1,1,-1,-1,0.008971456438302994
-1,-1,-1,-1,-1,-1,-1,-1,1,-1,-1,-1,-1,-1,1,1,-1,-1,-1,-1,0.008971232920885086
-1,-1,-1,-1,-1,-1,-1,-1,1,-1,-1,-1,-1,1,-1,-1,-1,-1,-1,1,0.008972370997071266
-1,-1,-1,-1,-1,-1,-1,-1,1,-1,-1,-1,1,-1,1,-1,-1,1,1,1,0.008971279487013817
-1,-1,-1,-1,-1,-1,-1,-1,1,-1,-1,1,1,1,-1,1,1,-1,-1,-1,0.008971353061497211
-1,-1,-1,-1,-1,-1,-1,-1,1,-1,1,-1,-1,-1,1,1,1,-1,1,1,0.00897120963782072
-1,-1,-1,-1,-1,-1,-1,-1,1,-1,1,1,1,1,-1,-1,1,-1,-1,-1,0.008971478790044785
-1,-1,-1,-1,-1,-1,-1,-1,1,1,-1,-1,-1,-1,1,1,-1,-1,-1,-1,0.0089713204652071
-1,-1,-1,-1,-1,-1,-1,-1,1,1,-1,-1,1,-1,-1,-1,-1,-1,-1,1,0.008971995674073696
-1,-1,-1,-1,-1,-1,-1,-1,1,1,-1,-1,1,1,1,-1,1,-1,-1,1,0.008971359580755234
-1,-1,-1,-1,-1,-1,-1,-1,1,1,-1,1,-1,-1,1,1,1,1,-1,-1,0.00897123757749796
-1,-1,-1,-1,-1,-1,-1,-1,1,1,-1,1,-1,1,-1,1,1,1,1,-1,0.008971655741333961
-1,-1,-1,-1,-1,-1,-1,-1,1,1,-1,1,-1,1,1,-1,1,1,1,1,0.00897166132926941
-1,-1,-1,-1,-1,-1,-1,-1,1,1,1,1,-1,-1,1,-1,1,-1,-1,1,0.008971690200269222
-1,-1,-1,-1,-1,-1,-1,1,-1,-1,-1,-1,1,-1,1,-1,1,1,1,1,0.008971275761723518
-1,-1,-1,-1,-1,-1,-1,1,-1,-1,-1,-1,1,1,1,-1,1,-1,-1,-1,0.008971110917627811
-1,-1,-1,-1,-1,-1,-1,1,-1,-1,-1,1,1,-1,-1,-1,1,-1,-1,-1,0.008971577510237694
-1,-1,-1,-1,-1,-1,-1,1,-1,-1,1,-1,-1,-1,-1,-1,-1,1,-1,-1,0.008972201496362686
-1,-1,-1,-1,-1,-1,-1,1,-1,-1,1,-1,-1,-1,-1,-1,1,1,1,1,0.008972149342298508
-1,-1,-1,-1,-1,-1,-1,1,-1,-1,1,-1,-1,-1,-1,1,1,-1,-1,-1,0.008971763774752617
-1,-1,-1,-1,-1,-1,-1,1,-1,-1,1,1,1,-1,1,-1,1,-1,-1,-1,0.00897110253572464
-1,-1,-1,-1,-1,-1,-1,1,-1,-1,1,1,1,1,1,1,1,-1,1,-1,0.008970919996500015
-1,-1,-1,-1,-1,-1,-1,1,-1,1,-1,1,-1,-1,-1,1,-1,1,-1,1,0.008972663432359695
-1,-1,-1,-1,-1,-1,-1,1,-1,1,-1,1,-1,-1,1,1,1,1,-1,1,0.00897190347313881
-1,-1,-1,-1,-1,-1,-1,1,-1,1,-1,1,1,-1,-1,-1,1,-1,1,1,0.008971868082880974
-1,-1,-1,-1,-1,-1,-1,1,-1,1,1,-1,-1,-1,-1,-1,1,1,-1,-1,0.00897203292697668
-1,-1,-1,-1,-1,-1,-1,1,-1,1,1,-1,-1,-1,-1,1,-1,1,-1,-1,0.00897219218313694
-1,-1,-1,-1,-1,-1,-1,1,-1,1,1,-1,-1,1,-1,-1,-1,1,1,1,0.00897261593490839
-1,-1,-1,-1,-1,-1,-1,1,-1,1,1,-1,-1,1,-1,1,-1,1,-1,-1,0.008972316980361938
-1,-1,-1,-1,-1,-1,-1,1,-1,1,1,-1,-1,1,1,1,1,-1,1,1,0.00897167343646288
-1,-1,-1,-1,-1,-1,-1,1,-1,1,1,-1,1,-1,-1,1,1,-1,-1,-1,0.008971511386334896
-1,-1,-1,-1,-1,-1,-1,1,-1,1,1,-1,1,1,1,1,1,1,1,-1,0.008971006609499454
-1,-1,-1,-1,-1,-1,-1,1,-1,1,1,1,1,-1,-1,1,1,-1,-1,-1,0.008971597999334335
-1,-1,-1,-1,-1,-1,-1,1,1,-1,-1,-1,1,-1,-1,-1,-1,-1,1,-1,0.008971636183559895
-1,-1,-1,-1,-1,-1,-1,1,1,-1,-1,-1,1,1,1,-1,-1,1,1,-1,0.008971341885626316
-1,-1,-1,-1,-1,-1,-1,1,1,-1,-1,-1,1,1,1,1,-1,1,1,-1,0.00897124595940113
-1,-1,-1,-1,-1,-1,-1,1,1,-1,-1,1,-1,-1,-1,-1,1,1,-1,1,0.008972516283392906
-1,-1,-1,-1,-1,-1,-1,1,1,-1,-1,1,-1,-1,1,-1,1,1,1,1,0.008971801958978176
-1,-1,-1,-1,-1,-1,-1,1,1,-1,-1,1,1,-1,-1,1,1,1,-1,1,0.00897208135575056
-1,-1,-1,-1,-1,-1,-1,1,1,-1,1,-1,1,-1,-1,-1,-1,1,-1,-1,0.00897196214646101
-1,-1,-1,-1,-1,-1,-1,1,1,-1,1,-1,1,-1,-1,-1,1,-1,1,1,0.008971823379397392
-1,-1,-1,-1,-1,-1,-1,1,1,-1,1,-1,1,-1,1,-1,1,-1,1,-1,0.008970906026661396
-1,-1,-1,-1,-1,-1,-1,1,1,-1,1,-1,1,1,1,-1,-1,-1,1,1,0.008971698582172394
-1,-1,-1,-1,-1,-1,-1,1,1,-1,1,-1,1,1,1,1,-1,-1,-1,-1,0.008971399627625942
-1,-1,-1,-1,-1,-1,-1,1,1,-1,1,1,-1,-1,-1,-1,-1,1,-1,1,0.008972801268100739
-1,-1,-1,-1,-1,-1,-1,1,1,-1,1,1,-1,1,-1,-1,-1,-1,-1,1,0.008972839452326298
-1,-1,-1,-1,-1,-1,-1,1,1,-1,1,1,-1,1,-1,1,1,1,-1,1,0.008972574025392532
-1,-1,-1,-1,-1,-1,-1,1,1,1,-1,-1,-1,1,1,1,1,1,-1,-1,0.008971626870334148
-1,-1,-1,-1,-1,-1,-1,1,1,1,-1,1,-1,-1,1,1,1,1,-1,-1,0.008971589617431164
-1,-1,-1,-1,-1,-1,-1,1,1,1,-1,1,-1,1,-1,-1,1,-1,1,-1,0.008972018025815487
-1,-1,-1,-1,-1,-1,-1,1,1,1,-1,1,-1,1,1,1,-1,-1,1,-1,0.008971672505140305
-1,-1,-1,-1,-1,-1,-1,1,1,1,-1,1,1,-1,1,1,-1,1,1,-1,0.008971295319497585
-1,-1,-1,-1,-1,-1,-1,1,1,1,1,-1,-1,1,-1,1,-1,1,-1,1,0.008972830139100552
-1,-1,-1,-1,-1,-1,-1,1,1,1,1,-1,1,-1,1,-1,1,-1,1,1,0.00897140707820654
-1,-1,-1,-1,-1,-1,-1,1,1,1,1,-1,1,1,-1,1,1,1,-1,-1,0.008971821516752243
-1,-1,-1,-1,-1,-1,1,-1,-1,-1,-1,-1,1,-1,-1,-1,-1,1,-1,1,0.008971909061074257
-1,-1,-1,-1,-1,-1,1,-1,-1,-1,-1,-1,1,-1,-1,1,-1,-1,-1,-1,0.008971313014626503
-1,-1,-1,-1,-1,-1,1,-1,-1,-1,-1,-1,1,-1,1,1,1,-1,1,1,0.008970756083726883
-1,-1,-1,-1,-1,-1,1,-1,-1,-1,-1,1,-1,1,-1,-1,1,1,1,-1,0.008971579372882843
-1,-1,-1,-1,-1,-1,1,-1,-1,-1,-1,1,1,1,1,-1,1,-1,1,-1,0.008970648981630802
-1,-1,-1,-1,-1,-1,1,-1,-1,-1,1,-1,-1,1,1,-1,1,1,1,-1,0.00897101778537035
-1,-1,-1,-1,-1,-1,1,-1,-1,1,-1,1,-1,-1,-1,-1,1,1,-1,-1,0.008971752598881721
-1,-1,-1,-1,-1,-1,1,-1,-1,1,-1,1,1,1,1,1,1,-1,1,-1,0.00897064059972763
-1,-1,-1,-1,-1,-1,1,-1,-1,1,1,1,1,1,1,-1,1,-1,1,-1,0.008970766328275204
-1,-1,-1,-1,-1,-1,1,-1,1,-1,-1,-1,-1,1,1,1,1,-1,1,1,0.008971319533884525
-1,-1,-1,-1,-1,-1,1,-1,1,-1,-1,-1,1,1,1,-1,-1,-1,1,-1,0.008970918133854866
-1,-1,-1,-1,-1,-1,1,-1,1,-1,1,-1,-1,-1,-1,-1,-1,-1,-1,-1,0.008971878327429295
-1,-1,-1,-1,-1,-1,1,-1,1,-1,1,-1,-1,-1,-1,1,-1,-1,-1,-1,0.008971781469881535
-1,-1,-1,-1,-1,-1,1,-1,1,-1,1,-1,-1,1,1,-1,-1,-1,-1,-1,0.008971497416496277
-1,-1,-1,-1,-1,-1,1,-1,1,-1,1,-1,1,-1,-1,-1,-1,-1,-1,1,0.008971952833235264
-1,-1,-1,-1,-1,-1,1,-1,1,-1,1,-1,1,1,-1,1,1,1,1,-1,0.00897118728607893
-1,-1,-1,-1,-1,-1,1,-1,1,-1,1,-1,1,1,1,-1,1,1,1,-1,0.008970778435468674
-1,-1,-1,-1,-1,-1,1,-1,1,1,-1,-1,-1,-1,-1,-1,1,-1,1,-1,0.008971470408141613
-1,-1,-1,-1,-1,-1,1,-1,1,1,-1,-1,-1,1,1,1,1,-1,-1,-1,0.008971203118562698
-1,-1,-1,-1,-1,-1,1,-1,1,1,-1,-1,1,-1,1,-1,1,-1,1,-1,0.008970626629889011
-1,-1,-1,-1,-1,-1,1,-1,1,1,-1,1,1,1,1,-1,-1,-1,-1,1,0.008971716277301311
-1,-1,-1,-1,-1,-1,1,-1,1,1,-1,1,1,1,1,1,-1,1,1,1,0.008971495553851128
-1,-1,-1,-1,-1,-1,1,-1,1,1,1,-1,1,-1,-1,1,-1,1,1,1,0.008971819654107094
-1,-1,-1,-1,-1,-1,1,-1,1,1,1,-1,1,-1,1,1,-1,-1,1,-1,0.008970814757049084
-1,-1,-1,-1,-1,-1,1,-1,1,1,1,-1,1,1,1,-1,1,-1,1,-1,0.008970779366791248
-1,-1,-1,-1,-1,-1,1,-1,1,1,1,-1,1,1,1,1,1,-1,1,-1,0.008970683440566063
-1,-1,-1,-1,-1,-1,1,1,-1,-1,-1,-1,-1,-1,1,-1,-1,1,1,-1,0.008971472270786762
-1,-1,-1,-1,-1,-1,1,1,-1,-1,-1,-1,-1,1,-1,-1,1,-1,-1,1,0.008972383104264736
-1,-1,-1,-1,-1,-1,1,1,-1,-1,-1,1,-1,1,1,-1,1,1,1,-1,0.008971426635980606
-1,-1,-1,-1,-1,-1,1,1,-1,-1,-1,1,1,-1,-1,1,-1,-1,1,-1,0.008971541188657284
-1,-1,-1,-1,-1,-1,1,1,-1,-1,1,-1,-1,-1,1,1,-1,1,-1,-1,0.008971615694463253
-1,-1,-1,-1,-1,-1,1,1,-1,-1,1,-1,1,1,-1,-1,-1,-1,-1,1,0.008972328156232834
-1,-1,-1,-1,-1,-1,1,1,-1,-1,1,-1,1,1,1,-1,1,1,1,-1,0.008971030823886395
-1,-1,-1,-1,-1,-1,1,1,-1,-1,1,1,-1,1,-1,-1,-1,-1,-1,1,0.008972753770649433
-1,-1,-1,-1,-1,-1,1,1,-1,-1,1,1,-1,1,-1,1,1,-1,1,1,0.00897219218313694
-1,-1,-1,-1,-1,-1,1,1,-1,-1,1,1,-1,1,1,-1,1,1,-1,-1,0.008971665985882282
-1,-1,-1,-1,-1,-1,1,1,-1,1,-1,-1,1,-1,-1,1,1,-1,-1,1,0.008971910923719406
-1,-1,-1,-1,-1,-1,1,1,-1,1,-1,-1,1,1,-1,-1,-1,-1,-1,1,0.008972386829555035
-1,-1,-1,-1,-1,-1,1,1,-1,1,-1,1,-1,-1,-1,1,-1,-1,1,1,0.008972382172942162
-1,-1,-1,-1,-1,-1,1,1,-1,1,1,-1,1,-1,1,1,-1,1,1,-1,0.008971153758466244
-1,-1,-1,-1,-1,-1,1,1,-1,1,1,-1,1,1,-1,-1,1,1,1,-1,0.008971622213721275
-1,-1,-1,-1,-1,-1,1,1,-1,1,1,1,1,-1,1,-1,1,1,1,-1,0.008971080183982849
-1,-1,-1,-1,-1,-1,1,1,1,-1,-1,-1,-1,1,1,-1,1,1,-1,-1,0.008971651084721088
-1,-1,-1,-1,-1,-1,1,1,1,-1,-1,-1,1,1,-1,1,-1,-1,1,-1,0.008971679024398327
-1,-1,-1,-1,-1,-1,1,1,1,-1,-1,1,-1,-1,-1,-1,1,1,-1,1,0.0089725311845541
-1,-1,-1,-1,-1,-1,1,1,1,-1,-1,1,1,-1,-1,1,1,-1,1,-1,0.008971385657787323
-1,-1,-1,-1,-1,-1,1,1,1,-1,1,-1,-1,-1,-1,-1,1,1,-1,1,0.008972474373877048
-1,-1,-1,-1,-1,-1,1,1,1,-1,1,-1,-1,-1,-1,1,1,1,1,1,0.00897216796875
-1,-1,-1,-1,-1,-1,1,1,1,-1,1,-1,1,-1,1,-1,1,1,1,1,0.008971420116722584
-1,-1,-1,-1,-1,-1,1,1,1,-1,1,1,1,1,-1,1,-1,1,-1,-1,0.008972091600298882
-1,-1,-1,-1,-1,-1,1,1,1,1,-1,-1,1,-1,-1,-1,-1,1,1,1,0.00897223874926567
-1,-1,-1,-1,-1,-1,1,1,1,1,-1,-1,1,-1,1,1,-1,-1,-1,-1,0.008971348404884338
-1,-1,-1,-1,-1,-1,1,1,1,1,-1,-1,1,1,-1,-1,-1,-1,-1,1,0.008972486481070518
-1,-1,-1,-1,-1,-1,1,1,1,1,-1,1,1,-1,-1,1,1,-1,-1,-1,0.0089716836810112
-1,-1,-1,-1,-1,-1,1,1,1,1,1,-1,-1,-1,-1,-1,-1,1,-1,-1,0.008972403593361378
-1,-1,-1,-1,-1,-1,1,1,1,1,1,-1,1,-1,1,-1,1,1,-1,1,0.00897171813994646
-1,-1,-1,-1,-1,-1,1,1,1,1,1,-1,1,1,-1,1,-1,-1,-1,-1,0.008972005918622017
-1,-1,-1,-1,-1,-1,1,1,1,1,1,-1,1,1,-1,1,-1,-1,1,-1,0.008971795439720154
-1,-1,-1,-1,-1,-1,1,1,1,1,1,1,1,-1,-1,-1,1,-1,-1,-1,0.008971809409558773
-1,-1,-1,-1,-1,-1,1,1,1,1,1,1,1,1,-1,-1,-1,-1,1,1,0.008972392417490482
-1,-1,-1,-1,-1,-1,1,1,1,1,1,1,1,1,1,-1,1,1,-1,1,0.008971928618848324
-1,-1,-1,-1,-1,-1,1,1,1,1,1,1,1,1,1,1,-1,1,1,-1,0.00897146388888359
-1,-1,-1,-1,-1,1,-1,-1,-1,-1,-1,-1,-1,1,1,-1,1,1,-1,1,0.008971508592367172
-1,-1,-1,-1,-1,1,-1,-1,-1,-1,-1,1,1,1,1,1,1,-1,-1,-1,0.008970660157501698
-1,-1,-1,-1,-1,1,-1,-1,-1,-1,1,1,-1,-1,1,1,-1,1,1,-1,0.008971036411821842
-1,-1,-1,-1,-1,1,-1,-1,-1,-1,1,1,1,-1,-1,1,1,1,-1,-1,0.008971155621111393
-1,-1,-1,-1,-1,1,-1,-1,-1,-1,1,1,1,1,1,1,1,1,-1,-1,0.00897077564150095
-1,-1,-1,-1,-1,1,-1,-1,-1,1,-1,-1,1,-1,-1,-1,1,-1,-1,1,0.008971551433205605
-1,-1,-1,-1,-1,1,-1,-1,-1,1,-1,1,-1,1,-1,-1,-1,-1,-1,-1,0.008971942588686943
-1,-1,-1,-1,-1,1,-1,-1,-1,1,-1,1,-1,1,-1,-1,1,-1,1,1,0.008971890434622765
-1,-1,-1,-1,-1,1,-1,-1,-1,1,-1,1,1,-1,-1,-1,-1,1,1,1,0.008971769362688065
-1,-1,-1,-1,-1,1,-1,-1,-1,1,-1,1,1,1,1,-1,-1,1,-1,1,0.00897159893065691
-1,-1,-1,-1,-1,1,-1,-1,-1,1,-1,1,1,1,1,1,1,-1,1,-1,0.008970537222921848
-1,-1,-1,-1,-1,1,-1,-1,-1,1,1,1,1,-1,1,-1,-1,-1,-1,-1,0.008971004746854305
-1,-1,-1,-1,-1,1,-1,-1,-1,1,1,1,1,1,-1,-1,-1,1,-1,-1,0.008971719071269035
-1,-1,-1,-1,-1,1,-1,-1,-1,1,1,1,1,1,1,1,1,1,-1,-1,0.008970863185822964
-1,-1,-1,-1,-1,1,-1,-1,1,-1,-1,-1,-1,1,-1,-1,1,-1,1,-1,0.00897140335291624
-1,-1,-1,-1,-1,1,-1,-1,1,-1,-1,-1,-1,1,1,-1,1,-1,1,-1,0.008970898576080799
-1,-1,-1,-1,-1,1,-1,-1,1,-1,-1,1,1,-1,1,1,1,-1,-1,1,0.008971049450337887
-1,-1,-1,-1,-1,1,-1,-1,1,-1,1,-1,-1,1,-1,-1,1,1,-1,-1,0.008971728384494781
-1,-1,-1,-1,-1,1,-1,-1,1,-1,1,-1,1,1,1,1,-1,-1,-1,1,0.008971371687948704
-1,-1,-1,-1,-1,1,-1,-1,1,-1,1,1,-1,1,1,-1,1,-1,-1,1,0.008971638046205044
-1,-1,-1,-1,-1,1,-1,-1,1,1,-1,-1,-1,-1,1,-1,1,1,-1,1,0.008971571922302246
-1,-1,-1,-1,-1,1,-1,-1,1,1,-1,1,-1,-1,-1,1,1,-1,-1,1,0.008971980772912502
-1,-1,-1,-1,-1,1,-1,-1,1,1,1,-1,1,-1,1,-1,-1,-1,1,-1,0.008970807306468487
-1,-1,-1,-1,-1,1,-1,-1,1,1,1,1,1,-1,-1,-1,1,-1,1,-1,0.008971143513917923
-1,-1,-1,-1,-1,1,-1,1,-1,-1,-1,-1,1,1,-1,-1,1,-1,1,1,0.008971729315817356
-1,-1,-1,-1,-1,1,-1,1,-1,-1,-1,1,-1,1,-1,-1,-1,1,-1,-1,0.008972293697297573
-1,-1,-1,-1,-1,1,-1,1,-1,-1,-1,1,1,1,-1,-1,1,-1,-1,1,0.008972026407718658
-1,-1,-1,-1,-1,1,-1,1,-1,-1,1,-1,1,-1,-1,1,-1,1,-1,-1,0.008971677161753178
-1,-1,-1,-1,-1,1,-1,1,-1,-1,1,1,-1,-1,1,-1,1,-1,-1,1,0.00897176656872034
-1,-1,-1,-1,-1,1,-1,1,-1,-1,1,1,1,-1,-1,1,1,1,-1,-1,0.008971507661044598
-1,-1,-1,-1,-1,1,-1,1,-1,-1,1,1,1,-1,1,-1,-1,-1,1,1,0.008971472270786762
-1,-1,-1,-1,-1,1,-1,1,-1,1,-1,1,-1,-1,1,1,1,1,1,-1,0.008971190080046654
-1,-1,-1,-1,-1,1,-1,1,-1,1,1,-1,-1,-1,-1,1,-1,1,1,-1,0.008971893228590488
-1,-1,-1,-1,-1,1,-1,1,-1,1,1,-1,-1,-1,1,1,1,-1,1,1,0.008971461094915867
-1,-1,-1,-1,-1,1,-1,1,1,-1,-1,-1,-1,1,-1,-1,1,-1,-1,1,0.008972379378974438
-1,-1,-1,-1,-1,1,-1,1,1,-1,-1,-1,-1,1,1,1,1,-1,1,-1,0.008971154689788818
-1,-1,-1,-1,-1,1,-1,1,1,-1,-1,1,-1,-1,1,1,1,-1,-1,1,0.008971740491688251
-1,-1,-1,-1,-1,1,-1,1,1,-1,-1,1,-1,1,1,1,-1,1,-1,1,0.00897220615297556
-1,-1,-1,-1,-1,1,-1,1,1,-1,-1,1,1,1,-1,-1,-1,-1,1,-1,0.00897175818681717
-1,-1,-1,-1,-1,1,-1,1,1,-1,-1,1,1,1,-1,-1,1,1,-1,-1,0.008971799165010452
-1,-1,-1,-1,-1,1,-1,1,1,-1,1,-1,1,1,1,1,-1,-1,1,-1,0.00897110067307949
-1,-1,-1,-1,-1,1,-1,1,1,1,-1,-1,-1,-1,-1,1,-1,-1,-1,-1,0.008972087875008583
-1,-1,-1,-1,-1,1,-1,1,1,1,-1,-1,-1,-1,-1,1,1,1,1,-1,0.008971708826720715
-1,-1,-1,-1,-1,1,-1,1,1,1,-1,-1,1,1,1,1,-1,1,-1,1,0.008971868082880974
-1,-1,-1,-1,-1,1,-1,1,1,1,-1,-1,1,1,1,1,1,-1,-1,-1,0.00897111278027296
-1,-1,-1,-1,-1,1,-1,1,1,1,-1,1,-1,1,-1,1,1,-1,-1,1,0.00897245667874813
-1,-1,-1,-1,-1,1,-1,1,1,1,-1,1,1,1,-1,-1,1,-1,-1,-1,0.008971800096333027
-1,-1,-1,-1,-1,1,-1,1,1,1,-1,1,1,1,1,-1,1,1,1,1,0.00897158496081829
-1,-1,-1,-1,-1,1,-1,1,1,1,1,-1,-1,-1,-1,1,-1,-1,1,1,0.008972320705652237
-1,-1,-1,-1,-1,1,-1,1,1,1,1,1,1,-1,-1,1,1,1,1,1,0.008971898816525936
-1,-1,-1,-1,-1,1,-1,1,1,1,1,1,1,-1,1,1,-1,-1,-1,-1,0.008971360512077808
-1,-1,-1,-1,-1,1,1,-1,-1,-1,-1,-1,-1,1,1,-1,-1,-1,-1,-1,0.008971279487013817
-1,-1,-1,-1,-1,1,1,-1,-1,-1,-1,-1,1,-1,-1,-1,1,-1,-1,1,0.008971478790044785
-1,-1,-1,-1,-1,1,1,-1,-1,-1,-1,1,-1,-1,-1,1,1,-1,-1,-1,0.008971394039690495
-1,-1,-1,-1,-1,1,1,-1,-1,-1,-1,1,1,1,1,-1,-1,-1,1,-1,0.008970816619694233
-1,-1,-1,-1,-1,1,1,-1,-1,-1,-1,1,1,1,1,1,1,-1,1,1,0.008970878086984158
-1,-1,-1,-1,-1,1,1,-1,-1,-1,1,-1,-1,1,1,-1,-1,-1,1,-1,0.008971097879111767
-1,-1,-1,-1,-1,1,1,-1,-1,-1,1,1,-1,-1,-1,-1,-1,1,1,-1,0.008971652016043663
-1,-1,-1,-1,-1,1,1,-1,-1,-1,1,1,-1,-1,1,-1,-1,-1,-1,-1,0.008971271105110645
-1,-1,-1,-1,-1,1,1,-1,-1,-1,1,1,-1,-1,1,-1,1,-1,-1,1,0.00897142942994833
-1,-1,-1,-1,-1,1,1,-1,-1,-1,1,1,-1,1,1,-1,-1,1,1,-1,0.008971271105110645
-1,-1,-1,-1,-1,1,1,-1,-1,-1,1,1,1,-1,1,-1,-1,-1,-1,-1,0.008970932103693485
-1,-1,-1,-1,-1,1,1,-1,-1,-1,1,1,1,1,1,1,1,-1,-1,-1,0.008970703929662704
-1,-1,-1,-1,-1,1,1,-1,-1,1,-1,-1,-1,1,-1,1,-1,-1,1,-1,0.00897156447172165
-1,-1,-1,-1,-1,1,1,-1,-1,1,-1,-1,-1,1,1,1,1,-1,1,-1,0.008970804512500763
-1,-1,-1,-1,-1,1,1,-1,-1,1,-1,-1,1,1,-1,-1,1,-1,1,-1,0.00897106621414423
-1,-1,-1,-1,-1,1,1,-1,-1,1,-1,-1,1,1,1,-1,-1,1,1,1,0.008971316739916801
-1,-1,-1,-1,-1,1,1,-1,-1,1,-1,1,-1,-1,1,-1,1,-1,-1,-1,0.008971073664724827
-1,-1,-1,-1,-1,1,1,-1,-1,1,-1,1,1,-1,-1,-1,1,-1,1,1,0.008971442468464375
-1,-1,-1,-1,-1,1,1,-1,-1,1,1,-1,-1,-1,-1,1,-1,1,-1,-1,0.00897176656872034
-1,-1,-1,-1,-1,1,1,-1,-1,1,1,-1,-1,-1,1,-1,-1,-1,1,-1,0.008971061557531357
-1,-1,-1,-1,-1,1,1,-1,-1,1,1,-1,-1,-1,1,1,1,1,1,-1,0.008970796130597591
-1,-1,-1,-1,-1,1,1,-1,-1,1,1,-1,-1,1,1,-1,1,1,1,-1,0.0089710159227252
-1,-1,-1,-1,-1,1,1,-1,-1,1,1,1,-1,1,1,-1,1,1,1,1,0.00897151604294777
-1,-1,-1,-1,-1,1,1,-1,-1,1,1,1,1,1,-1,1,1,1,1,-1,0.008971171453595161
-1,-1,-1,-1,-1,1,1,-1,1,-1,-1,-1,-1,1,1,-1,1,-1,-1,-1,0.008971123956143856
-1,-1,-1,-1,-1,1,1,-1,1,-1,-1,1,1,-1,-1,-1,1,1,-1,1,0.008971751667559147
-1,-1,-1,-1,-1,1,1,-1,1,-1,-1,1,1,1,-1,-1,-1,-1,-1,1,0.00897204503417015
-1,-1,-1,-1,-1,1,1,-1,1,-1,-1,1,1,1,-1,-1,1,1,1,1,0.008971665054559708
-1,-1,-1,-1,-1,1,1,-1,1,-1,1,-1,1,-1,1,1,-1,-1,1,1,0.00897105224430561
-1,-1,-1,-1,-1,1,1,-1,1,-1,1,-1,1,1,-1,-1,-1,-1,-1,-1,0.008971573784947395
-1,-1,-1,-1,-1,1,1,-1,1,-1,1,-1,1,1,1,1,1,-1,-1,1,0.008971131406724453
-1,-1,-1,-1,-1,1,1,-1,1,-1,1,1,-1,1,-1,-1,-1,1,1,1,0.0089722890406847
-1,-1,-1,-1,-1,1,1,-1,1,-1,1,1,1,1,1,-1,-1,1,-1,-1,0.008971242234110832
-1,-1,-1,-1,-1,1,1,-1,1,1,-1,-1,-1,1,1,1,1,-1,-1,1,0.00897152815014124
-1,-1,-1,-1,-1,1,1,-1,1,1,-1,-1,1,-1,-1,-1,-1,-1,1,-1,0.00897129811346531
-1,-1,-1,-1,-1,1,1,-1,1,1,-1,-1,1,-1,1,-1,1,-1,-1,1,0.00897116120904684
-1,-1,-1,-1,-1,1,1,-1,1,1,-1,-1,1,1,-1,1,1,-1,-1,-1,0.008971280418336391
-1,-1,-1,-1,-1,1,1,-1,1,1,-1,1,-1,-1,1,-1,1,1,1,1,0.008971462957561016
-1,-1,-1,-1,-1,1,1,-1,1,1,-1,1,-1,1,1,1,-1,-1,-1,-1,0.008971456438302994
-1,-1,-1,-1,-1,1,1,-1,1,1,-1,1,1,1,1,1,-1,1,1,-1,0.00897099357098341
-1,-1,-1,-1,-1,1,1,-1,1,1,1,-1,-1,-1,-1,-1,-1,1,-1,-1,0.008971963077783585
-1,-1,-1,-1,-1,1,1,-1,1,1,1,-1,-1,-1,-1,1,-1,1,-1,1,0.008972279727458954
-1,-1,-1,-1,-1,1,1,-1,1,1,1,1,-1,1,-1,-1,-1,1,1,1,0.008972376585006714
-1,-1,-1,-1,-1,1,1,1,-1,-1,-1,-1,1,1,1,1,-1,-1,1,-1,0.008970986120402813
-1,-1,-1,-1,-1,1,1,1,-1,-1,-1,1,-1,-1,1,1,1,1,-1,1,0.008971741423010826
-1,-1,-1,-1,-1,1,1,1,-1,-1,-1,1,1,-1,-1,1,1,-1,1,-1,0.00897119753062725
-1,-1,-1,-1,-1,1,1,1,-1,-1,-1,1,1,-1,1,1,1,1,-1,1,0.008971402421593666
-1,-1,-1,-1,-1,1,1,1,-1,-1,1,1,1,-1,-1,1,-1,-1,-1,1,0.008972106501460075
-1,-1,-1,-1,-1,1,1,1,-1,-1,1,1,1,-1,1,-1,1,-1,-1,-1,0.00897102802991867
-1,-1,-1,-1,-1,1,1,1,-1,-1,1,1,1,-1,1,-1,1,-1,1,-1,0.008970818482339382
-1,-1,-1,-1,-1,1,1,1,-1,-1,1,1,1,1,1,1,1,-1,1,-1,0.008970845490694046
-1,-1,-1,-1,-1,1,1,1,-1,1,-1,-1,-1,-1,-1,-1,-1,-1,1,1,0.00897230301052332
-1,-1,-1,-1,-1,1,1,1,-1,1,-1,-1,-1,-1,1,1,1,-1,-1,1,0.008971656672656536
-1,-1,-1,-1,-1,1,1,1,-1,1,-1,-1,-1,1,1,1,1,1,-1,-1,0.008971452713012695
-1,-1,-1,-1,-1,1,1,1,-1,1,-1,-1,1,-1,1,1,-1,-1,-1,-1,0.008971159346401691
-1,-1,-1,-1,-1,1,1,1,-1,1,-1,1,-1,-1,-1,1,1,1,1,-1,0.00897170975804329
-1,-1,-1,-1,-1,1,1,1,-1,1,1,-1,-1,-1,-1,1,-1,-1,-1,1,0.00897244643419981
-1,-1,-1,-1,-1,1,1,1,-1,1,1,-1,-1,-1,1,-1,-1,-1,1,1,0.00897182710468769
-1,-1,-1,-1,-1,1,1,1,-1,1,1,-1,-1,1,1,-1,-1,1,1,-1,0.008971624076366425
-1,-1,-1,-1,-1,1,1,1,-1,1,1,-1,1,-1,-1,-1,-1,1,1,1,0.008972079493105412
-1,-1,-1,-1,-1,1,1,1,-1,1,1,1,-1,-1,1,-1,1,1,1,1,0.00897174421697855
-1,-1,-1,-1,-1,1,1,1,-1,1,1,1,-1,1,1,-1,1,-1,-1,-1,0.008971578441560268
-1,-1,-1,-1,-1,1,1,1,-1,1,1,1,1,-1,1,1,-1,1,1,-1,0.00897115096449852
-1,-1,-1,-1,-1,1,1,1,-1,1,1,1,1,1,-1,-1,-1,1,-1,1,0.008972499519586563
-1,-1,-1,-1,-1,1,1,1,1,-1,-1,-1,-1,-1,1,-1,-1,1,-1,1,0.00897210743278265
-1,-1,-1,-1,-1,1,1,1,1,-1,-1,1,1,1,1,-1,1,-1,1,1,0.008971426635980606
-1,-1,-1,-1,-1,1,1,1,1,-1,1,-1,-1,-1,-1,-1,1,-1,1,1,0.008972088806331158
-1,-1,-1,-1,-1,1,1,1,1,-1,1,-1,-1,-1,-1,1,-1,-1,1,1,0.008972248062491417
-1,-1,-1,-1,-1,1,1,1,1,-1,1,-1,1,1,1,1,1,1,1,1,0.008971359580755234
-1,-1,-1,-1,-1,1,1,1,1,-1,1,1,1,1,-1,1,-1,1,-1,1,0.008972415700554848
-1,-1,-1,-1,-1,1,1,1,1,-1,1,1,1,1,1,-1,-1,-1,1,-1,0.00897129811346531
-1,-1,-1,-1,-1,1,1,1,1,1,-1,-1,-1,1,-1,1,1,-1,-1,1,0.008972384966909885
-1,-1,-1,-1,-1,1,1,1,1,1,-1,-1,1,-1,-1,-1,1,-1,1,-1,0.008971394039690495
-1,-1,-1,-1,-1,1,1,1,1,1,-1,-1,1,1,-1,-1,-1,-1,-1,1,0.00897239800542593
-1,-1,-1,-1,-1,1,1,1,1,1,-1,1,-1,-1,1,-1,1,1,-1,1,0.008972025476396084
-1,-1,-1,-1,-1,1,1,1,1,1,1,-1,-1,-1,-1,1,1,-1,1,-1,0.008971666917204857
-1,-1,-1,-1,-1,1,1,1,1,1,1,-1,-1,1,-1,1,-1,1,-1,1,0.008972756564617157
-1,-1,-1,-1,-1,1,1,1,1,1,1,-1,1,1,-1,-1,1,1,1,-1,0.00897163338959217
-1,-1,-1,-1,-1,1,1,1,1,1,1,1,-1,-1,-1,1,1,1,-1,1,0.008972463198006153
-1,-1,-1,-1,-1,1,1,1,1,1,1,1,-1,1,1,1,1,-1,1,-1,0.008971372619271278
-1,-1,-1,-1,-1,1,1,1,1,1,1,1,1,-1,-1,1,1,-1,-1,1,0.008972037583589554
-1,-1,-1,-1,1,-1,-1,-1,-1,-1,-1,-1,-1,-1,-1,-1,-1,-1,-1,1,0.008971679024398327
-1,-1,-1,-1,1,-1,-1,-1,-1,-1,-1,-1,-1,1,-1,1,-1,-1,1,1,0.008971496485173702
-1,-1,-1,-1,1,-1,-1,-1,-1,-1,-1,-1,-1,1,1,-1,1,1,1,-1,0.008970505557954311
-1,-1,-1,-1,1,-1,-1,-1,-1,-1,-1,-1,-1,1,1,1,1,-1,1,1,0.008970736525952816
-1,-1,-1,-1,1,-1,-1,-1,-1,-1,-1,-1,1,-1,-1,1,-1,-1,-1,-1,0.008970830589532852
-1,-1,-1,-1,1,-1,-1,-1,-1,-1,-1,-1,1,1,-1,-1,1,-1,1,1,0.008970998227596283
-1,-1,-1,-1,1,-1,-1,-1,-1,-1,-1,-1,1,1,-1,1,-1,1,-1,-1,0.00897104013711214
-1,-1,-1,-1,1,-1,-1,-1,-1,-1,-1,-1,1,1,-1,1,-1,1,1,-1,0.008970829658210278
-1,-1,-1,-1,1,-1,-1,-1,-1,-1,-1,-1,1,1,1,1,-1,-1,1,1,0.0089706527069211
-1,-1,-1,-1,1,-1,-1,-1,-1,-1,-1,1,-1,-1,1,-1,-1,-1,1,1,0.008971050381660461
-1,-1,-1,-1,1,-1,-1,-1,-1,-1,-1,1,1,1,1,-1,-1,-1,1,1,0.008970835246145725
-1,-1,-1,-1,1,-1,-1,-1,-1,-1,1,-1,-1,-1,1,1,-1,1,-1,1,0.008971193805336952
-1,-1,-1,-1,1,-1,-1,-1,-1,-1,1,-1,-1,-1,1,1,1,-1,1,1,0.008970641531050205
-1,-1,-1,-1,1,-1,-1,-1,-1,-1,1,-1,-1,1,-1,-1,1,-1,1,-1,0.008970952592790127
-1,-1,-1,-1,1,-1,-1,-1,-1,-1,1,-1,1,-1,1,-1,-1,-1,1,-1,0.00897024106234312
-1,-1,-1,-1,1,-1,-1,-1,-1,-1,1,-1,1,-1,1,1,1,-1,-1,-1,0.008970099501311779
-1,-1,-1,-1,1,-1,-1,-1,-1,-1,1,1,-1,1,1,-1,1,-1,1,1,0.008970948867499828
-1,-1,-1,-1,1,-1,-1,-1,-1,-1,1,1,-1,1,1,-1,1,1,-1,1,0.008971245028078556
-1,-1,-1,-1,1,-1,-1,-1,-1,-1,1,1,1,-1,1,-1,1,1,1,1,0.008970571681857109
-1,-1,-1,-1,1,-1,-1,-1,-1,-1,1,1,1,1,1,1,-1,1,-1,-1,0.008970651775598526
-1,-1,-1,-1,1,-1,-1,-1,-1,1,-1,-1,-1,1,1,-1,1,1,1,1,0.008971006609499454
-1,-1,-1,-1,1,-1,-1,-1,-1,1,-1,-1,-1,1,1,1,-1,-1,-1,-1,0.008970876224339008
-1,-1,-1,-1,1,-1,-1,-1,-1,1,-1,-1,1,1,-1,-1,-1,-1,-1,1,0.008971551433205605
-1,-1,-1,-1,1,-1,-1,-1,-1,1,-1,-1,1,1,-1,-1,1,-1,-1,-1,0.008970881812274456
-1,-1,-1,-1,1,-1,-1,-1,-1,1,-1,-1,1,1,1,1,1,1,1,-1,0.008970157243311405
-1,-1,-1,-1,1,-1,-1,-1,-1,1,1,-1,-1,-1,-1,1,-1,-1,-1,1,0.008971699513494968
-1,-1,-1,-1,1,-1,-1,-1,-1,1,1,-1,-1,1,-1,1,1,-1,-1,-1,0.008971154689788818
-1,-1,-1,-1,1,-1,-1,-1,-1,1,1,-1,1,-1,-1,-1,-1,1,-1,1,0.008971543051302433
-1,-1,-1,-1,1,-1,-1,-1,-1,1,1,-1,1,1,-1,-1,1,-1,-1,-1,0.008970911614596844
-1,-1,-1,-1,1,-1,-1,-1,-1,1,1,1,-1,-1,1,1,-1,1,1,1,0.008971157483756542
-1,-1,-1,-1,1,-1,-1,-1,-1,1,1,1,-1,-1,1,1,1,-1,-1,-1,0.008970612660050392
-1,-1,-1,-1,1,-1,-1,-1,-1,1,1,1,1,1,1,-1,1,-1,1,-1,0.008970282971858978
-1,-1,-1,-1,1,-1,-1,-1,1,-1,-1,-1,1,1,-1,1,1,-1,1,-1,0.008970588445663452
-1,-1,-1,-1,1,-1,-1,-1,1,-1,-1,1,1,-1,-1,-1,-1,1,1,-1,0.008970988914370537
-1,-1,-1,-1,1,-1,-1,-1,1,-1,-1,1,1,1,-1,1,-1,-1,1,-1,0.008970930241048336
-1,-1,-1,-1,1,-1,-1,-1,1,-1,-1,1,1,1,1,1,1,1,-1,-1,0.008970466442406178
-1,-1,-1,-1,1,-1,-1,-1,1,-1,1,-1,-1,-1,1,-1,-1,1,1,1,0.008971179835498333
-1,-1,-1,-1,1,-1,-1,-1,1,-1,1,-1,-1,1,1,1,-1,-1,1,1,0.008971121162176132
-1,-1,-1,-1,1,-1,-1,-1,1,-1,1,-1,1,-1,-1,-1,-1,-1,-1,1,0.008971469476819038
-1,-1,-1,-1,1,-1,-1,-1,1,-1,1,-1,1,-1,-1,1,1,-1,-1,1,0.008971117436885834
-1,-1,-1,-1,1,-1,-1,-1,1,-1,1,-1,1,1,1,-1,1,-1,-1,-1,0.008970419876277447
-1,-1,-1,-1,1,-1,-1,-1,1,-1,1,-1,1,1,1,1,-1,1,-1,-1,0.00897066481411457
-1,-1,-1,-1,1,-1,-1,-1,1,-1,1,1,-1,-1,1,1,-1,1,1,1,0.008971170522272587
-1,-1,-1,-1,1,-1,-1,-1,1,-1,1,1,-1,1,1,1,-1,-1,-1,1,0.008971418254077435
-1,-1,-1,-1,1,-1,-1,-1,1,1,-1,-1,-1,-1,1,-1,-1,-1,-1,1,0.008971362374722958
-1,-1,-1,-1,1,-1,-1,-1,1,1,-1,-1,1,-1,1,-1,1,-1,1,1,0.008970556780695915
-1,-1,-1,-1,1,-1,-1,-1,1,1,-1,-1,1,1,-1,-1,-1,-1,1,-1,0.008971027098596096
-1,-1,-1,-1,1,-1,-1,-1,1,1,-1,1,-1,1,1,-1,1,-1,1,1,0.008971106261014938
-1,-1,-1,-1,1,-1,-1,-1,1,1,-1,1,1,-1,-1,-1,1,-1,-1,-1,0.008970944210886955
-1,-1,-1,-1,1,-1,-1,-1,1,1,1,1,-1,-1,1,1,1,-1,-1,-1,0.008970712311565876
-1,-1,-1,-1,1,-1,-1,-1,1,1,1,1,1,1,1,-1,-1,-1,-1,-1,0.008970849215984344
-1,-1,-1,-1,1,-1,-1,1,-1,-1,-1,-1,1,-1,1,1,-1,-1,-1,1,0.008971091359853745
-1,-1,-1,-1,1,-1,-1,1,-1,-1,-1,1,-1,-1,1,1,-1,-1,1,1,0.00897130649536848
-1,-1,-1,-1,1,-1,-1,1,-1,-1,-1,1,1,1,-1,1,-1,1,-1,1,0.008971892297267914
-1,-1,-1,-1,1,-1,-1,1,-1,-1,-1,1,1,1,1,-1,1,-1,1,-1,0.008970518596470356
-1,-1,-1,-1,1,-1,-1,1,-1,-1,1,1,-1,-1,-1,1,-1,1,1,-1,0.008971513248980045
-1,-1,-1,-1,1,-1,-1,1,-1,-1,1,1,-1,1,-1,1,-1,1,1,-1,0.00897163711488247
-1,-1,-1,-1,1,-1,-1,1,-1,-1,1,1,-1,1,1,-1,1,-1,-1,-1,0.008971096947789192
-1,-1,-1,-1,1,-1,-1,1,-1,-1,1,1,-1,1,1,-1,1,-1,-1,1,0.008971510455012321
-1,-1,-1,-1,1,-1,-1,1,-1,-1,1,1,1,-1,-1,-1,-1,-1,1,1,0.008971597999334335
-1,-1,-1,-1,1,-1,-1,1,-1,1,-1,-1,-1,-1,-1,1,1,-1,1,-1,0.008971142582595348
-1,-1,-1,-1,1,-1,-1,1,-1,1,-1,-1,-1,-1,1,1,-1,-1,1,1,0.008971307426691055
-1,-1,-1,-1,1,-1,-1,1,-1,1,-1,-1,-1,1,-1,-1,1,-1,1,1,0.008971776813268661
-1,-1,-1,-1,1,-1,-1,1,-1,1,-1,-1,1,1,1,-1,-1,-1,-1,1,0.008971398696303368
-1,-1,-1,-1,1,-1,-1,1,-1,1,-1,1,-1,-1,1,-1,-1,-1,1,1,0.00897148996591568
-1,-1,-1,-1,1,-1,-1,1,-1,1,-1,1,1,-1,1,-1,-1,-1,1,-1,0.00897073745727539
-1,-1,-1,-1,1,-1,-1,1,-1,1,1,-1,-1,-1,1,1,-1,-1,1,-1,0.008970923721790314
-1,-1,-1,-1,1,-1,-1,1,-1,1,1,-1,-1,1,-1,-1,-1,1,-1,1,0.008972357958555222
-1,-1,-1,-1,1,-1,-1,1,-1,1,1,-1,-1,1,-1,-1,1,1,1,-1,0.008971478790044785
-1,-1,-1,-1,1,-1,-1,1,-1,1,1,1,-1,-1,1,-1,-1,-1,1,-1,0.008971106261014938
-1,-1,-1,-1,1,-1,-1,1,1,-1,-1,-1,-1,-1,1,-1,-1,1,-1,-1,0.008971299044787884
-1,-1,-1,-1,1,-1,-1,1,1,-1,-1,1,-1,-1,-1,1,1,1,-1,-1,0.00897153839468956
-1,-1,-1,-1,1,-1,-1,1,1,-1,-1,1,-1,-1,1,1,1,1,-1,1,0.008971447125077248
-1,-1,-1,-1,1,-1,-1,1,1,-1,-1,1,1,1,1,-1,-1,1,-1,-1,0.008971170522272587
-1,-1,-1,-1,1,-1,-1,1,1,-1,1,-1,-1,1,-1,1,1,1,1,1,0.008971808478236198
-1,-1,-1,-1,1,-1,-1,1,1,-1,1,1,-1,-1,-1,-1,-1,1,1,-1,0.00897170975804329
-1,-1,-1,-1,1,-1,-1,1,1,-1,1,1,-1,-1,-1,1,-1,-1,-1,-1,0.008971736766397953
-1,-1,-1,-1,1,-1,-1,1,1,-1,1,1,1,-1,-1,1,-1,-1,-1,1,0.008971811272203922
-1,-1,-1,-1,1,-1,-1,1,1,-1,1,1,1,-1,-1,1,1,-1,-1,-1,0.008971142582595348
-1,-1,-1,-1,1,-1,-1,1,1,1,-1,1,-1,1,-1,-1,-1,1,1,1,0.008972304873168468
-1,-1,-1,-1,1,-1,-1,1,1,1,-1,1,1,-1,-1,1,-1,1,1,1,0.0089717460796237
-1,-1,-1,-1,1,-1,-1,1,1,1,1,1,1,-1,-1,-1,1,-1,-1,-1,0.008971326053142548
-1,-1,-1,-1,1,-1,-1,1,1,1,1,1,1,-1,1,1,-1,-1,-1,1,0.008971394039690495
-1,-1,-1,-1,1,-1,-1,1,1,1,1,1,1,1,1,1,-1,-1,-1,-1,0.008971104398369789
-1,-1,-1,-1,1,-1,1,-1,-1,-1,-1,-1,-1,-1,1,-1,-1,-1,-1,-1,0.00897077564150095
-1,-1,-1,-1,1,-1,1,-1,-1,-1,-1,-1,-1,1,-1,1,1,1,-1,1,0.00897155236452818
-1,-1,-1,-1,1,-1,1,-1,-1,-1,-1,-1,1,1,1,-1,-1,-1,-1,-1,0.008970560505986214
-1,-1,-1,-1,1,-1,1,-1,-1,-1,-1,1,1,-1,-1,1,-1,-1,1,-1,0.008970721624791622
-1,-1,-1,-1,1,-1,1,-1,-1,-1,1,-1,1,1,-1,1,-1,1,-1,1,0.008971498347818851
-1,-1,-1,-1,1,-1,1,-1,-1,-1,1,1,-1,1,1,-1,-1,-1,1,-1,0.008970805443823338
-1,-1,-1,-1,1,-1,1,-1,-1,-1,1,1,-1,1,1,-1,-1,1,-1,-1,0.008971101604402065
-1,-1,-1,-1,1,-1,1,-1,-1,-1,1,1,-1,1,1,-1,1,-1,-1,1,0.00897117331624031
-1,-1,-1,-1,1,-1,1,-1,-1,-1,1,1,1,-1,1,1,1,1,-1,-1,0.008970286697149277
-1,-1,-1,-1,1,-1,1,-1,-1,1,-1,-1,1,-1,-1,-1,-1,1,1,1,0.00897131860256195
-1,-1,-1,-1,1,-1,1,-1,-1,1,-1,1,-1,-1,1,1,1,1,1,1,0.008970887400209904
-1,-1,-1,-1,1,-1,1,-1,-1,1,-1,1,-1,1,-1,1,1,1,-1,-1,0.008971312083303928
-1,-1,-1,-1,1,-1,1,-1,-1,1,-1,1,1,1,-1,-1,-1,-1,-1,1,0.008971652947366238
-1,-1,-1,-1,1,-1,1,-1,-1,1,-1,1,1,1,1,-1,-1,1,1,1,0.008971024304628372
-1,-1,-1,-1,1,-1,1,-1,-1,1,1,-1,-1,-1,1,1,1,1,-1,-1,0.008970626629889011
-1,-1,-1,-1,1,-1,1,-1,-1,1,1,1,1,-1,-1,-1,-1,-1,1,-1,0.008970933966338634
-1,-1,-1,-1,1,-1,1,-1,-1,1,1,1,1,1,-1,-1,1,1,1,1,0.008971301838755608
-1,-1,-1,-1,1,-1,1,-1,-1,1,1,1,1,1,1,1,1,-1,-1,-1,0.008970411494374275
-1,-1,-1,-1,1,-1,1,-1,1,-1,-1,-1,-1,-1,-1,1,1,1,1,1,0.008971317671239376
-1,-1,-1,-1,1,-1,1,-1,1,-1,-1,-1,-1,-1,1,-1,-1,-1,-1,1,0.008971289731562138
-1,-1,-1,-1,1,-1,1,-1,1,-1,-1,-1,1,-1,1,-1,-1,-1,-1,-1,0.008970536291599274
-1,-1,-1,-1,1,-1,1,-1,1,-1,-1,-1,1,1,1,-1,-1,-1,-1,1,0.008971074596047401
-1,-1,-1,-1,1,-1,1,-1,1,-1,-1,-1,1,1,1,-1,-1,1,-1,1,0.008971160277724266
-1,-1,-1,-1,1,-1,1,-1,1,-1,-1,-1,1,1,1,-1,1,-1,1,1,0.008970608003437519
-1,-1,-1,-1,1,-1,1,-1,1,-1,-1,1,-1,-1,1,1,1,1,-1,-1,0.008970696479082108
-1,-1,-1,-1,1,-1,1,-1,1,-1,-1,1,1,-1,1,1,-1,1,1,-1,0.008970403112471104
-1,-1,-1,-1,1,-1,1,-1,1,-1,1,-1,-1,1,1,-1,1,-1,1,-1,0.008970563299953938
-1,-1,-1,-1,1,-1,1,-1,1,-1,1,-1,-1,1,1,-1,1,1,1,1,0.008971063420176506
-1,-1,-1,-1,1,-1,1,-1,1,-1,1,-1,1,1,1,-1,1,1,-1,-1,0.008970520459115505
-1,-1,-1,-1,1,-1,1,-1,1,-1,1,1,-1,1,1,-1,-1,1,-1,-1,0.00897120125591755
-1,-1,-1,-1,1,-1,1,-1,1,1,-1,-1,1,1,1,1,1,-1,-1,-1,0.008970395661890507
-1,-1,-1,-1,1,-1,1,-1,1,1,-1,1,-1,-1,-1,1,-1,1,1,-1,0.008971333503723145
-1,-1,-1,-1,1,-1,1,-1,1,1,-1,1,-1,1,-1,1,1,1,-1,-1,0.008971412666141987
-1,-1,-1,-1,1,-1,1,-1,1,1,-1,1,1,1,-1,1,1,-1,1,-1,0.008970776572823524
-1,-1,-1,-1,1,-1,1,-1,1,1,-1,1,1,1,1,1,-1,1,1,1,0.00897102802991867
-1,-1,-1,-1,1,-1,1,-1,1,1,1,1,-1,1,-1,1,1,1,-1,-1,0.0089714415371418
-1,-1,-1,-1,1,-1,1,-1,1,1,1,1,-1,1,1,-1,-1,-1,1,1,0.008971406146883965
-1,-1,-1,-1,1,-1,1,1,-1,-1,-1,-1,-1,-1,-1,1,1,1,-1,1,0.00897178053855896
-1,-1,-1,-1,1,-1,1,1,-1,-1,-1,-1,-1,1,-1,1,-1,-1,-1,1,0.008972073905169964
-1,-1,-1,-1,1,-1,1,1,-1,-1,-1,1,-1,1,1,-1,-1,1,-1,-1,0.008971424773335457
-1,-1,-1,-1,1,-1,1,1,-1,-1,1,-1,1,-1,-1,1,1,-1,-1,-1,0.008970971219241619
-1,-1,-1,-1,1,-1,1,1,-1,-1,1,-1,1,1,-1,1,-1,1,-1,1,0.008971850387752056
-1,-1,-1,-1,1,-1,1,1,-1,-1,1,1,-1,1,1,1,-1,-1,-1,1,0.008971684612333775
-1,-1,-1,-1,1,-1,1,1,-1,-1,1,1,1,-1,-1,1,-1,-1,-1,1,0.008971726521849632
-1,-1,-1,-1,1,-1,1,1,-1,-1,1,1,1,-1,1,1,1,-1,-1,-1,0.008970553055405617
-1,-1,-1,-1,1,-1,1,1,-1,-1,1,1,1,1,-1,1,-1,1,-1,-1,0.008971523493528366
-1,-1,-1,-1,1,-1,1,1,-1,1,-1,-1,-1,-1,1,-1,1,-1,-1,-1,0.008970960043370724
-1,-1,-1,-1,1,-1,1,1,-1,1,-1,-1,-1,1,-1,-1,-1,1,-1,1,0.008972343988716602
-1,-1,-1,-1,1,-1,1,1,-1,1,-1,-1,1,-1,-1,-1,-1,-1,1,-1,0.008971170522272587
-1,-1,-1,-1,1,-1,1,1,-1,1,-1,-1,1,-1,1,1,-1,1,-1,1,0.008971279487013817
-1,-1,-1,-1,1,-1,1,1,-1,1,-1,1,-1,-1,-1,1,-1,-1,-1,-1,0.00897170975804329
-1,-1,-1,-1,1,-1,1,1,-1,1,-1,1,-1,1,-1,-1,-1,1,1,1,0.008972220122814178
-1,-1,-1,-1,1,-1,1,1,-1,1,-1,1,-1,1,1,1,1,1,1,1,0.008971363306045532
-1,-1,-1,-1,1,-1,1,1,-1,1,1,-1,-1,-1,-1,1,1,1,1,-1,0.008971272967755795
-1,-1,-1,-1,1,-1,1,1,-1,1,1,-1,-1,-1,1,1,1,-1,1,-1,0.008970682509243488
-1,-1,-1,-1,1,-1,1,1,-1,1,1,-1,1,-1,-1,-1,1,-1,1,1,0.008971357718110085
-1,-1,-1,-1,1,-1,1,1,-1,1,1,1,-1,-1,-1,1,-1,-1,-1,-1,0.008971739560365677
-1,-1,-1,-1,1,-1,1,1,-1,1,1,1,1,-1,1,-1,-1,-1,-1,-1,0.00897099170833826
-1,-1,-1,-1,1,-1,1,1,-1,1,1,1,1,1,-1,-1,1,1,1,-1,0.008971240371465683
-1,-1,-1,-1,1,-1,1,1,1,-1,-1,-1,1,-1,-1,-1,-1,-1,1,1,0.00897159706801176
-1,-1,-1,-1,1,-1,1,1,1,-1,1,-1,-1,-1,-1,-1,-1,-1,-1,-1,0.008971761912107468
-1,-1,-1,-1,1,-1,1,1,1,-1,1,-1,1,-1,1,1,1,-1,-1,-1,0.008970566093921661
-1,-1,-1,-1,1,-1,1,1,1,-1,1,-1,1,1,1,1,1,1,1,-1,0.008970566093921661
-1,-1,-1,-1,1,-1,1,1,1,-1,1,1,-1,-1,1,-1,-1,1,1,1,0.00897163338959217
-1,-1,-1,-1,1,-1,1,1,1,1,-1,-1,-1,1,-1,-1,-1,1,1,-1,0.008971819654107094
-1,-1,-1,-1,1,-1,1,1,1,1,-1,-1,-1,1,1,-1,1,-1,1,-1,0.008970973081886768
-1,-1,-1,-1,1,-1,1,1,1,1,-1,1,1,1,1,-1,-1,1,-1,-1,0.008971272967755795
-1,-1,-1,-1,1,-1,1,1,1,1,1,-1,-1,-1,-1,1,-1,-1,1,-1,0.008971543051302433
-1,-1,-1,-1,1,-1,1,1,1,1,1,-1,-1,1,1,-1,-1,-1,-1,1,0.008971882052719593
-1,-1,-1,-1,1,-1,1,1,1,1,1,-1,-1,1,1,1,-1,1,-1,1,0.008971871808171272
-1,-1,-1,-1,1,-1,1,1,1,1,1,-1,1,-1,-1,-1,-1,1,1,1,0.008971799165010452
-1,-1,-1,-1,1,-1,1,1,1,1,1,-1,1,-1,1,1,-1,1,1,-1,0.008970784954726696
-1,-1,-1,-1,1,-1,1,1,1,1,1,-1,1,1,-1,-1,1,1,1,-1,0.008971254341304302
-1,-1,-1,-1,1,1,-1,-1,-1,-1,-1,-1,1,-1,-1,-1,1,-1,-1,1,0.008970995433628559
-1,-1,-1,-1,1,1,-1,-1,-1,-1,-1,-1,1,-1,1,-1,-1,1,-1,-1,0.008970418944954872
-1,-1,-1,-1,1,1,-1,-1,-1,-1,-1,1,-1,1,-1,1,1,1,-1,-1,0.008971121162176132
-1,-1,-1,-1,1,1,-1,-1,-1,-1,-1,1,1,-1,-1,-1,-1,1,1,1,0.00897121336311102
-1,-1,-1,-1,1,1,-1,-1,-1,-1,-1,1,1,-1,-1,-1,1,-1,1,1,0.008970871567726135
-1,-1,-1,-1,1,1,-1,-1,-1,-1,1,-1,-1,-1,-1,-1,-1,1,1,1,0.008971495553851128
-1,-1,-1,-1,1,1,-1,-1,-1,-1,1,-1,-1,-1,-1,1,1,1,1,-1,0.008970730006694794
-1,-1,-1,-1,1,1,-1,-1,-1,-1,1,-1,-1,1,-1,-1,-1,-1,-1,1,0.008971743285655975
-1,-1,-1,-1,1,1,-1,-1,-1,-1,1,1,-1,-1,-1,-1,-1,-1,1,-1,0.008971082046627998
-1,-1,-1,-1,1,1,-1,-1,-1,1,-1,-1,-1,-1,-1,1,-1,1,1,1,0.008971457369625568
-1,-1,-1,-1,1,1,-1,-1,-1,1,-1,-1,-1,-1,-1,1,1,1,1,-1,0.00897078774869442
-1,-1,-1,-1,1,1,-1,-1,-1,1,-1,-1,1,-1,1,-1,1,1,-1,1,0.00897066481411457
-1,-1,-1,-1,1,1,-1,-1,-1,1,-1,1,-1,1,-1,-1,1,-1,1,-1,0.008971008472144604
-1,-1,-1,-1,1,1,-1,-1,-1,1,-1,1,1,-1,1,-1,1,-1,1,-1,0.008970040827989578
-1,-1,-1,-1,1,1,-1,-1,-1,1,-1,1,1,1,-1,1,1,-1,1,-1,0.008970573544502258
-1,-1,-1,-1,1,1,-1,-1,-1,1,1,1,-1,-1,-1,-1,-1,-1,1,1,0.008971583098173141
-1,-1,-1,-1,1,1,-1,-1,-1,1,1,1,1,1,1,-1,1,1,1,-1,0.008970280177891254
-1,-1,-1,-1,1,1,-1,-1,1,-1,-1,-1,-1,-1,-1,-1,1,1,1,-1,0.00897089671343565
-1,-1,-1,-1,1,1,-1,-1,1,-1,-1,-1,-1,1,1,1,1,1,-1,1,0.008971043862402439
-1,-1,-1,-1,1,1,-1,-1,1,-1,-1,1,1,-1,1,1,-1,1,1,1,0.00897071324288845
-1,-1,-1,-1,1,1,-1,-1,1,-1,1,-1,-1,-1,-1,-1,-1,-1,1,1,0.008971509523689747
-1,-1,-1,-1,1,1,-1,-1,1,-1,1,-1,-1,-1,-1,-1,1,1,-1,-1,0.0089711369946599
-1,-1,-1,-1,1,1,-1,-1,1,-1,1,1,1,-1,1,1,1,-1,1,1,0.00897040031850338
-1,-1,-1,-1,1,1,-1,-1,1,-1,1,1,1,1,-1,1,-1,1,1,-1,0.008970957249403
-1,-1,-1,-1,1,1,-1,-1,1,1,-1,-1,-1,-1,1,1,-1,-1,-1,1,0.008971177041530609
-1,-1,-1,-1,1,1,-1,-1,1,1,-1,1,1,-1,1,-1,1,-1,-1,1,0.008970764465630054
-1,-1,-1,-1,1,1,-1,-1,1,1,-1,1,1,1,1,-1,-1,-1,1,-1,0.008970520459115505
-1,-1,-1,-1,1,1,-1,-1,1,1,1,1,-1,-1,-1,-1,1,1,-1,1,0.008971723727881908
-1,-1,-1,-1,1,1,-1,-1,1,1,1,1,-1,1,-1,-1,-1,1,1,-1,0.00897147972136736
-1,-1,-1,-1,1,1,-1,-1,1,1,1,1,1,1,1,-1,-1,-1,1,1,0.008970963768661022
-1,-1,-1,-1,1,1,-1,1,-1,-1,-1,-1,-1,-1,-1,-1,1,-1,-1,1,0.008971686474978924
-1,-1,-1,-1,1,1,-1,1,-1,-1,-1,-1,-1,-1,1,-1,1,1,-1,1,0.008971268311142921
-1,-1,-1,-1,1,1,-1,1,-1,-1,-1,-1,-1,1,-1,1,-1,-1,-1,1,0.008971970528364182
-1,-1,-1,-1,1,1,-1,1,-1,-1,-1,1,-1,1,-1,-1,-1,1,1,1,0.008972029201686382
-1,-1,-1,-1,1,1,-1,1,-1,-1,1,-1,-1,-1,-1,-1,-1,1,1,-1,0.008971434086561203
-1,-1,-1,-1,1,1,-1,1,-1,-1,1,-1,-1,1,-1,1,1,-1,1,-1,0.008971120230853558
-1,-1,-1,-1,1,1,-1,1,-1,-1,1,-1,1,-1,1,-1,1,1,1,1,0.008970748633146286
-1,-1,-1,-1,1,1,-1,1,-1,-1,1,1,1,-1,1,-1,1,-1,1,-1,0.008970335125923157
-1,-1,-1,-1,1,1,-1,1,-1,-1,1,1,1,1,1,1,-1,1,-1,-1,0.008970914408564568
-1,-1,-1,-1,1,1,-1,1,-1,1,-1,-1,-1,1,1,-1,-1,-1,1,-1,0.008971025235950947
-1,-1,-1,-1,1,1,-1,1,-1,1,-1,1,-1,1,-1,-1,1,-1,1,1,0.008971774019300938
-1,-1,-1,-1,1,1,-1,1,-1,1,-1,1,1,-1,1,-1,-1,1,-1,-1,0.00897094514220953
-1,-1,-1,-1,1,1,-1,1,-1,1,-1,1,1,-1,1,1,1,-1,-1,-1,0.00897050742059946
-1,-1,-1,-1,1,1,-1,1,-1,1,-1,1,1,1,1,-1,-1,1,1,-1,0.00897085852921009
-1,-1,-1,-1,1,1,-1,1,-1,1,-1,1,1,1,1,1,-1,1,-1,1,0.008971386589109898
-1,-1,-1,-1,1,1,-1,1,-1,1,1,-1,1,-1,-1,1,1,1,-1,1,0.008971454575657845
-1,-1,-1,-1,1,1,-1,1,-1,1,1,1,1,-1,-1,1,1,-1,1,1,0.008971244096755981
-1,-1,-1,-1,1,1,-1,1,1,-1,-1,1,-1,1,1,1,-1,1,-1,1,0.008971738629043102
-1,-1,-1,-1,1,1,-1,1,1,-1,-1,1,1,1,-1,1,1,-1,-1,1,0.008971561677753925
-1,-1,-1,-1,1,1,-1,1,1,-1,1,-1,1,-1,1,-1,1,-1,-1,-1,0.008970558643341064
-1,-1,-1,-1,1,1,-1,1,1,-1,1,1,-1,-1,1,1,1,-1,1,1,0.008971091359853745
-1,-1,-1,-1,1,1,-1,1,1,-1,1,1,-1,1,-1,1,-1,-1,1,1,0.00897197611629963
-1,-1,-1,-1,1,1,-1,1,1,1,-1,-1,-1,1,1,1,-1,-1,-1,1,0.008971652947366238
-1,-1,-1,-1,1,1,-1,1,1,1,-1,-1,1,-1,-1,-1,-1,1,-1,-1,0.008971462957561016
-1,-1,-1,-1,1,1,-1,1,1,1,-1,1,-1,1,1,1,1,1,1,-1,0.008970946073532104
-1,-1,-1,-1,1,1,-1,1,1,1,-1,1,1,1,-1,1,-1,1,1,-1,0.00897136703133583
-1,-1,-1,-1,1,1,-1,1,1,1,1,-1,1,1,-1,-1,1,1,1,1,0.00897156447172165
-1,-1,-1,-1,1,1,-1,1,1,1,1,-1,1,1,-1,1,1,1,-1,-1,0.008971264585852623
-1,-1,-1,-1,1,1,-1,1,1,1,1,1,-1,-1,-1,1,-1,1,-1,-1,0.008971821516752243
-1,-1,-1,-1,1,1,-1,1,1,1,1,1,1,-1,1,1,1,1,-1,-1,0.008970722556114197
-1,-1,-1,-1,1,1,1,-1,-1,-1,-1,-1,-1,-1,1,1,-1,1,-1,1,0.00897109042853117
-1,-1,-1,-1,1,1,1,-1,-1,-1,-1,-1,-1,1,-1,1,1,-1,-1,-1,0.008970963768661022
-1,-1,-1,-1,1,1,1,-1,-1,-1,-1,1,-1,-1,1,1,-1,-1,-1,1,0.00897109042853117
-1,-1,-1,-1,1,1,1,-1,-1,-1,-1,1,1,1,1,1,-1,-1,-1,-1,0.008970461785793304
-1,-1,-1,-1,1,1,1,-1,-1,-1,1,-1,-1,-1,-1,1,-1,1,-1,1,0.008971625007689
-1,-1,-1,-1,1,1,1,-1,-1,-1,1,-1,-1,-1,1,-1,-1,-1,-1,-1,0.008970716036856174
-1,-1,-1,-1,1,1,1,-1,-1,-1,1,1,-1,1,1,1,1,1,-1,-1,0.008970661088824272
-1,-1,-1,-1,1,1,1,-1,-1,-1,1,1,1,1,-1,1,-1,1,-1,1,0.008971495553851128
-1,-1,-1,-1,1,1,1,-1,-1,1,-1,1,-1,1,1,-1,1,1,1,1,0.008971018716692924
-1,-1,-1,-1,1,1,1,-1,-1,1,-1,1,1,1,-1,1,-1,-1,-1,1,0.00897146761417389
-1,-1,-1,-1,1,1,1,-1,-1,1,1,-1,-1,1,1,-1,-1,-1,1,-1,0.008970716968178749
-1,-1,-1,-1,1,1,1,-1,-1,1,1,-1,1,-1,-1,-1,1,1,1,-1,0.008970589376986027
-1,-1,-1,-1,1,1,1,-1,-1,1,1,-1,1,-1,1,-1,-1,-1,-1,-1,0.008970464579761028
-1,-1,-1,-1,1,1,1,-1,-1,1,1,-1,1,1,-1,-1,-1,1,1,1,0.0089713828638196
-1,-1,-1,-1,1,1,1,-1,-1,1,1,1,-1,-1,-1,-1,-1,-1,1,1,0.008971597999334335
-1,-1,-1,-1,1,1,1,-1,-1,1,1,1,-1,-1,-1,1,-1,1,-1,1,0.008971798233687878
-1,-1,-1,-1,1,1,1,-1,-1,1,1,1,1,1,-1,-1,1,1,1,1,0.00897121336311102
-1,-1,-1,-1,1,1,1,-1,-1,1,1,1,1,1,1,1,-1,1,1,1,0.008970868773758411
-1,-1,-1,-1,1,1,1,-1,-1,1,1,1,1,1,1,1,1,-1,1,-1,0.008970112539827824
-1,-1,-1,-1,1,1,1,-1,1,-1,-1,-1,1,-1,1,1,1,-1,1,1,0.008970299735665321
-1,-1,-1,-1,1,1,1,-1,1,-1,-1,1,-1,1,-1,-1,1,1,-1,1,0.0089717460796237
-1,-1,-1,-1,1,1,1,-1,1,-1,-1,1,1,-1,-1,-1,1,1,1,1,0.008971072733402252
-1,-1,-1,-1,1,1,1,-1,1,-1,1,-1,-1,-1,-1,1,1,-1,1,-1,0.008970758877694607
-1,-1,-1,-1,1,1,1,-1,1,-1,1,-1,-1,-1,1,-1,1,-1,-1,1,0.008970974013209343
-1,-1,-1,-1,1,1,1,-1,1,-1,1,-1,-1,1,-1,-1,1,1,-1,1,0.008971689268946648
-1,-1,-1,-1,1,1,1,-1,1,-1,1,-1,-1,1,1,1,-1,1,-1,1,0.008971343748271465
-1,-1,-1,-1,1,1,1,-1,1,-1,1,1,1,1,-1,-1,1,-1,-1,1,0.008971350267529488
-1,-1,-1,-1,1,1,1,-1,1,1,-1,-1,1,-1,1,1,1,1,1,1,0.0089704729616642
-1,-1,-1,-1,1,1,1,-1,1,1,-1,1,-1,1,1,1,1,1,1,1,0.008971022441983223
-1,-1,-1,-1,1,1,1,-1,1,1,1,-1,-1,-1,-1,1,1,-1,1,1,0.00897125992923975
-1,-1,-1,-1,1,1,1,-1,1,1,1,-1,-1,1,1,-1,-1,1,-1,1,0.008971527218818665
-1,-1,-1,-1,1,1,1,-1,1,1,1,-1,1,-1,-1,1,-1,1,1,1,0.008971262723207474
-1,-1,-1,-1,1,1,1,-1,1,1,1,1,-1,-1,-1,-1,-1,-1,1,1,0.00897169765084982
-1,-1,-1,-1,1,1,1,-1,1,1,1,1,-1,-1,1,1,1,1,-1,1,0.008971137925982475
-1,-1,-1,-1,1,1,1,-1,1,1,1,1,1,-1,-1,1,1,1,1,1,0.008971093222498894
-1,-1,-1,-1,1,1,1,1,-1,-1,-1,-1,-1,-1,-1,1,1,-1,1,-1,0.00897098146378994
-1,-1,-1,-1,1,1,1,1,-1,-1,-1,-1,-1,-1,1,1,-1,1,-1,1,0.008971442468464375
-1,-1,-1,-1,1,1,1,1,-1,-1,-1,-1,1,-1,-1,-1,-1,-1,-1,1,0.008971618488430977
-1,-1,-1,-1,1,1,1,1,-1,-1,-1,-1,1,-1,-1,-1,1,-1,1,-1,0.008970738388597965
-1,-1,-1,-1,1,1,1,1,-1,-1,-1,-1,1,-1,-1,1,-1,1,-1,-1,0.008971194736659527
-1,-1,-1,-1,1,1,1,1,-1,-1,-1,-1,1,1,-1,-1,-1,-1,1,1,0.008971531875431538
-1,-1,-1,-1,1,1,1,1,-1,-1,-1,-1,1,1,1,-1,-1,-1,-1,1,0.00897123757749796
-1,-1,-1,-1,1,1,1,1,-1,-1,-1,1,-1,-1,-1,-1,-1,1,1,1,0.008971919305622578
-1,-1,-1,-1,1,1,1,1,-1,-1,-1,1,1,-1,1,-1,-1,-1,1,-1,0.008970576338469982
-1,-1,-1,-1,1,1,1,1,-1,-1,1,-1,1,-1,-1,-1,1,-1,1,1,0.008971181698143482
-1,-1,-1,-1,1,1,1,1,-1,-1,1,1,-1,-1,-1,1,1,-1,-1,1,0.008971720933914185
-1,-1,-1,-1,1,1,1,1,-1,-1,1,1,1,-1,-1,1,-1,-1,-1,1,0.008971638046205044
-1,-1,-1,-1,1,1,1,1,-1,-1,1,1,1,1,1,-1,-1,1,-1,1,0.00897143967449665
-1,-1,-1,-1,1,1,1,1,-1,1,-1,-1,1,-1,-1,1,1,-1,-1,-1,0.008970940485596657
-1,-1,-1,-1,1,1,1,1,-1,1,-1,-1,1,1,-1,-1,1,-1,1,-1,0.008970949798822403
-1,-1,-1,-1,1,1,1,1,-1,1,-1,-1,1,1,1,-1,-1,1,-1,-1,0.008970997296273708
-1,-1,-1,-1,1,1,1,1,-1,1,-1,1,-1,1,-1,1,-1,1,1,1,0.00897203478962183
-1,-1,-1,-1,1,1,1,1,-1,1,1,-1,1,1,-1,1,1,-1,-1,-1,0.008971093222498894
-1,-1,-1,-1,1,1,1,1,-1,1,1,-1,1,1,-1,1,1,1,-1,-1,0.008971179835498333
-1,-1,-1,-1,1,1,1,1,-1,1,1,1,-1,-1,-1,1,-1,1,1,-1,0.00897152628749609
-1,-1,-1,-1,1,1,1,1,-1,1,1,1,-1,-1,1,-1,-1,-1,-1,1,0.008971655741333961
-1,-1,-1,-1,1,1,1,1,-1,1,1,1,1,-1,1,1,-1,-1,-1,1,0.008971220813691616
-1,-1,-1,-1,1,1,1,1,1,-1,-1,1,-1,1,-1,-1,1,-1,-1,-1,0.008971597999334335
-1,-1,-1,-1,1,1,1,1,1,-1,-1,1,-1,1,1,-1,-1,-1,1,-1,0.00897113885730505
-1,-1,-1,-1,1,1,1,1,1,-1,-1,1,1,-1,-1,-1,-1,-1,1,-1,0.008971180766820908
-1,-1,-1,-1,1,1,1,1,1,-1,-1,1,1,-1,1,-1,1,1,1,1,0.008970919996500015
-1,-1,-1,-1,1,1,1,1,1,-1,1,-1,-1,-1,-1,1,1,1,-1,-1,0.00897140707820654
-1,-1,-1,-1,1,1,1,1,1,-1,1,-1,-1,1,1,1,1,-1,-1,1,0.008971353992819786
-1,-1,-1,-1,1,1,1,1,1,-1,1,1,1,-1,-1,1,1,1,1,1,0.008971357718110085
-1,-1,-1,-1,1,1,1,1,1,1,-1,-1,-1,-1,-1,1,1,-1,-1,1,0.00897179264575243
-1,-1,-1,-1,1,1,1,1,1,1,-1,-1,-1,1,-1,-1,-1,-1,1,1,0.008972058072686195
-1,-1,-1,-1,1,1,1,1,1,1,-1,-1,-1,1,1,1,-1,1,-1,-1,0.008971340022981167
-1,-1,-1,-1,1,1,1,1,1,1,-1,-1,-1,1,1,1,1,-1,1,-1,0.008970788680016994
-1,-1,-1,-1,1,1,1,1,1,1,-1,-1,1,-1,1,-1,-1,1,-1,1,0.008971387520432472
-1,-1,-1,-1,1,1,1,1,1,1,-1,-1,1,1,-1,1,1,1,1,-1,0.00897104013711214
-1,-1,-1,-1,1,1,1,1,1,1,-1,1,1,-1,-1,1,-1,-1,-1,1,0.008971795439720154
-1,-1,-1,-1,1,1,1,1,1,1,-1,1,1,-1,1,-1,1,1,1,1,0.008971007540822029
-1,-1,-1,-1,1,1,1,1,1,1,-1,1,1,1,-1,1,-1,1,1,1,0.008971795439720154
-1,-1,-1,-1,1,1,1,1,1,1,1,1,-1,-1,-1,1,-1,1,-1,1,0.00897225085645914
-1,-1,-1,-1,1,1,1,1,1,1,1,1,1,-1,-1,-1,1,1,-1,-1,0.008971338160336018
-1,-1,-1,-1,1,1,1,1,1,1,1,1,1,-1,-1,-1,1,1,1,1,0.008971541188657284
-1,-1,-1,-1,1,1,1,1,1,1,1,1,1,1,-1,1,-1,-1,-1,-1,0.008971535600721836
-1,-1,-1,1,-1,-1,-1,-1,-1,-1,-1,-1,-1,1,1,-1,-1,-1,1,-1,0.008971446193754673
-1,-1,-1,1,-1,-1,-1,-1,-1,-1,-1,-1,1,-1,1,-1,-1,1,1,-1,0.008971069008111954
-1,-1,-1,1,-1,-1,-1,-1,-1,-1,-1,1,-1,-1,1,-1,1,-1,1,-1,0.008971152827143669
-1,-1,-1,1,-1,-1,-1,-1,-1,-1,-1,1,-1,1,-1,1,-1,1,-1,-1,0.008972237817943096
-1,-1,-1,1,-1,-1,-1,-1,-1,-1,-1,1,1,1,-1,-1,-1,1,-1,1,0.00897240824997425
-1,-1,-1,1,-1,-1,-1,-1,-1,-1,1,-1,1,1,1,-1,1,-1,1,-1,0.008970880880951881
-1,-1,-1,1,-1,-1,-1,-1,-1,-1,1,1,-1,1,-1,-1,-1,-1,1,1,0.008972479961812496
-1,-1,-1,1,-1,-1,-1,-1,-1,1,-1,1,-1,1,-1,-1,-1,-1,1,-1,0.008972124196588993
-1,-1,-1,1,-1,-1,-1,-1,-1,1,-1,1,-1,1,-1,1,-1,-1,-1,-1,0.00897223874926567
-1,-1,-1,1,-1,-1,-1,-1,-1,1,-1,1,-1,1,1,1,-1,1,-1,1,0.008972234092652798
-1,-1,-1,1,-1,-1,-1,-1,-1,1,-1,1,1,-1,-1,-1,1,1,1,1,0.008971905335783958
-1,-1,-1,1,-1,-1,-1,-1,-1,1,-1,1,1,-1,1,1,1,1,1,1,0.008971304632723331
-1,-1,-1,1,-1,-1,-1,-1,-1,1,-1,1,1,1,1,1,1,1,1,1,0.008971428498625755
-1,-1,-1,1,-1,-1,-1,-1,-1,1,1,1,1,-1,1,-1,1,-1,1,-1,0.008970930241048336
-1,-1,-1,1,-1,-1,-1,-1,-1,1,1,1,1,1,-1,-1,-1,-1,-1,1,0.008972438983619213
-1,-1,-1,1,-1,-1,-1,-1,1,-1,-1,-1,1,-1,-1,-1,-1,-1,-1,-1,0.008971798233687878
-1,-1,-1,1,-1,-1,-1,-1,1,-1,-1,-1,1,-1,-1,1,1,1,1,1,0.008971735835075378
-1,-1,-1,1,-1,-1,-1,-1,1,-1,-1,-1,1,1,-1,-1,-1,-1,1,1,0.008972125127911568
-1,-1,-1,1,-1,-1,-1,-1,1,-1,-1,-1,1,1,-1,-1,1,-1,1,-1,0.008971456438302994
-1,-1,-1,1,-1,-1,-1,-1,1,-1,-1,-1,1,1,-1,-1,1,1,-1,1,0.00897216610610485
-1,-1,-1,1,-1,-1,-1,-1,1,-1,-1,1,-1,1,1,-1,1,1,1,-1,0.008971462957561016
-1,-1,-1,1,-1,-1,-1,-1,1,-1,-1,1,1,1,1,-1,-1,1,-1,-1,0.008971589617431164
-1,-1,-1,1,-1,-1,-1,-1,1,-1,1,-1,-1,1,1,1,-1,-1,1,1,0.008971893228590488
-1,-1,-1,1,-1,-1,-1,-1,1,-1,1,-1,1,-1,-1,-1,-1,1,1,-1,0.008971703238785267
-1,-1,-1,1,-1,-1,-1,-1,1,-1,1,-1,1,-1,-1,-1,1,-1,1,-1,0.008971361443400383
-1,-1,-1,1,-1,-1,-1,-1,1,-1,1,-1,1,-1,1,1,-1,1,1,-1,0.00897110253572464
-1,-1,-1,1,-1,-1,-1,-1,1,-1,1,-1,1,-1,1,1,1,1,1,1,0.008971260860562325
-1,-1,-1,1,-1,-1,-1,-1,1,-1,1,1,1,-1,-1,1,1,-1,-1,1,0.008971975184977055
-1,-1,-1,1,-1,-1,-1,-1,1,1,-1,-1,-1,-1,1,1,-1,-1,-1,1,0.008972037583589554
-1,-1,-1,1,-1,-1,-1,-1,1,1,-1,-1,-1,1,-1,-1,-1,-1,1,-1,0.008972138166427612
-1,-1,-1,1,-1,-1,-1,-1,1,1,-1,-1,1,1,-1,1,1,1,-1,1,0.008972156792879105
-1,-1,-1,1,-1,-1,-1,-1,1,1,-1,1,1,-1,1,1,1,1,-1,-1,0.00897120125591755
-1,-1,-1,1,-1,-1,-1,-1,1,1,-1,1,1,1,1,1,1,-1,1,-1,0.008971028961241245
-1,-1,-1,1,-1,-1,-1,-1,1,1,1,-1,1,-1,1,-1,-1,1,-1,1,0.008971909992396832
-1,-1,-1,1,-1,-1,-1,-1,1,1,1,-1,1,1,1,-1,1,1,-1,1,0.00897177867591381
-1,-1,-1,1,-1,-1,-1,-1,1,1,1,-1,1,1,1,1,-1,1,1,-1,0.008971313945949078
-1,-1,-1,1,-1,-1,-1,-1,1,1,1,1,-1,-1,1,1,1,1,-1,1,0.008971983566880226
-1,-1,-1,1,-1,-1,-1,-1,1,1,1,1,-1,1,1,1,1,-1,-1,-1,0.008971607312560081
-1,-1,-1,1,-1,-1,-1,1,-1,-1,-1,-1,-1,-1,1,1,1,1,1,-1,0.008971408940851688
-1,-1,-1,1,-1,-1,-1,1,-1,-1,-1,-1,-1,1,-1,1,1,1,-1,-1,0.008972247131168842
-1,-1,-1,1,-1,-1,-1,1,-1,-1,-1,-1,1,-1,-1,-1,-1,1,-1,1,0.008972549811005592
-1,-1,-1,1,-1,-1,-1,1,-1,-1,-1,-1,1,-1,-1,-1,-1,1,1,1,0.00897233933210373
-1,-1,-1,1,-1,-1,-1,1,-1,-1,-1,-1,1,-1,-1,1,-1,1,-1,-1,0.008972040377557278
-1,-1,-1,1,-1,-1,-1,1,-1,-1,-1,-1,1,-1,1,1,-1,1,-1,1,0.008971949107944965
-1,-1,-1,1,-1,-1,-1,1,-1,-1,-1,-1,1,1,1,-1,1,-1,1,-1,0.008971204049885273
-1,-1,-1,1,-1,-1,-1,1,-1,-1,-1,1,-1,-1,-1,-1,1,1,1,1,0.008972509764134884
-1,-1,-1,1,-1,-1,-1,1,-1,-1,-1,1,1,-1,1,-1,1,1,-1,1,0.008971876464784145
-1,-1,-1,1,-1,-1,-1,1,-1,-1,1,-1,-1,1,1,-1,-1,1,-1,-1,0.008972124196588993
-1,-1,-1,1,-1,-1,-1,1,-1,-1,1,-1,1,-1,-1,1,-1,1,1,-1,0.008971858769655228
-1,-1,-1,1,-1,-1,-1,1,-1,-1,1,-1,1,1,-1,-1,-1,1,-1,1,0.008972703479230404
-1,-1,-1,1,-1,-1,-1,1,-1,-1,1,1,-1,-1,-1,-1,-1,1,-1,1,0.00897300522774458
-1,-1,-1,1,-1,-1,-1,1,-1,-1,1,1,-1,1,1,1,1,1,1,-1,0.008971648290753365
-1,-1,-1,1,-1,-1,-1,1,-1,-1,1,1,1,-1,1,1,-1,-1,-1,-1,0.008971565403044224
-1,-1,-1,1,-1,-1,-1,1,-1,1,-1,-1,-1,-1,-1,1,1,1,-1,-1,0.008972210809588432
-1,-1,-1,1,-1,-1,-1,1,-1,1,-1,-1,-1,-1,1,1,-1,-1,1,1,0.008972079493105412
-1,-1,-1,1,-1,-1,-1,1,-1,1,-1,1,-1,-1,-1,-1,1,1,1,1,0.008972597308456898
-1,-1,-1,1,-1,-1,-1,1,-1,1,-1,1,1,-1,1,1,1,-1,-1,1,0.008971781469881535
-1,-1,-1,1,-1,-1,-1,1,-1,1,1,-1,-1,1,1,1,1,-1,1,1,0.008971977047622204
-1,-1,-1,1,-1,-1,-1,1,-1,1,1,1,-1,-1,-1,-1,1,-1,-1,-1,0.008972336538136005
-1,-1,-1,1,-1,-1,-1,1,-1,1,1,1,-1,1,1,-1,-1,-1,1,1,0.008972414769232273
-1,-1,-1,1,-1,-1,-1,1,-1,1,1,1,1,1,-1,-1,-1,-1,-1,1,0.008972791023552418
-1,-1,-1,1,-1,-1,-1,1,1,-1,-1,-1,-1,-1,1,1,-1,-1,1,-1,0.008971678093075752
-1,-1,-1,1,-1,-1,-1,1,1,-1,-1,-1,-1,1,-1,1,-1,1,1,1,0.008972806856036186
-1,-1,-1,1,-1,-1,-1,1,1,-1,-1,-1,1,-1,1,-1,1,-1,1,-1,0.008971179835498333
-1,-1,-1,1,-1,-1,-1,1,1,-1,-1,-1,1,1,1,1,1,-1,-1,1,0.00897183082997799
-1,-1,-1,1,-1,-1,-1,1,1,-1,-1,1,-1,-1,-1,1,1,-1,1,1,0.008972426876425743
-1,-1,-1,1,-1,-1,-1,1,1,-1,-1,1,-1,1,-1,1,-1,1,1,-1,0.008972479030489922
-1,-1,-1,1,-1,-1,-1,1,1,-1,-1,1,1,1,-1,1,-1,-1,-1,1,0.00897267833352089
-1,-1,-1,1,-1,-1,-1,1,1,-1,1,-1,-1,-1,-1,-1,-1,-1,-1,1,0.00897293258458376
-1,-1,-1,1,-1,-1,-1,1,1,-1,1,-1,1,-1,-1,1,-1,-1,-1,-1,0.00897208321839571
-1,-1,-1,1,-1,-1,-1,1,1,-1,1,1,-1,-1,1,1,-1,-1,-1,1,0.008972417563199997
-1,-1,-1,1,-1,-1,-1,1,1,1,-1,1,-1,-1,1,-1,1,-1,-1,1,0.008972316049039364
-1,-1,-1,1,-1,-1,-1,1,1,1,-1,1,-1,-1,1,1,1,-1,1,1,0.008972009643912315
-1,-1,-1,1,-1,-1,-1,1,1,1,-1,1,-1,1,-1,1,1,1,1,-1,0.00897231139242649
-1,-1,-1,1,-1,-1,-1,1,1,1,-1,1,-1,1,1,1,1,-1,-1,-1,0.008971930481493473
-1,-1,-1,1,-1,-1,-1,1,1,1,1,-1,-1,-1,1,-1,-1,1,1,1,0.008972390554845333
-1,-1,-1,1,-1,-1,-1,1,1,1,1,-1,-1,-1,1,1,-1,-1,-1,1,0.008972418494522572
-1,-1,-1,1,-1,-1,-1,1,1,1,1,-1,-1,-1,1,1,1,-1,-1,-1,0.008971749804913998
-1,-1,-1,1,-1,-1,-1,1,1,1,1,-1,1,-1,-1,1,-1,1,1,-1,0.0089720468968153
-1,-1,-1,1,-1,-1,-1,1,1,1,1,-1,1,1,1,1,1,-1,1,1,0.008971737697720528
-1,-1,-1,1,-1,-1,-1,1,1,1,1,1,-1,-1,1,-1,-1,-1,-1,-1,0.008972187526524067
-1,-1,-1,1,-1,-1,-1,1,1,1,1,1,-1,1,-1,1,-1,1,1,1,0.008973009884357452
-1,-1,-1,1,-1,-1,-1,1,1,1,1,1,1,-1,-1,1,-1,-1,-1,-1,0.008972257375717163
-1,-1,-1,1,-1,-1,-1,1,1,1,1,1,1,-1,1,1,-1,-1,1,1,0.008971955627202988
-1,-1,-1,1,-1,-1,-1,1,1,1,1,1,1,1,-1,-1,1,1,-1,-1,0.008972307667136192
-1,-1,-1,1,-1,-1,-1,1,1,1,1,1,1,1,-1,-1,1,1,-1,1,0.008972721174359322
-1,-1,-1,1,-1,-1,1,-1,-1,-1,-1,1,-1,1,-1,1,-1,-1,1,1,0.008972369134426117
-1,-1,-1,1,-1,-1,1,-1,-1,-1,1,1,-1,-1,1,-1,1,-1,1,1,0.00897161103785038
-1,-1,-1,1,-1,-1,1,-1,-1,-1,1,1,-1,1,-1,1,1,-1,-1,1,0.008972353301942348
-1,-1,-1,1,-1,-1,1,-1,-1,-1,1,1,1,-1,-1,1,-1,1,1,1,0.008972021751105785
-1,-1,-1,1,-1,-1,1,-1,-1,-1,1,1,1,1,1,-1,1,-1,1,-1,0.008970982395112514
-1,-1,-1,1,-1,-1,1,-1,-1,1,-1,-1,-1,-1,1,1,-1,-1,-1,-1,0.00897153839468956
-1,-1,-1,1,-1,-1,1,-1,-1,1,-1,-1,1,1,-1,1,1,-1,1,-1,0.008971362374722958
-1,-1,-1,1,-1,-1,1,-1,-1,1,-1,-1,1,1,1,-1,-1,-1,-1,-1,0.00897141918540001
-1,-1,-1,1,-1,-1,1,-1,-1,1,1,-1,-1,1,-1,-1,-1,1,-1,-1,0.008972378447651863
-1,-1,-1,1,-1,-1,1,-1,-1,1,1,-1,1,1,1,1,-1,1,1,-1,0.008971228264272213
-1,-1,-1,1,-1,-1,1,-1,-1,1,1,-1,1,1,1,1,1,1,1,-1,0.008970973081886768
-1,-1,-1,1,-1,-1,1,-1,1,-1,-1,-1,-1,-1,-1,-1,1,1,1,1,0.008972185663878918
-1,-1,-1,1,-1,-1,1,-1,1,-1,-1,-1,-1,1,1,-1,1,-1,1,-1,0.008971305564045906
-1,-1,-1,1,-1,-1,1,-1,1,-1,-1,1,-1,1,-1,-1,1,-1,1,1,0.008972310461103916
-1,-1,-1,1,-1,-1,1,-1,1,-1,-1,1,-1,1,1,1,-1,1,-1,-1,0.008971847593784332
-1,-1,-1,1,-1,-1,1,-1,1,-1,-1,1,1,1,-1,1,1,-1,1,1,0.008971874602138996
-1,-1,-1,1,-1,-1,1,-1,1,-1,-1,1,1,1,1,-1,1,-1,-1,-1,0.008971262723207474
-1,-1,-1,1,-1,-1,1,-1,1,-1,1,-1,1,-1,-1,-1,-1,1,-1,-1,0.008971928618848324
-1,-1,-1,1,-1,-1,1,-1,1,-1,1,1,-1,-1,1,1,-1,1,-1,1,0.008972167037427425
-1,-1,-1,1,-1,-1,1,-1,1,-1,1,1,-1,1,1,-1,-1,-1,1,-1,0.008971677161753178
-1,-1,-1,1,-1,-1,1,-1,1,-1,1,1,1,-1,1,1,-1,-1,-1,1,0.008971741423010826
-1,-1,-1,1,-1,-1,1,-1,1,-1,1,1,1,1,-1,1,1,-1,1,1,0.008971904404461384
-1,-1,-1,1,-1,-1,1,-1,1,1,-1,-1,-1,-1,-1,-1,1,-1,1,-1,0.008971773087978363
-1,-1,-1,1,-1,-1,1,-1,1,1,-1,1,-1,1,1,-1,1,1,1,1,0.008971978910267353
-1,-1,-1,1,-1,-1,1,-1,1,1,-1,1,1,1,1,-1,1,-1,-1,-1,0.008971350267529488
-1,-1,-1,1,-1,-1,1,-1,1,1,1,-1,-1,1,-1,1,-1,-1,-1,-1,0.008972296491265297
-1,-1,-1,1,-1,-1,1,-1,1,1,1,-1,-1,1,-1,1,1,-1,1,-1,0.00897183082997799
-1,-1,-1,1,-1,-1,1,-1,1,1,1,-1,1,-1,-1,1,1,1,-1,-1,0.008971664123237133
-1,-1,-1,1,-1,-1,1,-1,1,1,1,-1,1,1,-1,-1,1,1,-1,-1,0.008971883915364742
-1,-1,-1,1,-1,-1,1,-1,1,1,1,1,-1,-1,1,-1,1,1,-1,1,0.008972094394266605
-1,-1,-1,1,-1,-1,1,-1,1,1,1,1,-1,1,1,-1,1,-1,1,-1,0.008971508592367172
-1,-1,-1,1,-1,-1,1,1,-1,-1,-1,-1,-1,1,-1,1,-1,1,1,-1,0.008972307667136192
-1,-1,-1,1,-1,-1,1,1,-1,-1,-1,-1,1,-1,1,-1,1,1,-1,1,0.0089718047529459
-1,-1,-1,1,-1,-1,1,1,-1,-1,-1,-1,1,1,1,1,-1,1,1,-1,0.00897146388888359
-1,-1,-1,1,-1,-1,1,1,-1,-1,-1,-1,1,1,1,1,1,-1,1,-1,0.008971122093498707
-1,-1,-1,1,-1,-1,1,1,-1,-1,1,-1,1,-1,-1,-1,1,1,1,1,0.008972127921879292
-1,-1,-1,1,-1,-1,1,1,-1,-1,1,-1,1,-1,1,-1,-1,-1,1,1,0.008971793577075005
-1,-1,-1,1,-1,-1,1,1,-1,-1,1,1,-1,1,1,-1,-1,1,-1,-1,0.008972225710749626
-1,-1,-1,1,-1,-1,1,1,-1,-1,1,1,1,-1,-1,1,-1,1,-1,1,0.008972584269940853
-1,-1,-1,1,-1,-1,1,1,-1,1,-1,1,1,-1,-1,-1,-1,1,-1,1,0.00897273886948824
-1,-1,-1,1,-1,-1,1,1,-1,1,-1,1,1,-1,-1,1,-1,-1,1,-1,0.008971932344138622
-1,-1,-1,1,-1,-1,1,1,-1,1,-1,1,1,-1,1,-1,1,-1,1,-1,0.008971268311142921
-1,-1,-1,1,-1,-1,1,1,-1,1,1,-1,-1,-1,-1,1,-1,1,1,1,0.008972713723778725
-1,-1,-1,1,-1,-1,1,1,-1,1,1,1,-1,-1,-1,1,1,-1,1,1,0.00897245854139328
-1,-1,-1,1,-1,-1,1,1,-1,1,1,1,1,1,-1,1,-1,1,1,1,0.008972585201263428
-1,-1,-1,1,-1,-1,1,1,1,-1,-1,-1,-1,1,-1,1,1,1,-1,1,0.008972776122391224
-1,-1,-1,1,-1,-1,1,1,1,-1,-1,-1,1,1,1,-1,1,1,-1,1,0.008972028270363808
-1,-1,-1,1,-1,-1,1,1,1,-1,-1,1,-1,1,-1,-1,-1,1,-1,-1,0.008972800336778164
-1,-1,-1,1,-1,-1,1,1,1,-1,-1,1,-1,1,1,-1,1,-1,-1,-1,0.008971953764557838
-1,-1,-1,1,-1,-1,1,1,1,-1,-1,1,1,-1,-1,1,1,-1,1,-1,0.008971689268946648
-1,-1,-1,1,-1,-1,1,1,1,-1,-1,1,1,-1,1,1,-1,1,1,1,0.00897193979471922
-1,-1,-1,1,-1,-1,1,1,1,-1,-1,1,1,1,1,1,1,-1,-1,-1,0.008971518836915493
-1,-1,-1,1,-1,-1,1,1,1,-1,1,-1,1,1,-1,-1,1,-1,-1,-1,0.008972062729299068
-1,-1,-1,1,-1,-1,1,1,1,-1,1,-1,1,1,1,-1,1,1,-1,1,0.008972058072686195
-1,-1,-1,1,-1,-1,1,1,1,-1,1,1,-1,-1,1,1,1,-1,-1,-1,0.008971763774752617
-1,-1,-1,1,-1,-1,1,1,1,-1,1,1,-1,1,1,-1,1,-1,-1,-1,0.008971983566880226
-1,-1,-1,1,-1,-1,1,1,1,-1,1,1,1,1,-1,1,-1,1,1,-1,0.008972184732556343
-1,-1,-1,1,-1,-1,1,1,1,-1,1,1,1,1,1,1,1,-1,1,-1,0.008971338160336018
-1,-1,-1,1,-1,-1,1,1,1,1,-1,-1,-1,1,1,-1,1,-1,-1,1,0.008972369134426117
-1,-1,-1,1,-1,-1,1,1,1,1,-1,1,-1,-1,-1,1,-1,1,1,1,0.008972871117293835
-1,-1,-1,1,-1,-1,1,1,1,1,-1,1,-1,1,-1,-1,1,1,1,-1,0.00897242221981287
-1,-1,-1,1,-1,-1,1,1,1,1,-1,1,-1,1,-1,1,1,1,-1,-1,0.008972535841166973
-1,-1,-1,1,-1,-1,1,1,1,1,-1,1,1,-1,-1,1,1,1,-1,1,0.008972486481070518
-1,-1,-1,1,-1,-1,1,1,1,1,-1,1,1,1,-1,-1,1,-1,-1,-1,0.008972207084298134
-1,-1,-1,1,-1,-1,1,1,1,1,-1,1,1,1,1,-1,1,1,1,1,0.008971991948783398
-1,-1,-1,1,-1,-1,1,1,1,1,1,-1,1,-1,-1,1,1,-1,1,1,0.00897213350981474
-1,-1,-1,1,-1,-1,1,1,1,1,1,1,1,1,-1,-1,1,1,-1,1,0.008972736075520515
-1,-1,-1,1,-1,1,-1,-1,-1,-1,-1,-1,1,1,-1,1,-1,-1,-1,1,0.008972050622105598
-1,-1,-1,1,-1,1,-1,-1,-1,-1,-1,1,-1,-1,1,-1,1,-1,-1,1,0.008971688337624073
-1,-1,-1,1,-1,1,-1,-1,-1,-1,1,-1,1,1,1,-1,1,1,1,1,0.008971291594207287
-1,-1,-1,1,-1,1,-1,-1,-1,-1,1,1,-1,-1,-1,-1,1,1,-1,-1,0.008971895091235638
-1,-1,-1,1,-1,1,-1,-1,-1,-1,1,1,1,-1,-1,1,-1,-1,1,1,0.008971831761300564
-1,-1,-1,1,-1,1,-1,-1,-1,1,-1,-1,1,1,-1,1,-1,1,1,1,0.008972014300525188
-1,-1,-1,1,-1,1,-1,-1,-1,1,1,-1,-1,-1,-1,-1,1,-1,-1,1,0.008972222916781902
-1,-1,-1,1,-1,1,-1,-1,-1,1,1,-1,-1,1,-1,1,-1,1,1,-1,0.008971968665719032
-1,-1,-1,1,-1,1,-1,-1,-1,1,1,-1,1,-1,-1,-1,1,1,-1,-1,0.008971556089818478
-1,-1,-1,1,-1,1,-1,-1,-1,1,1,-1,1,-1,-1,1,1,-1,1,-1,0.008971164003014565
-1,-1,-1,1,-1,1,-1,-1,-1,1,1,-1,1,1,-1,-1,-1,-1,-1,1,0.008972263894975185
-1,-1,-1,1,-1,1,-1,-1,-1,1,1,-1,1,1,1,1,-1,1,-1,1,0.008971748873591423
-1,-1,-1,1,-1,1,-1,-1,1,-1,-1,-1,-1,-1,1,1,-1,1,1,1,0.008971736766397953
-1,-1,-1,1,-1,1,-1,-1,1,-1,-1,-1,1,-1,1,-1,-1,1,1,1,0.008971494622528553
-1,-1,-1,1,-1,1,-1,-1,1,-1,-1,-1,1,1,-1,-1,1,1,1,1,0.0089718671515584
-1,-1,-1,1,-1,1,-1,-1,1,-1,-1,-1,1,1,-1,1,1,1,-1,-1,0.008971567265689373
-1,-1,-1,1,-1,1,-1,-1,1,-1,-1,1,1,1,-1,1,-1,1,-1,1,0.00897232349961996
-1,-1,-1,1,-1,1,-1,-1,1,-1,1,-1,-1,1,-1,-1,-1,-1,1,-1,0.008971991017460823
-1,-1,-1,1,-1,1,-1,-1,1,-1,1,-1,1,1,1,-1,1,-1,1,1,0.008971305564045906
-1,-1,-1,1,-1,1,-1,-1,1,-1,1,1,-1,1,-1,1,1,-1,-1,-1,0.00897193606942892
-1,-1,-1,1,-1,1,-1,-1,1,-1,1,1,1,1,-1,-1,1,1,-1,-1,0.008971779607236385
-1,-1,-1,1,-1,1,-1,-1,1,1,-1,-1,-1,-1,1,1,1,-1,1,-1,0.008971069008111954
-1,-1,-1,1,-1,1,-1,-1,1,1,-1,-1,1,-1,1,-1,-1,-1,-1,-1,0.008971291594207287
-1,-1,-1,1,-1,1,-1,-1,1,1,-1,-1,1,1,-1,-1,1,1,-1,-1,0.008971750736236572
-1,-1,-1,1,-1,1,-1,-1,1,1,-1,-1,1,1,1,1,-1,-1,-1,-1,0.008971319533884525
-1,-1,-1,1,-1,1,-1,-1,1,1,-1,1,-1,-1,-1,-1,1,-1,1,-1,0.00897175632417202
-1,-1,-1,1,-1,1,-1,-1,1,1,-1,1,-1,-1,-1,1,-1,1,-1,1,0.00897262617945671
-1,-1,-1,1,-1,1,-1,-1,1,1,-1,1,-1,-1,1,1,-1,-1,-1,-1,0.0089716212823987
-1,-1,-1,1,-1,1,-1,-1,1,1,1,-1,-1,1,-1,-1,-1,-1,1,-1,0.008972078561782837
-1,-1,-1,1,-1,1,-1,-1,1,1,1,-1,-1,1,1,1,-1,1,1,-1,0.00897156447172165
-1,-1,-1,1,-1,1,-1,-1,1,1,1,1,-1,1,-1,-1,-1,1,1,-1,0.008972251787781715
-1,-1,-1,1,-1,1,-1,-1,1,1,1,1,1,-1,-1,-1,1,-1,1,-1,0.008971446193754673
-1,-1,-1,1,-1,1,-1,-1,1,1,1,1,1,-1,1,1,1,1,-1,-1,0.008971141651272774
-1,-1,-1,1,-1,1,-1,-1,1,1,1,1,1,1,1,1,-1,1,1,-1,0.008971311151981354
-1,-1,-1,1,-1,1,-1,1,-1,-1,-1,-1,1,-1,1,-1,1,1,-1,1,0.008971701376140118
-1,-1,-1,1,-1,1,-1,1,-1,-1,-1,1,-1,-1,-1,-1,1,1,-1,-1,0.008972217328846455
-1,-1,-1,1,-1,1,-1,1,-1,-1,-1,1,-1,-1,1,1,1,1,-1,-1,0.008971616625785828
-1,-1,-1,1,-1,1,-1,1,-1,-1,-1,1,-1,1,-1,-1,1,1,1,1,0.00897254515439272
-1,-1,-1,1,-1,1,-1,1,-1,-1,-1,1,-1,1,1,1,-1,1,-1,-1,0.00897199660539627
-1,-1,-1,1,-1,1,-1,1,-1,-1,1,-1,-1,-1,-1,1,1,-1,-1,1,0.008972391486167908
-1,-1,-1,1,-1,1,-1,1,-1,-1,1,-1,-1,-1,1,-1,-1,1,-1,1,0.00897232536226511
-1,-1,-1,1,-1,1,-1,1,-1,-1,1,-1,-1,-1,1,-1,1,1,1,1,0.008971858769655228
-1,-1,-1,1,-1,1,-1,1,-1,-1,1,-1,-1,-1,1,1,-1,-1,-1,-1,0.008971729315817356
-1,-1,-1,1,-1,1,-1,1,-1,-1,1,-1,-1,-1,1,1,1,1,1,1,0.008971762843430042
-1,-1,-1,1,-1,1,-1,1,-1,-1,1,-1,-1,1,-1,-1,-1,1,-1,-1,0.008972539566457272
-1,-1,-1,1,-1,1,-1,1,-1,-1,1,1,1,-1,1,1,1,-1,-1,1,0.008971634320914745
-1,-1,-1,1,-1,1,-1,1,-1,-1,1,1,1,1,1,1,1,1,-1,-1,0.00897143129259348
-1,-1,-1,1,-1,1,-1,1,-1,1,-1,-1,1,-1,-1,-1,-1,1,-1,1,0.008972548879683018
-1,-1,-1,1,-1,1,-1,1,-1,1,-1,1,-1,-1,-1,-1,-1,1,1,-1,0.008972350507974625
-1,-1,-1,1,-1,1,-1,1,-1,1,-1,1,-1,1,1,1,1,-1,1,1,0.008971945382654667
-1,-1,-1,1,-1,1,-1,1,-1,1,1,-1,1,1,-1,-1,1,1,-1,1,0.00897244643419981
-1,-1,-1,1,-1,1,-1,1,-1,1,1,1,1,-1,-1,1,1,-1,1,-1,0.008971602655947208
-1,-1,-1,1,-1,1,-1,1,-1,1,1,1,1,-1,1,-1,1,1,-1,1,0.008971904404461384
-1,-1,-1,1,-1,1,-1,1,-1,1,1,1,1,1,-1,1,-1,-1,-1,1,0.00897260569036007
-1,-1,-1,1,-1,1,-1,1,-1,1,1,1,1,1,-1,1,-1,-1,1,1,0.008972395211458206
-1,-1,-1,1,-1,1,-1,1,-1,1,1,1,1,1,1,-1,1,1,1,1,0.008971817791461945
-1,-1,-1,1,-1,1,-1,1,1,-1,-1,-1,-1,-1,1,-1,-1,-1,1,1,0.008972099050879478
-1,-1,-1,1,-1,1,-1,1,1,-1,-1,-1,1,-1,-1,-1,1,1,1,1,0.00897209532558918
-1,-1,-1,1,-1,1,-1,1,1,-1,-1,-1,1,-1,-1,1,-1,1,-1,1,0.008972465060651302
-1,-1,-1,1,-1,1,-1,1,1,-1,-1,-1,1,-1,1,-1,1,-1,-1,1,0.008971714414656162
-1,-1,-1,1,-1,1,-1,1,1,-1,-1,1,1,1,1,1,1,1,-1,-1,0.008971501141786575
-1,-1,-1,1,-1,1,-1,1,1,-1,1,-1,-1,-1,-1,-1,-1,-1,1,-1,0.008972219191491604
-1,-1,-1,1,-1,1,-1,1,1,-1,1,-1,-1,-1,1,-1,1,-1,-1,1,0.00897208321839571
-1,-1,-1,1,-1,1,-1,1,1,-1,1,-1,-1,1,1,1,-1,1,-1,-1,0.008972039446234703
-1,-1,-1,1,-1,1,-1,1,1,-1,1,-1,1,1,1,1,-1,1,-1,-1,0.008971700444817543
-1,-1,-1,1,-1,1,-1,1,1,-1,1,1,-1,1,1,-1,1,-1,-1,1,0.008972293697297573
-1,-1,-1,1,-1,1,-1,1,1,-1,1,1,-1,1,1,1,-1,-1,1,-1,0.00897182896733284
-1,-1,-1,1,-1,1,-1,1,1,-1,1,1,1,1,1,-1,1,-1,-1,1,0.008971954695880413
-1,-1,-1,1,-1,1,-1,1,1,1,-1,-1,-1,-1,1,-1,-1,-1,-1,1,0.008972397074103355
-1,-1,-1,1,-1,1,-1,1,1,1,-1,-1,1,1,-1,-1,-1,-1,-1,1,0.00897268671542406
-1,-1,-1,1,-1,1,-1,1,1,1,-1,1,1,-1,1,-1,1,1,1,-1,0.008971351198852062
-1,-1,-1,1,-1,1,-1,1,1,1,-1,1,1,-1,1,1,-1,1,-1,1,0.008972134441137314
-1,-1,-1,1,-1,1,-1,1,1,1,1,-1,1,-1,-1,1,-1,-1,-1,-1,0.00897208135575056
-1,-1,-1,1,-1,1,-1,1,1,1,1,-1,1,-1,1,-1,1,-1,1,-1,0.008971207775175571
-1,-1,-1,1,-1,1,-1,1,1,1,1,1,-1,-1,1,1,-1,1,-1,-1,0.008972088806331158
-1,-1,-1,1,-1,1,1,-1,-1,-1,-1,-1,-1,-1,-1,-1,-1,-1,1,1,0.008972167037427425
-1,-1,-1,1,-1,1,1,-1,-1,-1,-1,-1,-1,1,-1,-1,-1,-1,-1,-1,0.008972086943686008
-1,-1,-1,1,-1,1,1,-1,-1,-1,-1,1,-1,1,-1,-1,1,1,1,1,0.008972208015620708
-1,-1,-1,1,-1,1,1,-1,-1,-1,-1,1,-1,1,-1,1,1,-1,1,1,0.008972025476396084
-1,-1,-1,1,-1,1,1,-1,-1,-1,-1,1,1,1,-1,1,-1,1,1,-1,0.008971613831818104
-1,-1,-1,1,-1,1,1,-1,-1,-1,1,-1,-1,1,-1,1,1,1,1,1,0.008972054347395897
-1,-1,-1,1,-1,1,1,-1,-1,1,-1,-1,-1,1,-1,-1,-1,1,1,-1,0.008972050622105598
-1,-1,-1,1,-1,1,1,-1,-1,1,-1,-1,-1,1,1,1,-1,1,1,-1,0.008971449919044971
-1,-1,-1,1,-1,1,1,-1,-1,1,-1,-1,1,1,-1,-1,1,1,1,-1,0.00897145550698042
-1,-1,-1,1,-1,1,1,-1,-1,1,-1,1,-1,-1,-1,-1,1,1,1,1,0.008972170762717724
-1,-1,-1,1,-1,1,1,-1,-1,1,-1,1,1,1,-1,-1,-1,1,1,1,0.008972211740911007
-1,-1,-1,1,-1,1,1,-1,-1,1,1,-1,-1,-1,1,1,-1,-1,-1,-1,0.008971478790044785
-1,-1,-1,1,-1,1,1,-1,-1,1,1,-1,-1,1,-1,1,-1,1,1,1,0.008972397074103355
-1,-1,-1,1,-1,1,1,-1,-1,1,1,-1,1,1,1,-1,-1,-1,-1,1,0.008971774019300938
-1,-1,-1,1,-1,1,1,-1,-1,1,1,1,-1,-1,1,1,-1,-1,1,-1,0.00897135492414236
-1,-1,-1,1,-1,1,1,-1,-1,1,1,1,1,-1,1,1,1,1,1,1,0.00897125992923975
-1,-1,-1,1,-1,1,1,-1,-1,1,1,1,1,1,-1,1,-1,1,1,-1,0.008971731178462505
-1,-1,-1,1,-1,1,1,-1,1,-1,-1,-1,-1,-1,1,1,-1,1,1,1,0.008971751667559147
-1,-1,-1,1,-1,1,1,-1,1,-1,-1,1,-1,-1,1,-1,1,1,-1,-1,0.00897147599607706
-1,-1,-1,1,-1,1,1,-1,1,-1,-1,1,-1,1,-1,-1,1,-1,-1,-1,0.008972018025815487
-1,-1,-1,1,-1,1,1,-1,1,-1,-1,1,-1,1,1,-1,-1,1,-1,-1,0.00897185504436493
-1,-1,-1,1,-1,1,1,-1,1,-1,-1,1,1,1,-1,-1,-1,-1,1,-1,0.008971723727881908
-1,-1,-1,1,-1,1,1,-1,1,-1,1,-1,-1,-1,1,1,-1,-1,-1,1,0.008971905335783958
-1,-1,-1,1,-1,1,1,-1,1,-1,1,-1,-1,1,-1,1,-1,1,1,1,0.0089724101126194
-1,-1,-1,1,-1,1,1,-1,1,-1,1,-1,-1,1,1,-1,-1,-1,1,-1,0.00897150207310915
-1,-1,-1,1,-1,1,1,-1,1,-1,1,-1,1,-1,1,1,1,-1,1,-1,0.008970686234533787
-1,-1,-1,1,-1,1,1,-1,1,-1,1,-1,1,1,1,-1,1,-1,1,-1,0.00897090695798397
-1,-1,-1,1,-1,1,1,-1,1,1,-1,-1,-1,-1,-1,-1,-1,-1,-1,1,0.008972563780844212
-1,-1,-1,1,-1,1,1,-1,1,1,-1,-1,-1,-1,-1,1,-1,-1,1,-1,0.008971843868494034
-1,-1,-1,1,-1,1,1,-1,1,1,-1,1,-1,-1,-1,1,-1,-1,-1,1,0.008972554467618465
-1,-1,-1,1,-1,1,1,-1,1,1,-1,1,-1,-1,-1,1,-1,-1,1,1,0.008972343988716602
-1,-1,-1,1,-1,1,1,-1,1,1,-1,1,1,-1,-1,-1,1,-1,-1,1,0.008972056210041046
-1,-1,-1,1,-1,1,1,-1,1,1,-1,1,1,1,-1,1,1,-1,-1,-1,0.00897166971117258
-1,-1,-1,1,-1,1,1,-1,1,1,1,-1,-1,-1,1,-1,-1,1,-1,-1,0.008971761912107468
-1,-1,-1,1,-1,1,1,-1,1,1,1,-1,1,1,-1,1,1,1,-1,-1,0.008971698582172394
-1,-1,-1,1,-1,1,1,-1,1,1,1,-1,1,1,1,1,1,-1,1,1,0.008971312083303928
-1,-1,-1,1,-1,1,1,-1,1,1,1,1,-1,-1,-1,1,1,-1,-1,-1,0.008971914649009705
-1,-1,-1,1,-1,1,1,-1,1,1,1,1,1,-1,1,-1,-1,-1,1,1,0.008971625939011574
-1,-1,-1,1,-1,1,1,1,-1,-1,-1,-1,1,-1,-1,1,-1,1,-1,1,0.008972379378974438
-1,-1,-1,1,-1,1,1,1,-1,-1,-1,1,-1,-1,1,-1,-1,1,1,-1,0.008971773087978363
-1,-1,-1,1,-1,1,1,1,-1,-1,1,1,1,-1,-1,1,-1,1,-1,1,0.008972495794296265
-1,-1,-1,1,-1,1,1,1,-1,-1,1,1,1,-1,1,1,-1,1,1,-1,0.00897136703133583
-1,-1,-1,1,-1,1,1,1,-1,-1,1,1,1,1,-1,1,-1,-1,1,-1,0.008971909061074257
-1,-1,-1,1,-1,1,1,1,-1,-1,1,1,1,1,1,1,-1,-1,-1,-1,0.008971614763140678
-1,-1,-1,1,-1,1,1,1,-1,1,-1,-1,-1,-1,1,-1,-1,-1,-1,1,0.00897231139242649
-1,-1,-1,1,-1,1,1,1,-1,1,-1,-1,1,-1,-1,-1,1,1,-1,-1,0.008971894159913063
-1,-1,-1,1,-1,1,1,1,-1,1,-1,-1,1,-1,-1,-1,1,1,1,-1,0.0089716836810112
-1,-1,-1,1,-1,1,1,1,-1,1,-1,-1,1,-1,-1,1,1,-1,-1,1,0.008972125127911568
-1,-1,-1,1,-1,1,1,1,-1,1,-1,-1,1,-1,1,1,1,1,-1,-1,0.008971293456852436
-1,-1,-1,1,-1,1,1,1,-1,1,-1,-1,1,1,1,1,1,-1,-1,-1,0.00897133070975542
-1,-1,-1,1,-1,1,1,1,-1,1,-1,1,-1,1,1,-1,-1,-1,-1,1,0.008972521871328354
-1,-1,-1,1,-1,1,1,1,-1,1,-1,1,1,-1,1,-1,-1,1,1,-1,0.008971521630883217
-1,-1,-1,1,-1,1,1,1,-1,1,-1,1,1,1,-1,-1,1,1,1,-1,0.008971894159913063
-1,-1,-1,1,-1,1,1,1,-1,1,1,1,-1,-1,1,1,1,-1,1,-1,0.00897145178169012
-1,-1,-1,1,-1,1,1,1,1,-1,-1,-1,-1,1,1,-1,1,-1,-1,1,0.008972193114459515
-1,-1,-1,1,-1,1,1,1,1,-1,-1,-1,-1,1,1,1,1,1,-1,-1,0.008971769362688065
-1,-1,-1,1,-1,1,1,1,1,-1,-1,-1,1,1,1,1,-1,-1,-1,-1,0.00897159893065691
-1,-1,-1,1,-1,1,1,1,1,-1,-1,1,-1,1,-1,1,-1,-1,1,1,0.008972733281552792
-1,-1,-1,1,-1,1,1,1,1,-1,1,-1,-1,1,-1,-1,1,1,-1,1,0.008972812443971634
-1,-1,-1,1,-1,1,1,1,1,-1,1,-1,-1,1,1,1,1,1,1,-1,0.008971587754786015
-1,-1,-1,1,-1,1,1,1,1,-1,1,1,-1,-1,1,-1,-1,1,-1,-1,0.008972113020718098
-1,-1,-1,1,-1,1,1,1,1,-1,1,1,-1,1,-1,1,-1,1,-1,-1,0.008972644805908203
-1,-1,-1,1,-1,1,1,1,1,1,-1,-1,1,-1,1,1,1,-1,-1,1,0.008971720933914185
-1,-1,-1,1,-1,1,1,1,1,1,-1,-1,1,1,-1,-1,-1,-1,-1,-1,0.00897228717803955
-1,-1,-1,1,-1,1,1,1,1,1,-1,-1,1,1,-1,-1,1,-1,-1,-1,0.008972031995654106
-1,-1,-1,1,-1,1,1,1,1,1,-1,1,-1,-1,1,1,1,1,-1,-1,0.00897181872278452
-1,-1,-1,1,-1,1,1,1,1,1,-1,1,1,-1,-1,-1,-1,-1,1,1,0.008972452953457832
-1,-1,-1,1,-1,1,1,1,1,1,1,1,-1,-1,1,1,-1,-1,1,-1,0.008971807546913624
-1,-1,-1,1,-1,1,1,1,1,1,1,1,-1,-1,1,1,1,1,1,1,0.008972051553428173
-1,-1,-1,1,-1,1,1,1,1,1,1,1,1,1,1,-1,1,-1,1,1,0.008971846662461758
-1,-1,-1,1,-1,1,1,1,1,1,1,1,1,1,1,1,-1,1,-1,-1,0.008971888571977615
-1,-1,-1,1,1,-1,-1,-1,-1,-1,-1,-1,-1,1,1,1,1,-1,1,-1,0.008970625698566437
-1,-1,-1,1,1,-1,-1,-1,-1,-1,-1,-1,1,-1,-1,1,1,-1,-1,1,0.008971291594207287
-1,-1,-1,1,1,-1,-1,-1,-1,-1,-1,1,-1,1,1,-1,-1,-1,1,1,0.00897147785872221
-1,-1,-1,1,1,-1,-1,-1,-1,-1,-1,1,1,1,1,1,1,1,1,1,0.008970873430371284
-1,-1,-1,1,1,-1,-1,-1,-1,-1,1,-1,-1,-1,-1,1,1,-1,1,1,0.008971449919044971
-1,-1,-1,1,1,-1,-1,-1,-1,-1,1,-1,-1,1,-1,1,-1,-1,1,1,0.00897182896733284
-1,-1,-1,1,1,-1,-1,-1,-1,-1,1,-1,1,-1,-1,-1,-1,-1,-1,1,0.008971672505140305
-1,-1,-1,1,1,-1,-1,-1,-1,-1,1,-1,1,-1,-1,-1,-1,1,-1,-1,0.008971345610916615
-1,-1,-1,1,1,-1,-1,-1,-1,-1,1,1,-1,1,1,-1,1,1,1,-1,0.008970924653112888
-1,-1,-1,1,1,-1,-1,-1,-1,-1,1,1,1,-1,-1,-1,1,-1,1,1,0.008971293456852436
-1,-1,-1,1,1,-1,-1,-1,-1,-1,1,1,1,1,-1,-1,-1,1,-1,1,0.008971969597041607
-1,-1,-1,1,1,-1,-1,-1,-1,1,-1,-1,1,1,-1,1,1,-1,1,-1,0.008970879018306732
-1,-1,-1,1,1,-1,-1,-1,-1,1,-1,-1,1,1,-1,1,1,1,1,-1,0.008970964699983597
-1,-1,-1,1,1,-1,-1,-1,-1,1,-1,1,-1,-1,-1,-1,-1,-1,-1,1,0.00897215586155653
-1,-1,-1,1,1,-1,-1,-1,-1,1,-1,1,-1,1,-1,-1,-1,1,1,-1,0.0089717423543334
-1,-1,-1,1,1,-1,-1,-1,-1,1,-1,1,1,-1,-1,1,-1,-1,1,1,0.008971510455012321
-1,-1,-1,1,1,-1,-1,-1,-1,1,1,-1,-1,1,-1,-1,1,1,-1,1,0.008972053416073322
-1,-1,-1,1,1,-1,-1,-1,-1,1,1,-1,1,1,-1,-1,1,-1,-1,1,0.008971628732979298
-1,-1,-1,1,1,-1,-1,-1,-1,1,1,-1,1,1,1,-1,-1,-1,1,-1,0.008970755152404308
-1,-1,-1,1,1,-1,-1,-1,1,-1,-1,-1,-1,-1,1,1,-1,-1,1,-1,0.008970857597887516
-1,-1,-1,1,1,-1,-1,-1,1,-1,-1,-1,1,-1,1,-1,-1,-1,1,-1,0.008970614522695541
-1,-1,-1,1,1,-1,-1,-1,1,-1,-1,-1,1,-1,1,1,1,-1,1,1,0.00897067692130804
-1,-1,-1,1,1,-1,-1,-1,1,-1,-1,1,-1,-1,-1,-1,-1,-1,1,1,0.008971958421170712
-1,-1,-1,1,1,-1,-1,-1,1,-1,-1,1,-1,1,-1,-1,-1,-1,1,-1,0.008971668779850006
-1,-1,-1,1,1,-1,-1,-1,1,-1,-1,1,-1,1,1,-1,1,-1,1,1,0.00897132232785225
-1,-1,-1,1,1,-1,-1,-1,1,-1,-1,1,1,-1,1,1,-1,-1,1,1,0.008971018716692924
-1,-1,-1,1,1,-1,-1,-1,1,-1,-1,1,1,1,1,-1,-1,1,-1,-1,0.008971122093498707
-1,-1,-1,1,1,-1,-1,-1,1,-1,1,-1,-1,-1,-1,1,-1,-1,-1,-1,0.008971601724624634
-1,-1,-1,1,1,-1,-1,-1,1,-1,1,-1,-1,-1,1,1,1,1,1,1,0.008971131406724453
-1,-1,-1,1,1,-1,-1,-1,1,-1,1,-1,-1,1,1,1,-1,1,1,-1,0.008971096947789192
-1,-1,-1,1,1,-1,-1,-1,1,-1,1,-1,1,-1,1,1,-1,1,-1,1,0.0089712580665946
-1,-1,-1,1,1,-1,-1,-1,1,-1,1,1,1,-1,-1,-1,-1,1,1,1,0.008971734903752804
-1,-1,-1,1,1,-1,-1,-1,1,-1,1,1,1,-1,1,1,-1,1,1,-1,0.008970720693469048
-1,-1,-1,1,1,-1,-1,-1,1,-1,1,1,1,1,-1,1,1,1,1,-1,0.008971093222498894
-1,-1,-1,1,1,-1,-1,-1,1,-1,1,1,1,1,1,-1,-1,-1,-1,-1,0.008971065282821655
-1,-1,-1,1,1,-1,-1,-1,1,-1,1,1,1,1,1,-1,1,1,-1,1,0.008971309289336205
-1,-1,-1,1,1,-1,-1,-1,1,-1,1,1,1,1,1,1,1,-1,1,-1,0.008970502763986588
-1,-1,-1,1,1,-1,-1,-1,1,-1,1,1,1,1,1,1,1,-1,1,1,0.008970916271209717
-1,-1,-1,1,1,-1,-1,-1,1,-1,1,1,1,1,1,1,1,1,-1,1,0.008971212431788445
-1,-1,-1,1,1,-1,-1,-1,1,1,-1,1,-1,1,-1,-1,1,1,1,1,0.00897200033068657
-1,-1,-1,1,1,-1,-1,-1,1,1,-1,1,1,1,1,-1,1,1,-1,1,0.00897136703133583
-1,-1,-1,1,1,-1,-1,-1,1,1,1,-1,-1,1,-1,1,-1,1,-1,-1,0.00897189974784851
-1,-1,-1,1,1,-1,-1,-1,1,1,1,-1,-1,1,1,1,-1,1,-1,1,0.008971808478236198
-1,-1,-1,1,1,-1,-1,-1,1,1,1,1,-1,-1,1,1,1,1,1,1,0.008971305564045906
-1,-1,-1,1,1,-1,-1,-1,1,1,1,1,-1,1,-1,1,1,1,-1,-1,0.00897173024713993
-1,-1,-1,1,1,-1,-1,-1,1,1,1,1,1,-1,1,1,-1,1,-1,1,0.008971432223916054
-1,-1,-1,1,1,-1,-1,-1,1,1,1,1,1,1,-1,-1,-1,-1,-1,1,0.008972070179879665
-1,-1,-1,1,1,-1,-1,1,-1,-1,-1,-1,1,-1,1,1,1,1,1,-1,0.008970601484179497
-1,-1,-1,1,1,-1,-1,1,-1,-1,-1,-1,1,1,-1,1,1,-1,1,-1,0.008971143513917923
-1,-1,-1,1,1,-1,-1,1,-1,-1,-1,1,-1,-1,1,-1,-1,1,1,-1,0.0089713791385293
-1,-1,-1,1,1,-1,-1,1,-1,-1,-1,1,1,-1,-1,1,1,-1,-1,-1,0.008971316739916801
-1,-1,-1,1,1,-1,-1,1,-1,-1,-1,1,1,1,1,1,-1,-1,1,1,0.00897139497101307
-1,-1,-1,1,1,-1,-1,1,-1,-1,-1,1,1,1,1,1,-1,1,-1,1,0.008971691131591797
-1,-1,-1,1,1,-1,-1,1,-1,-1,1,-1,-1,-1,-1,1,-1,-1,1,1,0.00897205714136362
-1,-1,-1,1,1,-1,-1,1,-1,-1,1,-1,1,1,-1,-1,1,-1,-1,1,0.008971893228590488
-1,-1,-1,1,1,-1,-1,1,-1,-1,1,-1,1,1,1,1,-1,1,-1,-1,0.008971220813691616
-1,-1,-1,1,1,-1,-1,1,-1,-1,1,1,-1,1,1,-1,1,1,-1,1,0.008971900679171085
-1,-1,-1,1,1,-1,-1,1,-1,-1,1,1,1,1,-1,1,1,1,-1,-1,0.008971556089818478
-1,-1,-1,1,1,-1,-1,1,-1,-1,1,1,1,1,1,-1,1,1,-1,1,0.008971561677753925
-1,-1,-1,1,1,-1,-1,1,-1,1,-1,-1,-1,-1,1,-1,-1,-1,-1,1,0.008971917442977428
-1,-1,-1,1,1,-1,-1,1,-1,1,-1,-1,-1,-1,1,1,1,1,-1,-1,0.008971238508820534
-1,-1,-1,1,1,-1,-1,1,-1,1,-1,1,-1,-1,-1,-1,1,-1,-1,-1,0.00897183921188116
-1,-1,-1,1,1,-1,-1,1,-1,1,-1,1,-1,-1,1,1,-1,-1,1,1,0.00897169765084982
-1,-1,-1,1,1,-1,-1,1,-1,1,-1,1,-1,1,1,1,-1,1,1,1,0.008971907198429108
-1,-1,-1,1,1,-1,-1,1,-1,1,-1,1,1,-1,-1,1,1,-1,1,-1,0.008971193805336952
-1,-1,-1,1,1,-1,-1,1,-1,1,-1,1,1,1,-1,1,1,1,1,-1,0.00897140335291624
-1,-1,-1,1,1,-1,-1,1,-1,1,1,-1,-1,-1,-1,-1,-1,1,1,-1,0.00897191371768713
-1,-1,-1,1,1,-1,-1,1,-1,1,1,-1,1,-1,-1,1,-1,-1,-1,1,0.008972016163170338
-1,-1,-1,1,1,-1,-1,1,-1,1,1,1,-1,-1,-1,-1,-1,-1,1,-1,0.00897191371768713
-1,-1,-1,1,1,-1,-1,1,-1,1,1,1,-1,-1,-1,1,-1,-1,1,-1,0.008971817791461945
-1,-1,-1,1,1,-1,-1,1,-1,1,1,1,-1,1,-1,1,1,1,-1,-1,0.008971982635557652
-1,-1,-1,1,1,-1,-1,1,1,-1,-1,-1,-1,-1,-1,-1,1,-1,-1,-1,0.008971765637397766
-1,-1,-1,1,1,-1,-1,1,1,-1,-1,-1,1,-1,-1,-1,1,1,1,-1,0.008971301838755608
-1,-1,-1,1,1,-1,-1,1,1,-1,-1,-1,1,-1,1,1,-1,1,-1,1,0.008971581235527992
-1,-1,-1,1,1,-1,-1,1,1,-1,-1,-1,1,-1,1,1,1,-1,1,1,0.008971028961241245
-1,-1,-1,1,1,-1,-1,1,1,-1,1,-1,-1,1,-1,1,1,-1,-1,-1,0.008971822448074818
-1,-1,-1,1,1,-1,-1,1,1,-1,1,-1,-1,1,-1,1,1,-1,1,1,0.008972025476396084
-1,-1,-1,1,1,-1,-1,1,1,-1,1,-1,1,-1,-1,-1,1,1,-1,-1,0.008971542119979858
-1,-1,-1,1,1,-1,-1,1,1,-1,1,-1,1,-1,1,1,-1,1,-1,1,0.008971610106527805
-1,-1,-1,1,1,-1,-1,1,1,-1,1,1,-1,1,-1,-1,-1,1,-1,1,0.008972760289907455
-1,-1,-1,1,1,-1,-1,1,1,-1,1,1,-1,1,1,-1,-1,1,-1,-1,0.008971842005848885
-1,-1,-1,1,1,-1,-1,1,1,-1,1,1,1,-1,-1,-1,-1,-1,1,1,0.008972001262009144
-1,-1,-1,1,1,-1,-1,1,1,1,-1,-1,-1,1,1,-1,-1,-1,-1,-1,0.008971727453172207
-1,-1,-1,1,1,-1,-1,1,1,1,-1,-1,1,1,-1,-1,1,1,-1,-1,0.008971723727881908
-1,-1,-1,1,1,-1,-1,1,1,1,-1,1,1,1,1,-1,1,-1,-1,1,0.00897163338959217
-1,-1,-1,1,1,-1,-1,1,1,1,-1,1,1,1,1,-1,1,-1,1,1,0.008971422910690308
-1,-1,-1,1,1,-1,-1,1,1,1,1,-1,-1,-1,-1,-1,-1,-1,1,1,0.008972341194748878
-1,-1,-1,1,1,-1,-1,1,1,1,1,-1,-1,-1,-1,-1,-1,1,-1,1,0.008972637355327606
-1,-1,-1,1,1,-1,-1,1,1,1,1,-1,-1,-1,-1,1,-1,1,-1,1,0.00897254142910242
-1,-1,-1,1,1,-1,-1,1,1,1,1,-1,-1,1,1,-1,-1,1,1,-1,0.00897163338959217
-1,-1,-1,1,1,-1,-1,1,1,1,1,-1,1,1,-1,1,-1,-1,1,1,0.008972029201686382
-1,-1,-1,1,1,-1,-1,1,1,1,1,1,-1,1,-1,-1,-1,-1,1,1,0.008972551673650742
-1,-1,-1,1,1,-1,-1,1,1,1,1,1,-1,1,1,-1,-1,1,1,1,0.00897213350981474
-1,-1,-1,1,1,-1,1,-1,-1,-1,-1,-1,-1,-1,-1,1,-1,1,1,1,0.008971776813268661
-1,-1,-1,1,1,-1,1,-1,-1,-1,-1,-1,1,-1,-1,-1,-1,-1,-1,-1,0.008971244096755981
-1,-1,-1,1,1,-1,1,-1,-1,-1,-1,1,-1,-1,1,-1,1,-1,-1,-1,0.008970909751951694
-1,-1,-1,1,1,-1,1,-1,-1,-1,1,-1,-1,-1,-1,1,1,-1,1,-1,0.008971051312983036
-1,-1,-1,1,1,-1,1,-1,-1,-1,1,-1,-1,1,-1,-1,-1,1,1,1,0.008972026407718658
-1,-1,-1,1,1,-1,1,-1,-1,-1,1,1,-1,1,-1,-1,1,-1,1,-1,0.008971357718110085
-1,-1,-1,1,1,-1,1,-1,-1,-1,1,1,1,-1,-1,-1,1,-1,-1,-1,0.008971104398369789
-1,-1,-1,1,1,-1,1,-1,-1,1,-1,-1,1,-1,-1,1,-1,1,-1,-1,0.00897132232785225
-1,-1,-1,1,1,-1,1,-1,-1,1,-1,-1,1,1,-1,-1,-1,-1,-1,-1,0.00897145550698042
-1,-1,-1,1,1,-1,1,-1,-1,1,-1,1,-1,-1,-1,-1,-1,1,-1,1,0.008972257375717163
-1,-1,-1,1,1,-1,1,-1,-1,1,-1,1,1,-1,-1,-1,-1,-1,-1,1,0.008971831761300564
-1,-1,-1,1,1,-1,1,-1,-1,1,-1,1,1,1,1,-1,-1,-1,-1,-1,0.008971037343144417
-1,-1,-1,1,1,-1,1,-1,-1,1,1,1,-1,-1,-1,-1,-1,1,-1,-1,0.008971872739493847
-1,-1,-1,1,1,-1,1,-1,-1,1,1,1,1,-1,-1,1,-1,-1,1,1,0.008971555158495903
-1,-1,-1,1,1,-1,1,-1,1,-1,-1,-1,-1,-1,1,1,-1,-1,-1,1,0.008971496485173702
-1,-1,-1,1,1,-1,1,-1,1,-1,-1,1,-1,-1,1,-1,-1,-1,1,-1,0.008971055038273335
-1,-1,-1,1,1,-1,1,-1,1,-1,-1,1,-1,-1,1,-1,-1,-1,1,1,0.008971468545496464
-1,-1,-1,1,1,-1,1,-1,1,-1,-1,1,-1,-1,1,1,-1,1,1,1,0.008971459232270718
-1,-1,-1,1,1,-1,1,-1,1,-1,-1,1,-1,1,1,1,-1,-1,1,1,0.008971496485173702
-1,-1,-1,1,1,-1,1,-1,1,-1,-1,1,-1,1,1,1,1,-1,1,-1,0.008970827795565128
-1,-1,-1,1,1,-1,1,-1,1,-1,1,-1,-1,-1,1,-1,-1,-1,-1,1,0.008971622213721275
-1,-1,-1,1,1,-1,1,-1,1,-1,1,-1,-1,1,-1,1,1,1,-1,-1,0.008971570990979671
-1,-1,-1,1,1,-1,1,-1,1,-1,1,1,-1,-1,1,-1,1,1,1,-1,0.008970915339887142
-1,-1,-1,1,1,-1,1,-1,1,1,-1,-1,-1,-1,1,-1,1,1,1,1,0.008971299976110458
-1,-1,-1,1,1,-1,1,-1,1,1,-1,-1,-1,1,-1,1,-1,-1,-1,1,0.008972212672233582
-1,-1,-1,1,1,-1,1,-1,1,1,-1,-1,1,-1,1,-1,1,1,1,1,0.008970960974693298
-1,-1,-1,1,1,-1,1,-1,1,1,-1,1,-1,1,-1,-1,-1,1,1,1,0.008972271345555782
-1,-1,-1,1,1,-1,1,-1,1,1,-1,1,1,1,1,1,-1,1,-1,-1,0.008971127681434155
-1,-1,-1,1,1,-1,1,-1,1,1,1,-1,-1,-1,1,1,1,-1,1,1,0.008971147239208221
-1,-1,-1,1,1,-1,1,-1,1,1,1,1,1,-1,1,-1,-1,1,1,1,0.00897133257240057
-1,-1,-1,1,1,-1,1,1,-1,-1,-1,-1,1,1,1,-1,-1,-1,-1,-1,0.008971216157078743
-1,-1,-1,1,1,-1,1,1,-1,-1,-1,-1,1,1,1,-1,1,-1,1,1,0.008971164003014565
-1,-1,-1,1,1,-1,1,1,-1,-1,-1,1,-1,1,1,1,-1,1,-1,-1,0.008971631526947021
-1,-1,-1,1,1,-1,1,1,-1,-1,-1,1,1,1,1,1,-1,-1,1,1,0.008971409872174263
-1,-1,-1,1,1,-1,1,1,-1,-1,1,-1,-1,-1,-1,1,1,1,1,1,0.008971902541816235
-1,-1,-1,1,1,-1,1,1,-1,-1,1,-1,-1,-1,1,-1,1,-1,-1,1,0.008971618488430977
-1,-1,-1,1,1,-1,1,1,-1,-1,1,-1,-1,1,-1,1,1,1,-1,1,0.008972236886620522
-1,-1,-1,1,1,-1,1,1,-1,-1,1,-1,-1,1,1,-1,1,-1,1,-1,0.008971118368208408
-1,-1,-1,1,1,-1,1,1,-1,-1,1,1,-1,-1,-1,1,1,1,-1,-1,0.008971786126494408
-1,-1,-1,1,1,-1,1,1,-1,-1,1,1,-1,1,1,-1,1,1,1,1,0.008971705101430416
-1,-1,-1,1,1,-1,1,1,-1,-1,1,1,1,-1,-1,-1,1,-1,1,-1,0.008971246890723705
-1,-1,-1,1,1,-1,1,1,-1,-1,1,1,1,1,1,-1,1,1,-1,1,0.008971575647592545
-1,-1,-1,1,1,-1,1,1,-1,1,-1,1,1,-1,1,-1,1,1,-1,1,0.008971510455012321
-1,-1,-1,1,1,-1,1,1,-1,1,1,-1,1,-1,-1,1,-1,-1,1,-1,0.00897140707820654
-1,-1,-1,1,1,-1,1,1,-1,1,1,-1,1,1,1,1,-1,-1,1,-1,0.008971026167273521
-1,-1,-1,1,1,-1,1,1,-1,1,1,1,-1,-1,-1,1,-1,1,-1,1,0.008972542360424995
-1,-1,-1,1,1,-1,1,1,-1,1,1,1,1,1,1,1,-1,1,-1,-1,0.008971408940851688
-1,-1,-1,1,1,-1,1,1,1,-1,-1,-1,-1,-1,1,-1,1,-1,1,-1,0.008971065282821655
-1,-1,-1,1,1,-1,1,1,1,-1,-1,-1,1,1,-1,1,1,1,1,-1,0.00897134467959404
-1,-1,-1,1,1,-1,1,1,1,-1,1,1,-1,-1,1,-1,-1,1,-1,1,0.008972146548330784
-1,-1,-1,1,1,-1,1,1,1,1,-1,-1,1,-1,1,-1,-1,-1,1,1,0.008971482515335083
-1,-1,-1,1,1,-1,1,1,1,1,-1,-1,1,1,-1,1,-1,-1,-1,-1,0.008971811272203922
-1,-1,-1,1,1,-1,1,1,1,1,-1,-1,1,1,1,1,-1,-1,1,1,0.008971510455012321
-1,-1,-1,1,1,-1,1,1,1,1,-1,1,-1,1,-1,1,-1,1,-1,-1,0.00897232349961996
-1,-1,-1,1,1,-1,1,1,1,1,-1,1,-1,1,1,-1,1,-1,-1,1,0.008971987292170525
-1,-1,-1,1,1,-1,1,1,1,1,-1,1,1,-1,-1,1,1,-1,-1,-1,0.008971518836915493
-1,-1,-1,1,1,-1,1,1,1,1,-1,1,1,-1,-1,1,1,1,-1,1,0.008972018025815487
-1,-1,-1,1,1,-1,1,1,1,1,1,1,1,1,1,-1,1,-1,1,-1,0.008971053175628185
-1,-1,-1,1,1,-1,1,1,1,1,1,1,1,1,1,-1,1,1,1,-1,0.008971139788627625
-1,-1,-1,1,1,1,-1,-1,-1,-1,-1,-1,1,-1,-1,-1,-1,1,1,-1,0.008971016854047775
-1,-1,-1,1,1,1,-1,-1,-1,-1,-1,-1,1,-1,-1,1,-1,1,-1,1,0.008971544913947582
-1,-1,-1,1,1,1,-1,-1,-1,-1,-1,-1,1,1,1,-1,-1,-1,-1,1,0.008971174247562885
-1,-1,-1,1,1,1,-1,-1,-1,-1,-1,1,-1,1,-1,-1,-1,-1,-1,1,0.008972103707492352
-1,-1,-1,1,1,1,-1,-1,-1,-1,-1,1,1,1,-1,-1,1,1,1,-1,0.008970971219241619
-1,-1,-1,1,1,1,-1,-1,-1,-1,1,-1,-1,-1,1,-1,-1,-1,1,-1,0.008970794267952442
-1,-1,-1,1,1,1,-1,-1,-1,-1,1,-1,-1,1,1,1,1,1,1,-1,0.0089706527069211
-1,-1,-1,1,1,1,-1,-1,-1,-1,1,-1,1,-1,1,-1,1,1,-1,1,0.008970909751951694
-1,-1,-1,1,1,1,-1,-1,-1,-1,1,-1,1,1,-1,-1,-1,-1,-1,1,0.00897170789539814
-1,-1,-1,1,1,1,-1,-1,-1,-1,1,1,-1,1,-1,1,-1,1,1,1,0.008971912786364555
-1,-1,-1,1,1,1,-1,-1,-1,1,-1,-1,-1,-1,-1,-1,-1,1,1,1,0.008971856907010078
-1,-1,-1,1,1,1,-1,-1,-1,1,-1,-1,-1,-1,-1,1,-1,1,1,-1,0.008971347473561764
-1,-1,-1,1,1,1,-1,-1,-1,1,-1,-1,-1,-1,-1,1,1,-1,-1,-1,0.008971215225756168
-1,-1,-1,1,1,1,-1,-1,-1,1,-1,-1,1,1,1,-1,-1,1,1,-1,0.008970723487436771
-1,-1,-1,1,1,1,-1,-1,-1,1,-1,1,1,1,-1,-1,-1,1,-1,1,0.008971938863396645
-1,-1,-1,1,1,1,-1,-1,-1,1,1,-1,-1,1,-1,1,1,-1,-1,-1,0.00897136889398098
-1,-1,-1,1,1,1,-1,-1,-1,1,1,-1,-1,1,1,-1,-1,-1,1,1,0.00897141918540001
-1,-1,-1,1,1,1,-1,-1,-1,1,1,-1,-1,1,1,1,-1,-1,-1,-1,0.008971120230853558
-1,-1,-1,1,1,1,-1,-1,-1,1,1,-1,1,-1,-1,1,-1,-1,1,1,0.008971365168690681
-1,-1,-1,1,1,1,-1,-1,-1,1,1,-1,1,-1,1,1,1,-1,-1,-1,0.008970401249825954
-1,-1,-1,1,1,1,-1,-1,-1,1,1,1,-1,-1,1,-1,-1,-1,1,1,0.008971381932497025
-1,-1,-1,1,1,1,-1,-1,-1,1,1,1,-1,-1,1,1,-1,1,1,-1,0.008970958180725574
-1,-1,-1,1,1,1,-1,-1,-1,1,1,1,-1,1,-1,1,1,-1,1,1,0.008971658535301685
-1,-1,-1,1,1,1,-1,-1,-1,1,1,1,-1,1,1,-1,1,-1,-1,1,0.008971460163593292
-1,-1,-1,1,1,1,-1,-1,1,-1,-1,-1,-1,1,-1,-1,-1,1,-1,-1,0.008971789851784706
-1,-1,-1,1,1,1,-1,-1,1,-1,-1,-1,-1,1,-1,-1,-1,1,1,-1,0.008971580304205418
-1,-1,-1,1,1,1,-1,-1,1,-1,-1,-1,-1,1,1,1,1,-1,-1,-1,0.008970847353339195
-1,-1,-1,1,1,1,-1,-1,1,-1,-1,-1,1,-1,-1,1,1,-1,1,-1,0.00897067878395319
-1,-1,-1,1,1,1,-1,-1,1,-1,-1,1,-1,-1,1,-1,-1,-1,1,1,0.008971365168690681
-1,-1,-1,1,1,1,-1,-1,1,-1,-1,1,1,-1,-1,1,-1,-1,-1,1,0.008971644565463066
-1,-1,-1,1,1,1,-1,-1,1,-1,-1,1,1,-1,-1,1,1,-1,1,1,0.008971178904175758
-1,-1,-1,1,1,1,-1,-1,1,-1,-1,1,1,-1,1,-1,-1,1,1,1,0.00897111278027296
-1,-1,-1,1,1,1,-1,-1,1,-1,1,-1,-1,-1,1,1,-1,-1,1,-1,0.00897079799324274
-1,-1,-1,1,1,1,-1,-1,1,-1,1,-1,-1,1,1,-1,-1,1,1,1,0.008971518836915493
-1,-1,-1,1,1,1,-1,-1,1,-1,1,1,-1,1,-1,-1,1,1,1,-1,0.00897143967449665
-1,-1,-1,1,1,1,-1,-1,1,1,-1,-1,-1,-1,-1,1,-1,-1,-1,-1,0.008971570990979671
-1,-1,-1,1,1,1,-1,-1,1,1,-1,-1,-1,1,-1,-1,-1,-1,-1,-1,0.008971791714429855
-1,-1,-1,1,1,1,-1,-1,1,1,-1,-1,-1,1,1,-1,1,-1,-1,-1,0.008971030823886395
-1,-1,-1,1,1,1,-1,-1,1,1,-1,-1,-1,1,1,1,1,1,1,1,0.008971224538981915
-1,-1,-1,1,1,1,-1,-1,1,1,-1,1,-1,-1,1,1,-1,-1,1,-1,0.008970942348241806
-1,-1,-1,1,1,1,-1,-1,1,1,-1,1,1,-1,-1,1,-1,1,-1,-1,0.008971404284238815
-1,-1,-1,1,1,1,-1,-1,1,1,1,1,1,-1,-1,-1,-1,-1,-1,1,0.008971857838332653
-1,-1,-1,1,1,1,-1,1,-1,-1,-1,-1,-1,-1,-1,1,1,1,-1,1,0.008971979841589928
-1,-1,-1,1,1,1,-1,1,-1,-1,-1,-1,-1,1,1,-1,1,1,1,-1,0.008971071802079678
-1,-1,-1,1,1,1,-1,1,-1,-1,-1,1,-1,-1,-1,-1,1,-1,1,-1,0.008971452713012695
-1,-1,-1,1,1,1,-1,1,-1,-1,-1,1,-1,-1,1,-1,1,1,1,-1,0.008971034549176693
-1,-1,-1,1,1,1,-1,1,-1,-1,-1,1,-1,1,1,-1,-1,-1,-1,-1,0.00897153839468956
-1,-1,-1,1,1,1,-1,1,-1,-1,-1,1,1,-1,-1,-1,1,-1,1,1,0.008971527218818665
-1,-1,-1,1,1,1,-1,1,-1,-1,-1,1,1,-1,1,-1,-1,-1,-1,-1,0.008971074596047401
-1,-1,-1,1,1,1,-1,1,-1,-1,-1,1,1,-1,1,-1,1,1,-1,-1,0.008970905095338821
-1,-1,-1,1,1,1,-1,1,-1,-1,-1,1,1,1,1,-1,-1,1,1,-1,0.008971074596047401
-1,-1,-1,1,1,1,-1,1,-1,-1,1,-1,-1,1,1,1,-1,1,1,1,0.008971674367785454
-1,-1,-1,1,1,1,-1,1,-1,-1,1,1,-1,1,1,-1,-1,-1,-1,1,0.008971980772912502
-1,-1,-1,1,1,1,-1,1,-1,-1,1,1,1,-1,-1,1,-1,-1,-1,-1,0.00897151231765747
-1,-1,-1,1,1,1,-1,1,-1,1,-1,-1,1,-1,1,-1,-1,1,-1,-1,0.008971162140369415
-1,-1,-1,1,1,1,-1,1,-1,1,-1,-1,1,-1,1,1,-1,1,-1,-1,0.00897106621414423
-1,-1,-1,1,1,1,-1,1,-1,1,-1,-1,1,1,1,-1,1,1,-1,-1,0.00897102989256382
-1,-1,-1,1,1,1,-1,1,-1,1,-1,1,-1,1,-1,-1,-1,-1,1,1,0.008972333744168282
-1,-1,-1,1,1,1,-1,1,-1,1,-1,1,-1,1,1,1,-1,-1,-1,1,0.008971942588686943
-1,-1,-1,1,1,1,-1,1,-1,1,-1,1,-1,1,1,1,1,1,1,1,0.008971563540399075
-1,-1,-1,1,1,1,-1,1,-1,1,-1,1,1,-1,1,1,-1,-1,1,1,0.008971269242465496
-1,-1,-1,1,1,1,-1,1,-1,1,1,-1,-1,-1,-1,1,-1,1,-1,-1,0.008971938863396645
-1,-1,-1,1,1,1,-1,1,-1,1,1,-1,-1,-1,-1,1,1,1,1,-1,0.008971473202109337
-1,-1,-1,1,1,1,-1,1,-1,1,1,-1,-1,1,1,1,1,1,-1,-1,0.008971302770078182
-1,-1,-1,1,1,1,-1,1,-1,1,1,1,-1,-1,-1,-1,-1,-1,-1,-1,0.008972035720944405
-1,-1,-1,1,1,1,-1,1,-1,1,1,1,-1,1,-1,-1,1,1,-1,1,0.008972403593361378
-1,-1,-1,1,1,1,-1,1,-1,1,1,1,1,1,1,-1,1,-1,-1,1,0.008971473202109337
-1,-1,-1,1,1,1,-1,1,1,-1,-1,-1,-1,1,-1,-1,-1,-1,-1,1,0.008972469717264175
-1,-1,-1,1,1,1,-1,1,1,-1,-1,-1,1,1,-1,1,-1,1,1,-1,0.008971496485173702
-1,-1,-1,1,1,1,-1,1,1,-1,-1,-1,1,1,-1,1,1,-1,-1,-1,0.008971365168690681
-1,-1,-1,1,1,1,-1,1,1,-1,-1,1,-1,-1,1,1,1,-1,1,1,0.008971365168690681
-1,-1,-1,1,1,1,-1,1,1,-1,-1,1,-1,1,-1,-1,-1,-1,1,1,0.008972345851361752
-1,-1,-1,1,1,1,-1,1,1,-1,-1,1,-1,1,1,1,1,-1,1,-1,0.008971075527369976
-1,-1,-1,1,1,1,-1,1,1,-1,-1,1,1,-1,1,1,1,1,1,-1,0.008970699273049831
-1,-1,-1,1,1,1,-1,1,1,-1,-1,1,1,1,1,-1,1,1,-1,1,0.008971543051302433
-1,-1,-1,1,1,1,-1,1,1,-1,-1,1,1,1,1,1,1,1,-1,-1,0.008971033617854118
-1,-1,-1,1,1,1,-1,1,1,-1,1,-1,-1,-1,1,-1,1,1,1,-1,0.008971077390015125
-1,-1,-1,1,1,1,-1,1,1,-1,1,-1,-1,1,1,-1,1,1,1,-1,0.00897120125591755
-1,-1,-1,1,1,1,-1,1,1,-1,1,-1,-1,1,1,1,-1,-1,-1,1,0.008971898816525936
-1,-1,-1,1,1,1,-1,1,1,-1,1,-1,1,-1,1,-1,-1,1,1,1,0.00897140707820654
-1,-1,-1,1,1,1,-1,1,1,-1,1,1,-1,-1,-1,-1,-1,1,1,1,0.00897233746945858
-1,-1,-1,1,1,1,-1,1,1,-1,1,1,-1,1,-1,1,-1,-1,-1,-1,0.008972075767815113
-1,-1,-1,1,1,1,-1,1,1,-1,1,1,-1,1,-1,1,1,-1,-1,1,0.008972234092652798
-1,-1,-1,1,1,1,-1,1,1,-1,1,1,1,-1,-1,1,1,-1,-1,-1,0.00897135678678751
-1,-1,-1,1,1,1,-1,1,1,1,-1,-1,-1,-1,1,1,1,1,-1,1,0.008971663191914558
-1,-1,-1,1,1,1,-1,1,1,1,-1,-1,1,1,1,1,1,-1,1,1,0.00897115096449852
-1,-1,-1,1,1,1,-1,1,1,1,-1,1,-1,-1,1,1,-1,1,-1,1,0.008972004987299442
-1,-1,-1,1,1,1,-1,1,1,1,-1,1,-1,1,1,1,-1,1,-1,-1,0.008971715345978737
-1,-1,-1,1,1,1,-1,1,1,1,-1,1,1,1,-1,-1,1,-1,-1,-1,0.00897163525223732
-1,-1,-1,1,1,1,-1,1,1,1,-1,1,1,1,1,-1,-1,-1,1,-1,0.008971176110208035
-1,-1,-1,1,1,1,-1,1,1,1,1,-1,-1,1,-1,-1,-1,1,-1,1,0.008972672745585442
-1,-1,-1,1,1,1,-1,1,1,1,1,-1,-1,1,-1,1,-1,1,1,-1,0.008971952833235264
-1,-1,-1,1,1,1,-1,1,1,1,1,-1,-1,1,1,-1,-1,1,-1,1,0.00897216796875
-1,-1,-1,1,1,1,-1,1,1,1,1,-1,1,-1,1,1,1,1,-1,1,0.008971353061497211
-1,-1,-1,1,1,1,-1,1,1,1,1,1,-1,-1,1,1,-1,-1,1,1,0.008971737697720528
-1,-1,-1,1,1,1,-1,1,1,1,1,1,-1,1,1,-1,1,-1,-1,-1,0.008971499279141426
-1,-1,-1,1,1,1,-1,1,1,1,1,1,1,-1,-1,1,1,-1,1,1,0.00897164735943079
-1,-1,-1,1,1,1,-1,1,1,1,1,1,1,-1,1,-1,1,-1,-1,1,0.008971449919044971
-1,-1,-1,1,1,1,-1,1,1,1,1,1,1,1,-1,-1,-1,-1,-1,-1,0.008971920236945152
-1,-1,-1,1,1,1,1,-1,-1,-1,-1,-1,-1,-1,1,1,-1,-1,1,-1,0.008970683440566063
-1,-1,-1,1,1,1,1,-1,-1,-1,-1,-1,-1,1,-1,-1,-1,1,1,-1,0.008971494622528553
-1,-1,-1,1,1,1,1,-1,-1,-1,-1,1,-1,-1,-1,-1,1,1,-1,-1,0.008971411734819412
-1,-1,-1,1,1,1,1,-1,-1,-1,-1,1,-1,-1,-1,1,-1,-1,-1,1,0.008971898816525936
-1,-1,-1,1,1,1,1,-1,-1,-1,-1,1,-1,-1,1,1,-1,-1,1,-1,0.008970770053565502
-1,-1,-1,1,1,1,1,-1,-1,-1,1,-1,1,-1,1,-1,1,-1,-1,-1,0.00897042453289032
-1,-1,-1,1,1,1,1,-1,-1,-1,1,-1,1,1,1,1,1,-1,-1,1,0.008970865979790688
-1,-1,-1,1,1,1,1,-1,-1,-1,1,-1,1,1,1,1,1,1,-1,-1,0.008970539085566998
-1,-1,-1,1,1,1,1,-1,-1,-1,1,1,-1,1,-1,1,1,1,-1,-1,0.008971468545496464
-1,-1,-1,1,1,1,1,-1,-1,-1,1,1,-1,1,1,-1,-1,1,-1,-1,0.008971316739916801
-1,-1,-1,1,1,1,1,-1,-1,1,-1,1,-1,-1,-1,1,1,1,1,1,0.008971606381237507
-1,-1,-1,1,1,1,1,-1,-1,1,-1,1,-1,1,1,1,-1,1,-1,1,0.008971692062914371
-1,-1,-1,1,1,1,1,-1,-1,1,-1,1,1,-1,1,1,-1,-1,1,1,0.008970932103693485
-1,-1,-1,1,1,1,1,-1,-1,1,-1,1,1,-1,1,1,-1,1,1,-1,0.00897060427814722
-1,-1,-1,1,1,1,1,-1,-1,1,1,1,-1,-1,-1,-1,-1,-1,1,1,0.00897190161049366
-1,-1,-1,1,1,1,1,-1,-1,1,1,1,-1,1,-1,1,-1,1,-1,1,0.008972225710749626
-1,-1,-1,1,1,1,1,-1,-1,1,1,1,1,1,-1,1,-1,1,1,1,0.008971676230430603
-1,-1,-1,1,1,1,1,-1,1,-1,-1,-1,-1,-1,-1,-1,-1,1,-1,1,0.008972094394266605
-1,-1,-1,1,1,1,1,-1,1,-1,-1,-1,-1,-1,-1,-1,1,-1,-1,1,0.008971752598881721
-1,-1,-1,1,1,1,1,-1,1,-1,-1,-1,1,-1,1,1,1,-1,-1,1,0.008970812894403934
-1,-1,-1,1,1,1,1,-1,1,-1,-1,-1,1,1,1,1,1,-1,1,1,0.008970726281404495
-1,-1,-1,1,1,1,1,-1,1,-1,1,-1,-1,-1,1,-1,1,-1,-1,-1,0.008970864117145538
-1,-1,-1,1,1,1,1,-1,1,-1,1,-1,1,1,1,-1,-1,1,-1,-1,0.008970990777015686
-1,-1,-1,1,1,1,1,-1,1,-1,1,1,1,1,-1,1,-1,-1,1,-1,0.008971189148724079
-1,-1,-1,1,1,1,1,-1,1,1,-1,-1,-1,-1,-1,1,1,1,1,1,0.008971620351076126
-1,-1,-1,1,1,1,1,-1,1,1,-1,-1,1,-1,-1,1,-1,-1,-1,-1,0.008971246890723705
-1,-1,-1,1,1,1,1,-1,1,1,-1,-1,1,1,1,1,-1,-1,-1,1,0.008971279487013817
-1,-1,-1,1,1,1,1,-1,1,1,-1,1,1,1,-1,-1,-1,-1,-1,1,0.008971966803073883
-1,-1,-1,1,1,1,1,-1,1,1,1,-1,-1,1,1,-1,-1,1,1,1,0.008971620351076126
-1,-1,-1,1,1,1,1,-1,1,1,1,-1,-1,1,1,1,-1,1,-1,1,0.008971734903752804
-1,-1,-1,1,1,1,1,-1,1,1,1,-1,1,-1,-1,1,1,1,1,-1,0.00897089671343565
-1,-1,-1,1,1,1,1,-1,1,1,1,-1,1,-1,1,-1,1,-1,-1,-1,0.008970612660050392
-1,-1,-1,1,1,1,1,-1,1,1,1,1,1,-1,-1,1,1,-1,1,1,0.00897131022065878
-1,-1,-1,1,1,1,1,-1,1,1,1,1,1,-1,1,-1,1,1,-1,-1,0.008970784954726696
-1,-1,-1,1,1,1,1,-1,1,1,1,1,1,-1,1,1,-1,1,-1,-1,0.008970944210886955
-1,-1,-1,1,1,1,1,1,-1,-1,-1,-1,1,1,1,-1,-1,1,1,1,0.00897141732275486
-1,-1,-1,1,1,1,1,1,-1,-1,-1,1,-1,-1,-1,-1,-1,1,1,-1,0.008971809409558773
-1,-1,-1,1,1,1,1,1,-1,-1,-1,1,-1,1,1,-1,1,1,1,-1,0.00897117331624031
-1,-1,-1,1,1,1,1,1,-1,-1,1,-1,-1,-1,-1,1,-1,1,1,-1,0.008971655741333961
-1,-1,-1,1,1,1,1,1,-1,-1,1,-1,-1,-1,-1,1,1,1,1,-1,0.008971400558948517
-1,-1,-1,1,1,1,1,1,-1,-1,1,-1,1,1,-1,1,1,1,1,-1,0.00897118542343378
-1,-1,-1,1,1,1,1,1,-1,1,-1,-1,-1,-1,1,-1,1,-1,-1,-1,0.008971174247562885
-1,-1,-1,1,1,1,1,1,-1,1,-1,-1,1,-1,-1,-1,-1,1,-1,-1,0.00897168181836605
-1,-1,-1,1,1,1,1,1,-1,1,-1,-1,1,1,1,1,-1,1,-1,1,0.008971618488430977
-1,-1,-1,1,1,1,1,1,-1,1,-1,1,-1,1,-1,1,1,1,-1,-1,0.00897187925875187
-1,-1,-1,1,1,1,1,1,-1,1,-1,1,-1,1,1,-1,-1,-1,-1,1,0.008972053416073322
-1,-1,-1,1,1,1,1,1,-1,1,-1,1,1,1,1,-1,1,1,1,-1,0.00897092092782259
-1,-1,-1,1,1,1,1,1,-1,1,1,-1,-1,1,1,1,-1,1,1,-1,0.008971363306045532
-1,-1,-1,1,1,1,1,1,-1,1,1,-1,1,1,1,1,-1,-1,1,1,0.008971351198852062
-1,-1,-1,1,1,1,1,1,-1,1,1,1,-1,-1,-1,1,1,-1,1,-1,0.00897148810327053
-1,-1,-1,1,1,1,1,1,-1,1,1,1,-1,1,-1,-1,1,1,-1,-1,0.008972004987299442
-1,-1,-1,1,1,1,1,1,-1,1,1,1,1,1,-1,-1,-1,1,-1,1,0.008972334675490856
-1,-1,-1,1,1,1,1,1,1,-1,-1,-1,-1,1,-1,-1,-1,-1,-1,-1,0.00897207111120224
-1,-1,-1,1,1,1,1,1,1,-1,-1,-1,-1,1,1,1,-1,-1,1,-1,0.00897125992923975
-1,-1,-1,1,1,1,1,1,1,-1,-1,1,1,-1,1,-1,1,-1,-1,1,0.008971347473561764
-1,-1,-1,1,1,1,1,1,1,-1,-1,1,1,-1,1,1,-1,-1,1,-1,0.008970883674919605
-1,-1,-1,1,1,1,1,1,1,-1,1,-1,1,1,1,1,-1,-1,1,-1,0.008970949798822403
-1,-1,-1,1,1,1,1,1,1,-1,1,1,-1,-1,-1,1,1,-1,1,-1,0.008971500210464
-1,-1,-1,1,1,1,1,1,1,-1,1,1,-1,-1,1,1,-1,-1,1,-1,0.008971251547336578
-1,-1,-1,1,1,1,1,1,1,-1,1,1,-1,1,1,-1,-1,-1,1,1,0.008971885778009892
-1,-1,-1,1,1,1,1,1,1,-1,1,1,1,-1,-1,-1,1,-1,1,1,0.00897167157381773
-1,-1,-1,1,1,1,1,1,1,-1,1,1,1,1,-1,1,-1,-1,-1,-1,0.008971751667559147
-1,-1,-1,1,1,1,1,1,1,1,-1,-1,-1,-1,1,1,1,1,1,-1,0.00897105410695076
-1,-1,-1,1,1,1,1,1,1,1,-1,-1,-1,1,-1,1,-1,-1,-1,-1,0.008972061797976494
-1,-1,-1,1,1,1,1,1,1,1,-1,-1,-1,1,-1,1,-1,-1,1,1,0.008972265757620335
-1,-1,-1,1,1,1,1,1,1,1,-1,1,-1,-1,-1,1,-1,-1,1,1,0.008972227573394775
-1,-1,-1,1,1,1,1,1,1,1,-1,1,-1,-1,1,1,1,-1,-1,1,0.008971678093075752
-1,-1,-1,1,1,1,1,1,1,1,1,1,-1,-1,-1,1,-1,-1,1,-1,0.008971843868494034
-1,-1,-1,1,1,1,1,1,1,1,1,1,-1,-1,1,1,1,1,1,-1,0.008971169590950012
-1,-1,-1,1,1,1,1,1,1,1,1,1,1,-1,-1,-1,1,-1,1,1,0.008971759118139744
-1,-1,-1,1,1,1,1,1,1,1,1,1,1,-1,1,-1,1,-1,1,-1,0.008970840834081173
-1,-1,-1,1,1,1,1,1,1,1,1,1,1,-1,1,1,-1,1,1,-1,0.008971085771918297
-1,-1,1,-1,-1,-1,-1,-1,-1,-1,-1,-1,-1,1,-1,-1,1,-1,1,1,0.00897211953997612
-1,-1,1,-1,-1,-1,-1,-1,-1,-1,-1,-1,1,1,1,1,1,1,1,1,0.008971265517175198
-1,-1,1,-1,-1,-1,-1,-1,-1,-1,-1,1,1,1,-1,-1,1,1,1,-1,0.008971539326012135
-1,-1,1,-1,-1,-1,-1,-1,-1,-1,1,-1,-1,-1,1,1,-1,-1,1,-1,0.008971265517175198
-1,-1,1,-1,-1,-1,-1,-1,-1,-1,1,-1,-1,-1,1,1,-1,1,-1,-1,0.0089715626090765
-1,-1,1,-1,-1,-1,-1,-1,-1,-1,1,1,1,-1,-1,1,-1,-1,1,1,0.008971931412816048
-1,-1,1,-1,-1,-1,-1,-1,-1,1,-1,-1,-1,1,1,-1,-1,-1,-1,1,0.00897216796875
-1,-1,1,-1,-1,-1,-1,-1,-1,1,-1,1,-1,-1,1,-1,1,1,-1,-1,0.008971546776592731
-1,-1,1,-1,-1,-1,-1,-1,-1,1,-1,1,-1,1,-1,1,1,-1,-1,-1,0.008971992880105972
-1,-1,1,-1,-1,-1,-1,-1,-1,1,1,-1,-1,-1,-1,1,-1,1,1,-1,0.008971943520009518
-1,-1,1,-1,-1,-1,-1,-1,-1,1,1,-1,-1,1,1,1,-1,1,1,1,0.008971977047622204
-1,-1,1,-1,-1,-1,-1,-1,-1,1,1,-1,1,-1,1,-1,1,1,-1,-1,0.00897115096449852
-1,-1,1,-1,-1,-1,-1,-1,-1,1,1,1,-1,-1,-1,1,1,-1,-1,-1,0.008971898816525936
-1,-1,1,-1,-1,-1,-1,-1,-1,1,1,1,1,1,1,-1,-1,1,1,-1,0.00897140707820654
-1,-1,1,-1,-1,-1,-1,-1,-1,1,1,1,1,1,1,1,1,-1,1,1,0.008971381932497025
-1,-1,1,-1,-1,-1,-1,-1,1,-1,-1,-1,-1,1,1,1,-1,-1,-1,1,0.008972084149718285
-1,-1,1,-1,-1,-1,-1,-1,1,-1,-1,-1,1,-1,-1,-1,-1,-1,-1,-1,0.008971808478236198
-1,-1,1,-1,-1,-1,-1,-1,1,-1,-1,-1,1,-1,-1,1,1,1,-1,-1,0.008971542119979858
-1,-1,1,-1,-1,-1,-1,-1,1,-1,-1,-1,1,1,1,1,1,-1,-1,-1,0.008971075527369976
-1,-1,1,-1,-1,-1,-1,-1,1,-1,-1,1,-1,-1,1,1,1,1,-1,-1,0.00897146388888359
-1,-1,1,-1,-1,-1,-1,-1,1,-1,-1,1,1,-1,-1,1,-1,-1,1,-1,0.00897158868610859
-1,-1,1,-1,-1,-1,-1,-1,1,-1,-1,1,1,1,-1,-1,1,-1,-1,1,0.008972176350653172
-1,-1,1,-1,-1,-1,-1,-1,1,-1,-1,1,1,1,-1,1,1,-1,1,1,0.008971869945526123
-1,-1,1,-1,-1,-1,-1,-1,1,-1,1,-1,-1,-1,1,1,-1,-1,1,-1,0.008971366100013256
-1,-1,1,-1,-1,-1,-1,-1,1,-1,1,-1,1,-1,-1,1,1,1,1,-1,0.008971361443400383
-1,-1,1,-1,-1,-1,-1,-1,1,-1,1,1,-1,-1,-1,-1,-1,-1,1,1,0.008972466923296452
-1,-1,1,-1,-1,-1,-1,-1,1,-1,1,1,1,1,-1,1,1,1,-1,1,0.008972195908427238
-1,-1,1,-1,-1,-1,-1,-1,1,-1,1,1,1,1,1,1,1,-1,1,1,0.00897139497101307
-1,-1,1,-1,-1,-1,-1,-1,1,1,-1,-1,-1,1,-1,1,1,-1,-1,1,0.00897242035716772
-1,-1,1,-1,-1,-1,-1,-1,1,1,-1,-1,1,1,-1,-1,1,1,-1,1,0.008972263894975185
-1,-1,1,-1,-1,-1,-1,-1,1,1,-1,-1,1,1,1,1,1,1,-1,-1,0.00897124968469143
-1,-1,1,-1,-1,-1,-1,-1,1,1,-1,1,1,-1,-1,-1,-1,1,-1,-1,0.008972068317234516
-1,-1,1,-1,-1,-1,-1,-1,1,1,-1,1,1,-1,1,-1,1,1,-1,1,0.00897172186523676
-1,-1,1,-1,-1,-1,-1,-1,1,1,-1,1,1,1,-1,1,1,-1,1,1,0.008971957489848137
-1,-1,1,-1,-1,-1,-1,-1,1,1,1,-1,-1,1,-1,-1,-1,-1,1,1,0.00897259172052145
-1,-1,1,-1,-1,-1,-1,-1,1,1,1,-1,-1,1,1,1,-1,-1,-1,-1,0.008971787057816982
-1,-1,1,-1,-1,-1,-1,-1,1,1,1,1,-1,1,1,1,1,-1,-1,-1,0.008971618488430977
-1,-1,1,-1,-1,-1,-1,-1,1,1,1,1,1,1,1,1,1,-1,-1,-1,0.008971278555691242
-1,-1,1,-1,-1,-1,-1,1,-1,-1,-1,-1,-1,-1,-1,-1,1,1,1,1,0.008972433395683765
-1,-1,1,-1,-1,-1,-1,1,-1,-1,-1,-1,-1,1,-1,-1,-1,-1,1,1,0.00897272676229477
-1,-1,1,-1,-1,-1,-1,1,-1,-1,-1,-1,1,1,1,1,1,1,-1,-1,0.008971414528787136
-1,-1,1,-1,-1,-1,-1,1,-1,-1,-1,1,-1,-1,-1,-1,1,-1,1,-1,0.008972019888460636
-1,-1,1,-1,-1,-1,-1,1,-1,-1,-1,1,-1,-1,1,-1,1,-1,1,-1,0.008971515111625195
-1,-1,1,-1,-1,-1,-1,1,-1,-1,-1,1,-1,1,-1,-1,1,1,-1,1,0.008972854353487492
-1,-1,1,-1,-1,-1,-1,1,-1,-1,-1,1,-1,1,1,-1,-1,1,-1,1,0.00897260569036007
-1,-1,1,-1,-1,-1,-1,1,-1,-1,-1,1,1,-1,-1,-1,1,1,1,-1,0.008971767500042915
-1,-1,1,-1,-1,-1,-1,1,-1,-1,-1,1,1,1,1,-1,1,1,-1,1,0.00897201057523489
-1,-1,1,-1,-1,-1,-1,1,-1,-1,1,-1,-1,1,1,-1,-1,-1,1,-1,0.008971838280558586
-1,-1,1,-1,-1,-1,-1,1,-1,-1,1,1,1,-1,-1,-1,1,1,-1,1,0.00897242035716772
-1,-1,1,-1,-1,-1,-1,1,-1,-1,1,1,1,1,-1,-1,1,1,1,1,0.008972333744168282
-1,-1,1,-1,-1,-1,-1,1,-1,-1,1,1,1,1,-1,1,1,1,-1,1,0.00897244829684496
-1,-1,1,-1,-1,-1,-1,1,-1,-1,1,1,1,1,1,-1,1,1,1,1,0.008971829898655415
-1,-1,1,-1,-1,-1,-1,1,-1,1,-1,-1,1,-1,-1,-1,-1,1,-1,-1,0.008972234092652798
-1,-1,1,-1,-1,-1,-1,1,-1,1,-1,1,1,1,1,-1,1,1,1,1,0.00897188764065504
-1,-1,1,-1,-1,-1,-1,1,-1,1,1,-1,1,1,-1,-1,-1,-1,1,-1,0.008972090668976307
-1,-1,1,-1,-1,-1,-1,1,-1,1,1,1,-1,1,-1,-1,-1,-1,1,1,0.008972929790616035
-1,-1,1,-1,-1,-1,-1,1,-1,1,1,1,1,1,1,-1,-1,1,-1,1,0.008972383104264736
-1,-1,1,-1,-1,-1,-1,1,1,-1,-1,-1,-1,-1,-1,-1,1,1,-1,-1,0.008972330018877983
-1,-1,1,-1,-1,-1,-1,1,1,-1,-1,-1,-1,1,-1,-1,1,-1,-1,-1,0.008972368203103542
-1,-1,1,-1,-1,-1,-1,1,1,-1,-1,-1,-1,1,1,1,1,1,1,-1,0.008971642702817917
-1,-1,1,-1,-1,-1,-1,1,1,-1,-1,-1,1,-1,-1,-1,-1,-1,1,-1,0.00897195003926754
-1,-1,1,-1,-1,-1,-1,1,1,-1,-1,1,-1,1,-1,1,-1,-1,1,1,0.008972817100584507
-1,-1,1,-1,-1,-1,-1,1,1,-1,-1,1,1,-1,-1,-1,1,1,1,-1,0.0089718671515584
-1,-1,1,-1,-1,-1,-1,1,1,-1,-1,1,1,-1,1,-1,1,1,1,-1,0.008971362374722958
-1,-1,1,-1,-1,-1,-1,1,1,-1,-1,1,1,-1,1,1,1,1,1,-1,0.008971266448497772
-1,-1,1,-1,-1,-1,-1,1,1,-1,-1,1,1,1,-1,-1,-1,-1,-1,1,0.008972784504294395
-1,-1,1,-1,-1,-1,-1,1,1,-1,1,-1,-1,-1,1,1,-1,-1,1,1,0.00897213164716959
-1,-1,1,-1,-1,-1,-1,1,1,-1,1,-1,-1,-1,1,1,-1,1,1,1,0.008972217328846455
-1,-1,1,-1,-1,-1,-1,1,1,-1,1,1,-1,-1,-1,1,-1,1,1,1,0.008972808718681335
-1,-1,1,-1,-1,-1,-1,1,1,-1,1,1,-1,1,1,-1,-1,-1,-1,1,0.008972648531198502
-1,-1,1,-1,-1,-1,-1,1,1,-1,1,1,1,1,-1,1,-1,1,-1,-1,0.008972389623522758
-1,-1,1,-1,-1,-1,-1,1,1,-1,1,1,1,1,-1,1,1,-1,1,1,0.008972251787781715
-1,-1,1,-1,-1,-1,-1,1,1,1,-1,-1,-1,-1,1,-1,1,1,-1,-1,0.008971912786364555
-1,-1,1,-1,-1,-1,-1,1,1,1,-1,1,-1,-1,1,-1,-1,-1,-1,1,0.008972582407295704
-1,-1,1,-1,-1,-1,-1,1,1,1,1,1,1,-1,1,1,-1,-1,-1,-1,0.008971762843430042
-1,-1,1,-1,-1,-1,1,-1,-1,-1,-1,1,-1,-1,-1,1,-1,-1,-1,-1,0.008972052484750748
-1,-1,1,-1,-1,-1,1,-1,-1,-1,-1,1,-1,-1,1,1,-1,-1,-1,1,0.008971961215138435
-1,-1,1,-1,-1,-1,1,-1,-1,-1,-1,1,-1,-1,1,1,1,-1,-1,1,0.00897170603275299
-1,-1,1,-1,-1,-1,1,-1,-1,-1,-1,1,-1,1,1,-1,-1,-1,1,-1,0.008971557952463627
-1,-1,1,-1,-1,-1,1,-1,-1,-1,1,-1,-1,1,-1,-1,1,-1,-1,1,0.00897237379103899
-1,-1,1,-1,-1,-1,1,-1,-1,-1,1,-1,-1,1,1,-1,1,1,1,1,0.008971745148301125
-1,-1,1,-1,-1,-1,1,-1,-1,-1,1,-1,1,-1,1,1,1,-1,-1,1,0.008971309289336205
-1,-1,1,-1,-1,-1,1,-1,-1,-1,1,-1,1,1,-1,-1,1,1,1,-1,0.008971496485173702
-1,-1,1,-1,-1,-1,1,-1,-1,-1,1,1,-1,-1,-1,-1,1,-1,-1,1,0.00897233560681343
-1,-1,1,-1,-1,-1,1,-1,-1,-1,1,1,-1,-1,1,1,1,1,1,-1,0.00897119753062725
-1,-1,1,-1,-1,-1,1,-1,-1,-1,1,1,-1,1,-1,-1,-1,-1,-1,1,0.008972715586423874
-1,-1,1,-1,-1,-1,1,-1,-1,-1,1,1,-1,1,1,1,-1,-1,-1,-1,0.008971701376140118
-1,-1,1,-1,-1,-1,1,-1,-1,-1,1,1,-1,1,1,1,-1,-1,-1,1,0.008972114883363247
-1,-1,1,-1,-1,-1,1,-1,-1,-1,1,1,1,-1,1,-1,1,1,-1,1,0.008971578441560268
-1,-1,1,-1,-1,-1,1,-1,-1,1,-1,-1,1,1,-1,-1,1,-1,-1,1,0.008972092531621456
-1,-1,1,-1,-1,-1,1,-1,-1,1,-1,1,-1,-1,-1,1,-1,-1,-1,1,0.00897255353629589
-1,-1,1,-1,-1,-1,1,-1,-1,1,-1,1,-1,-1,1,-1,1,-1,-1,1,0.00897188950330019
-1,-1,1,-1,-1,-1,1,-1,-1,1,-1,1,1,-1,-1,-1,1,-1,-1,-1,0.008971640840172768
-1,-1,1,-1,-1,-1,1,-1,-1,1,1,-1,1,1,-1,1,-1,-1,1,-1,0.00897165760397911
-1,-1,1,-1,-1,-1,1,-1,1,-1,-1,-1,-1,-1,-1,-1,1,1,1,1,0.008972195908427238
-1,-1,1,-1,-1,-1,1,-1,1,-1,-1,1,-1,-1,1,-1,1,1,1,1,0.008971777744591236
-1,-1,1,-1,-1,-1,1,-1,1,-1,-1,1,1,-1,-1,1,-1,-1,1,1,0.008972017094492912
-1,-1,1,-1,-1,-1,1,-1,1,-1,-1,1,1,-1,1,-1,-1,1,1,-1,0.008971281349658966
-1,-1,1,-1,-1,-1,1,-1,1,-1,1,-1,-1,-1,-1,-1,-1,-1,-1,-1,0.008972191251814365
-1,-1,1,-1,-1,-1,1,-1,1,-1,1,-1,-1,-1,1,-1,-1,1,1,-1,0.0089715626090765
-1,-1,1,-1,-1,-1,1,-1,1,-1,1,-1,-1,1,-1,1,-1,1,-1,1,0.008972719311714172
-1,-1,1,-1,-1,-1,1,-1,1,-1,1,-1,-1,1,1,-1,-1,-1,1,-1,0.00897160079330206
-1,-1,1,-1,-1,-1,1,-1,1,-1,1,1,-1,1,-1,1,-1,-1,1,-1,0.00897209532558918
-1,-1,1,-1,-1,-1,1,-1,1,1,1,1,1,1,-1,-1,1,1,-1,-1,0.008971980772912502
-1,-1,1,-1,-1,-1,1,1,-1,-1,-1,-1,1,-1,-1,1,-1,1,1,1,0.008972268551588058
-1,-1,1,-1,-1,-1,1,1,-1,-1,-1,-1,1,-1,1,1,1,1,1,1,0.008971508592367172
-1,-1,1,-1,-1,-1,1,1,-1,-1,-1,1,1,1,-1,-1,1,-1,1,-1,0.008971819654107094
-1,-1,1,-1,-1,-1,1,1,-1,-1,-1,1,1,1,1,-1,1,-1,1,-1,0.008971314877271652
-1,-1,1,-1,-1,-1,1,1,-1,-1,1,-1,-1,1,-1,1,1,-1,-1,-1,0.008972215466201305
-1,-1,1,-1,-1,-1,1,1,-1,-1,1,-1,-1,1,1,-1,-1,1,-1,-1,0.008972149342298508
-1,-1,1,-1,-1,-1,1,1,-1,-1,1,-1,1,1,1,-1,-1,1,-1,1,0.008972223848104477
-1,-1,1,-1,-1,-1,1,1,-1,-1,1,1,-1,1,1,1,-1,1,-1,-1,0.008972139097750187
-1,-1,1,-1,-1,-1,1,1,-1,-1,1,1,1,-1,1,-1,1,1,-1,1,0.008971930481493473
-1,-1,1,-1,-1,-1,1,1,-1,-1,1,1,1,1,1,-1,-1,-1,1,-1,0.008971599861979485
-1,-1,1,-1,-1,-1,1,1,-1,-1,1,1,1,1,1,-1,-1,1,-1,-1,0.008971896953880787
-1,-1,1,-1,-1,-1,1,1,-1,1,-1,-1,1,1,1,1,-1,-1,-1,1,0.008972099050879478
-1,-1,1,-1,-1,-1,1,1,-1,1,-1,-1,1,1,1,1,1,-1,1,1,0.00897163338959217
-1,-1,1,-1,-1,-1,1,1,-1,1,-1,1,-1,1,-1,1,-1,1,1,-1,0.008972492069005966
-1,-1,1,-1,-1,-1,1,1,-1,1,-1,1,1,-1,-1,1,-1,-1,-1,1,0.008972566574811935
-1,-1,1,-1,-1,-1,1,1,-1,1,1,-1,-1,1,-1,-1,1,1,-1,1,0.008972899056971073
-1,-1,1,-1,-1,-1,1,1,-1,1,1,-1,-1,1,1,1,1,1,1,-1,0.008971674367785454
-1,-1,1,-1,-1,-1,1,1,-1,1,1,-1,1,1,1,-1,-1,1,-1,1,0.00897231139242649
-1,-1,1,-1,-1,-1,1,1,-1,1,1,-1,1,1,1,-1,1,1,1,1,0.008971845731139183
-1,-1,1,-1,-1,-1,1,1,-1,1,1,-1,1,1,1,1,-1,-1,1,-1,0.008971504867076874
-1,-1,1,-1,-1,-1,1,1,-1,1,1,1,-1,-1,-1,-1,-1,1,-1,1,0.008973116986453533
-1,-1,1,-1,-1,-1,1,1,-1,1,1,1,-1,1,-1,-1,-1,1,1,-1,0.00897261779755354
-1,-1,1,-1,-1,-1,1,1,-1,1,1,1,1,-1,1,-1,-1,-1,-1,1,0.008972187526524067
-1,-1,1,-1,-1,-1,1,1,-1,1,1,1,1,-1,1,1,-1,1,-1,1,0.008972177281975746
-1,-1,1,-1,-1,-1,1,1,1,-1,-1,-1,-1,1,-1,1,1,-1,-1,-1,0.008972286246716976
-1,-1,1,-1,-1,-1,1,1,1,-1,-1,-1,-1,1,1,-1,-1,1,1,-1,0.008972009643912315
-1,-1,1,-1,-1,-1,1,1,1,-1,-1,1,1,1,-1,-1,-1,-1,1,-1,0.008972175419330597
-1,-1,1,-1,-1,-1,1,1,1,-1,-1,1,1,1,-1,1,-1,-1,-1,-1,0.0089722890406847
-1,-1,1,-1,-1,-1,1,1,1,-1,1,-1,-1,-1,-1,-1,1,-1,-1,1,0.008972701616585255
-1,-1,1,-1,-1,-1,1,1,1,-1,1,-1,1,1,1,-1,1,-1,-1,-1,0.008971568197011948
-1,-1,1,-1,-1,-1,1,1,1,-1,1,1,-1,-1,1,-1,-1,1,-1,-1,0.008972211740911007
-1,-1,1,-1,-1,-1,1,1,1,-1,1,1,-1,1,1,1,1,-1,-1,-1,0.008971897885203362
-1,-1,1,-1,-1,-1,1,1,1,-1,1,1,1,-1,-1,1,-1,-1,-1,-1,0.008972194977104664
-1,-1,1,-1,-1,-1,1,1,1,-1,1,1,1,-1,-1,1,1,1,-1,1,0.008972438983619213
-1,-1,1,-1,-1,-1,1,1,1,-1,1,1,1,-1,1,-1,-1,-1,-1,-1,0.008971786126494408
-1,-1,1,-1,-1,-1,1,1,1,-1,1,1,1,1,-1,1,1,-1,1,1,0.00897226668894291
-1,-1,1,-1,-1,-1,1,1,1,1,-1,-1,1,-1,-1,-1,-1,-1,-1,-1,0.00897226296365261
-1,-1,1,-1,-1,-1,1,1,1,1,-1,-1,1,1,-1,1,1,1,-1,-1,0.008972120471298695
-1,-1,1,-1,-1,-1,1,1,1,1,-1,1,-1,1,-1,-1,-1,1,-1,1,0.008973311632871628
-1,-1,1,-1,-1,-1,1,1,1,1,-1,1,1,1,1,1,1,-1,-1,1,0.008972030133008957
-1,-1,1,-1,-1,-1,1,1,1,1,1,-1,1,1,-1,1,1,1,1,-1,0.00897193979471922
-1,-1,1,-1,-1,-1,1,1,1,1,1,1,-1,-1,1,-1,-1,1,1,-1,0.008972088806331158
-1,-1,1,-1,-1,1,-1,-1,-1,-1,-1,-1,-1,1,-1,-1,1,-1,1,1,0.008972030133008957
-1,-1,1,-1,-1,1,-1,-1,-1,-1,-1,-1,-1,1,1,-1,1,1,-1,-1,0.008971408940851688
-1,-1,1,-1,-1,1,-1,-1,-1,-1,-1,-1,1,1,1,-1,1,-1,1,-1,0.008970772847533226
-1,-1,1,-1,-1,1,-1,-1,-1,-1,-1,1,-1,-1,1,1,-1,1,1,-1,0.0089713204652071
-1,-1,1,-1,-1,1,-1,-1,-1,-1,-1,1,-1,1,-1,-1,-1,-1,-1,1,0.008972582407295704
-1,-1,1,-1,-1,1,-1,-1,-1,-1,-1,1,-1,1,-1,1,-1,1,-1,1,0.008972573094069958
-1,-1,1,-1,-1,1,-1,-1,-1,-1,1,-1,1,1,1,-1,1,-1,-1,-1,0.008971012197434902
-1,-1,1,-1,-1,1,-1,-1,-1,-1,1,1,-1,1,1,1,1,1,-1,-1,0.008971428498625755
-1,-1,1,-1,-1,1,-1,-1,-1,-1,1,1,1,1,-1,1,1,-1,1,-1,0.008971297182142735
-1,-1,1,-1,-1,1,-1,-1,-1,1,-1,-1,1,-1,-1,-1,1,-1,-1,1,0.00897186528891325
-1,-1,1,-1,-1,1,-1,-1,-1,1,-1,1,-1,1,-1,-1,1,-1,-1,1,0.008972414769232273
-1,-1,1,-1,-1,1,-1,-1,-1,1,1,-1,-1,-1,-1,1,1,-1,-1,1,0.008972137235105038
-1,-1,1,-1,-1,1,-1,-1,-1,1,1,-1,-1,-1,1,-1,-1,-1,-1,-1,0.008971570990979671
-1,-1,1,-1,-1,1,-1,-1,-1,1,1,-1,-1,1,1,1,-1,1,-1,-1,0.008971684612333775
-1,-1,1,-1,-1,1,-1,-1,-1,1,1,-1,1,1,1,-1,-1,1,-1,1,0.00897185504436493
-1,-1,1,-1,-1,1,-1,-1,-1,1,1,-1,1,1,1,1,1,1,-1,1,0.0089715039357543
-1,-1,1,-1,-1,1,-1,-1,1,-1,-1,-1,-1,-1,1,1,-1,1,1,1,0.008971747010946274
-1,-1,1,-1,-1,1,-1,-1,1,-1,-1,1,-1,1,-1,1,1,-1,-1,1,0.008972330950200558
-1,-1,1,-1,-1,1,-1,-1,1,-1,-1,1,1,-1,1,1,1,1,1,1,0.008971239440143108
-1,-1,1,-1,-1,1,-1,-1,1,-1,1,-1,1,-1,-1,1,1,1,1,1,0.008971686474978924
-1,-1,1,-1,-1,1,-1,-1,1,-1,1,-1,1,-1,1,1,-1,1,-1,1,0.008971648290753365
-1,-1,1,-1,-1,1,-1,-1,1,-1,1,-1,1,1,-1,1,-1,-1,1,-1,0.008971566334366798
-1,-1,1,-1,-1,1,-1,-1,1,-1,1,1,1,-1,-1,-1,1,1,1,1,0.008971869014203548
-1,-1,1,-1,-1,1,-1,-1,1,1,-1,-1,-1,-1,-1,-1,1,1,-1,-1,0.00897197611629963
-1,-1,1,-1,-1,1,-1,-1,1,1,-1,1,1,-1,1,-1,-1,1,-1,1,0.008971888571977615
-1,-1,1,-1,-1,1,-1,-1,1,1,-1,1,1,-1,1,1,1,-1,-1,-1,0.008971036411821842
-1,-1,1,-1,-1,1,-1,-1,1,1,-1,1,1,1,-1,-1,-1,1,-1,1,0.00897251721471548
-1,-1,1,-1,-1,1,-1,-1,1,1,1,-1,-1,1,-1,1,1,1,1,-1,0.008971823379397392
-1,-1,1,-1,-1,1,-1,-1,1,1,1,-1,-1,1,1,-1,1,-1,-1,-1,0.008971539326012135
-1,-1,1,-1,-1,1,-1,-1,1,1,1,1,-1,-1,-1,-1,1,1,-1,1,0.008972506038844585
-1,-1,1,-1,-1,1,-1,1,-1,-1,-1,1,-1,-1,-1,1,-1,1,1,-1,0.008972177281975746
-1,-1,1,-1,-1,1,-1,1,-1,-1,-1,1,-1,-1,1,1,-1,1,1,1,0.008972086012363434
-1,-1,1,-1,-1,1,-1,1,-1,-1,-1,1,-1,1,1,1,1,-1,-1,1,0.008972078561782837
-1,-1,1,-1,-1,1,-1,1,-1,-1,1,-1,1,-1,1,-1,-1,1,-1,-1,0.008971582166850567
-1,-1,1,-1,-1,1,-1,1,-1,-1,1,1,-1,-1,-1,1,-1,1,-1,1,0.008972830139100552
-1,-1,1,-1,-1,1,-1,1,-1,-1,1,1,1,-1,-1,1,-1,1,1,1,0.008972280658781528
-1,-1,1,-1,-1,1,-1,1,-1,-1,1,1,1,1,1,1,-1,-1,1,1,0.008971814066171646
-1,-1,1,-1,-1,1,-1,1,-1,-1,1,1,1,1,1,1,1,1,-1,1,0.00897185504436493
-1,-1,1,-1,-1,1,-1,1,-1,1,-1,-1,-1,1,-1,1,1,-1,1,-1,0.00897196028381586
-1,-1,1,-1,-1,1,-1,1,-1,1,-1,-1,-1,1,1,1,-1,1,1,-1,0.008971797302365303
-1,-1,1,-1,-1,1,-1,1,-1,1,-1,-1,1,-1,-1,-1,-1,1,1,-1,0.008971935138106346
-1,-1,1,-1,-1,1,-1,1,-1,1,-1,-1,1,-1,-1,-1,1,-1,-1,-1,0.00897180289030075
-1,-1,1,-1,-1,1,-1,1,-1,1,-1,-1,1,1,-1,1,1,1,1,-1,0.008971706964075565
-1,-1,1,-1,-1,1,-1,1,-1,1,-1,1,-1,1,-1,-1,1,-1,1,-1,0.008972142823040485
-1,-1,1,-1,-1,1,-1,1,-1,1,-1,1,1,1,-1,-1,1,1,1,1,0.00897230301052332
-1,-1,1,-1,-1,1,-1,1,-1,1,1,-1,-1,-1,-1,-1,1,-1,1,-1,0.008971961215138435
-1,-1,1,-1,-1,1,-1,1,-1,1,1,-1,1,-1,-1,1,1,1,1,-1,0.008971611969172955
-1,-1,1,-1,-1,1,-1,1,-1,1,1,1,-1,-1,1,-1,-1,1,1,-1,0.008971884846687317
-1,-1,1,-1,-1,1,-1,1,-1,1,1,1,-1,1,1,-1,-1,1,-1,-1,0.008972219191491604
-1,-1,1,-1,-1,1,-1,1,1,-1,-1,-1,1,-1,-1,-1,1,-1,1,-1,0.008971605449914932
-1,-1,1,-1,-1,1,-1,1,1,-1,-1,1,-1,1,1,-1,1,1,1,1,0.008972150273621082
-1,-1,1,-1,-1,1,-1,1,1,-1,-1,1,-1,1,1,1,1,1,-1,-1,0.00897185131907463
-1,-1,1,-1,-1,1,-1,1,1,-1,1,1,-1,1,-1,-1,1,1,1,-1,0.008972270414233208
-1,-1,1,-1,-1,1,-1,1,1,-1,1,1,1,1,-1,-1,-1,-1,-1,-1,0.00897231139242649
-1,-1,1,-1,-1,1,-1,1,1,1,-1,-1,-1,-1,1,-1,1,-1,-1,-1,0.008971737697720528
-1,-1,1,-1,-1,1,-1,1,1,1,-1,-1,-1,-1,1,1,1,-1,1,1,0.008971844799816608
-1,-1,1,-1,-1,1,-1,1,1,1,-1,-1,1,-1,-1,-1,-1,1,1,-1,0.00897203478962183
-1,-1,1,-1,-1,1,-1,1,1,1,-1,-1,1,-1,-1,1,1,1,1,-1,0.008971682749688625
-1,-1,1,-1,-1,1,-1,1,1,1,-1,1,-1,-1,-1,1,1,1,1,1,0.008972521871328354
-1,-1,1,-1,-1,1,-1,1,1,1,-1,1,1,-1,1,1,-1,-1,1,1,0.008971847593784332
-1,-1,1,-1,-1,1,-1,1,1,1,1,-1,-1,-1,1,1,1,1,1,-1,0.008971546776592731
-1,-1,1,-1,-1,1,-1,1,1,1,1,-1,1,-1,-1,1,-1,-1,1,1,0.008972295559942722
-1,-1,1,-1,-1,1,-1,1,1,1,1,-1,1,-1,1,1,1,1,1,-1,0.008971207775175571
-1,-1,1,-1,-1,1,1,-1,-1,-1,-1,-1,-1,1,1,-1,1,1,-1,-1,0.008971423842012882
-1,-1,1,-1,-1,1,1,-1,-1,-1,-1,-1,1,-1,-1,1,-1,1,1,-1,0.008971414528787136
-1,-1,1,-1,-1,1,1,-1,-1,-1,-1,-1,1,1,1,-1,-1,1,-1,-1,0.008971340022981167
-1,-1,1,-1,-1,1,1,-1,-1,-1,-1,-1,1,1,1,1,-1,1,-1,-1,0.008971244096755981
-1,-1,1,-1,-1,1,1,-1,-1,-1,-1,1,-1,-1,-1,1,1,1,-1,-1,0.00897179450839758
-1,-1,1,-1,-1,1,1,-1,-1,-1,-1,1,1,1,-1,-1,-1,1,-1,1,0.008972344920039177
-1,-1,1,-1,-1,1,1,-1,-1,-1,-1,1,1,1,-1,1,-1,-1,1,1,0.00897195190191269
-1,-1,1,-1,-1,1,1,-1,-1,-1,-1,1,1,1,1,1,-1,-1,-1,-1,0.008971244096755981
-1,-1,1,-1,-1,1,1,-1,-1,-1,1,-1,-1,1,-1,1,1,1,1,-1,0.008971651084721088
-1,-1,1,-1,-1,1,1,-1,-1,-1,1,-1,1,-1,-1,1,-1,1,-1,1,0.008972067385911942
-1,-1,1,-1,-1,1,1,-1,-1,-1,1,-1,1,-1,1,1,1,-1,1,1,0.008971010334789753
-1,-1,1,-1,-1,1,1,-1,-1,-1,1,-1,1,1,1,1,-1,1,1,-1,0.008971062488853931
-1,-1,1,-1,-1,1,1,-1,-1,-1,1,1,1,-1,1,1,1,-1,1,1,0.008971096947789192
-1,-1,1,-1,-1,1,1,-1,-1,1,-1,-1,-1,-1,-1,1,-1,-1,1,1,0.00897216796875
-1,-1,1,-1,-1,1,1,-1,-1,1,-1,-1,1,-1,-1,1,1,1,1,-1,0.00897124595940113
-1,-1,1,-1,-1,1,1,-1,-1,1,-1,-1,1,-1,1,-1,-1,-1,-1,-1,0.008971217088401318
-1,-1,1,-1,-1,1,1,-1,-1,1,1,1,-1,-1,1,1,-1,1,1,1,0.00897186528891325
-1,-1,1,-1,-1,1,1,-1,-1,1,1,1,-1,1,-1,1,-1,-1,1,1,0.008972407318651676
-1,-1,1,-1,-1,1,1,-1,-1,1,1,1,1,-1,-1,1,1,-1,-1,-1,0.008971485309302807
-1,-1,1,-1,-1,1,1,-1,-1,1,1,1,1,-1,1,1,-1,-1,-1,-1,0.008971236646175385
-1,-1,1,-1,-1,1,1,-1,-1,1,1,1,1,-1,1,1,-1,1,-1,-1,0.008971323259174824
-1,-1,1,-1,-1,1,1,-1,-1,1,1,1,1,1,-1,1,-1,1,1,-1,0.008971741423010826
-1,-1,1,-1,-1,1,1,-1,-1,1,1,1,1,1,1,1,1,1,-1,1,0.008971604518592358
-1,-1,1,-1,-1,1,1,-1,1,-1,-1,-1,-1,-1,-1,-1,1,1,-1,1,0.008972317911684513
-1,-1,1,-1,-1,1,1,-1,1,-1,-1,-1,1,-1,-1,1,1,1,1,1,0.008971672505140305
-1,-1,1,-1,-1,1,1,-1,1,-1,-1,1,-1,-1,1,-1,1,1,-1,-1,0.008971486240625381
-1,-1,1,-1,-1,1,1,-1,1,-1,-1,1,1,-1,-1,1,1,-1,1,-1,0.008971258997917175
-1,-1,1,-1,-1,1,1,-1,1,-1,-1,1,1,-1,1,-1,-1,1,-1,1,0.008971815928816795
-1,-1,1,-1,-1,1,1,-1,1,-1,-1,1,1,1,-1,-1,1,-1,1,1,0.008971892297267914
-1,-1,1,-1,-1,1,1,-1,1,-1,1,-1,-1,1,-1,-1,1,1,-1,1,0.00897247064858675
-1,-1,1,-1,-1,1,1,-1,1,-1,1,-1,1,1,1,1,1,1,-1,-1,0.008971117436885834
-1,-1,1,-1,-1,1,1,-1,1,-1,1,1,-1,-1,-1,1,-1,1,-1,1,0.008972592651844025
-1,-1,1,-1,-1,1,1,-1,1,-1,1,1,-1,1,1,-1,1,-1,1,-1,0.00897134281694889
-1,-1,1,-1,-1,1,1,-1,1,-1,1,1,-1,1,1,1,-1,1,-1,1,0.008972212672233582
-1,-1,1,-1,-1,1,1,-1,1,-1,1,1,1,1,1,1,1,1,-1,-1,0.008971204049885273
-1,-1,1,-1,-1,1,1,-1,1,1,-1,-1,-1,-1,-1,-1,1,-1,-1,1,0.008972318843007088
-1,-1,1,-1,-1,1,1,-1,1,1,-1,-1,-1,-1,1,1,1,1,-1,-1,0.008971390314400196
-1,-1,1,-1,-1,1,1,-1,1,1,-1,1,-1,-1,-1,-1,-1,1,1,1,0.008972536772489548
-1,-1,1,-1,-1,1,1,-1,1,1,-1,1,1,-1,-1,-1,1,-1,-1,1,0.008972066454589367
-1,-1,1,-1,-1,1,1,-1,1,1,1,-1,-1,-1,-1,-1,1,1,-1,-1,0.00897202081978321
-1,-1,1,-1,-1,1,1,-1,1,1,1,1,-1,-1,1,-1,-1,-1,-1,-1,0.008971772156655788
-1,-1,1,-1,-1,1,1,-1,1,1,1,1,1,-1,-1,-1,-1,1,-1,-1,0.008972023613750935
-1,-1,1,-1,-1,1,1,-1,1,1,1,1,1,1,-1,1,1,1,-1,1,0.008972208946943283
-1,-1,1,-1,-1,1,1,1,-1,-1,-1,-1,-1,-1,-1,1,-1,-1,-1,-1,0.008972229436039925
-1,-1,1,-1,-1,1,1,1,-1,-1,-1,-1,-1,1,1,1,-1,1,1,-1,0.008971724659204483
-1,-1,1,-1,-1,1,1,1,-1,-1,-1,-1,1,-1,-1,1,1,-1,-1,-1,0.008971634320914745
-1,-1,1,-1,-1,1,1,1,-1,-1,-1,1,1,-1,-1,1,1,-1,1,-1,0.008971510455012321
-1,-1,1,-1,-1,1,1,1,-1,-1,1,-1,1,1,-1,1,1,1,1,1,0.008972077630460262
-1,-1,1,-1,-1,1,1,1,-1,-1,1,-1,1,1,1,-1,1,1,-1,-1,0.00897146575152874
-1,-1,1,-1,-1,1,1,1,-1,-1,1,1,-1,1,-1,1,-1,-1,-1,-1,0.0089724687859416
-1,-1,1,-1,-1,1,1,1,-1,-1,1,1,-1,1,1,1,-1,-1,-1,1,0.008972378447651863
-1,-1,1,-1,-1,1,1,1,-1,-1,1,1,1,-1,-1,1,-1,1,1,1,0.008972295559942722
-1,-1,1,-1,-1,1,1,1,-1,1,-1,-1,-1,-1,1,1,-1,-1,-1,1,0.008972225710749626
-1,-1,1,-1,-1,1,1,1,-1,1,-1,1,-1,1,-1,-1,-1,1,-1,1,0.008973123505711555
-1,-1,1,-1,-1,1,1,1,-1,1,-1,1,1,-1,1,-1,-1,1,-1,-1,0.008971741423010826
-1,-1,1,-1,-1,1,1,1,-1,1,1,-1,-1,1,-1,1,-1,-1,-1,1,0.00897288415580988
-1,-1,1,-1,-1,1,1,1,-1,1,1,-1,-1,1,1,1,-1,-1,-1,1,0.008972379378974438
-1,-1,1,-1,-1,1,1,1,-1,1,1,-1,1,-1,1,-1,-1,1,-1,1,0.008972098119556904
-1,-1,1,-1,-1,1,1,1,1,-1,-1,-1,-1,-1,1,1,1,1,-1,1,0.00897206924855709
-1,-1,1,-1,-1,1,1,1,1,-1,-1,1,-1,-1,-1,1,-1,-1,1,-1,0.008972205221652985
-1,-1,1,-1,-1,1,1,1,1,-1,1,-1,-1,-1,-1,1,-1,1,1,-1,0.008972235023975372
-1,-1,1,-1,-1,1,1,1,1,-1,1,1,-1,-1,-1,-1,1,-1,1,-1,0.008972075767815113
-1,-1,1,-1,-1,1,1,1,1,-1,1,1,-1,1,1,1,-1,-1,-1,-1,0.008972064591944218
-1,-1,1,-1,-1,1,1,1,1,-1,1,1,1,-1,1,1,1,-1,1,1,0.008971549570560455
-1,-1,1,-1,-1,1,1,1,1,1,-1,-1,-1,1,-1,1,-1,1,-1,1,0.008973040618002415
-1,-1,1,-1,-1,1,1,1,1,1,-1,-1,-1,1,-1,1,1,1,1,-1,0.008972160518169403
-1,-1,1,-1,-1,1,1,1,1,1,-1,-1,1,-1,-1,-1,-1,1,1,1,0.008972463198006153
-1,-1,1,-1,-1,1,1,1,1,1,-1,1,-1,1,1,1,-1,-1,1,-1,0.00897191185504198
-1,-1,1,-1,-1,1,1,1,1,1,-1,1,-1,1,1,1,1,1,-1,1,0.008972366340458393
-1,-1,1,-1,-1,1,1,1,1,1,-1,1,1,1,1,-1,1,1,-1,1,0.008972124196588993
-1,-1,1,-1,-1,1,1,1,1,1,1,-1,-1,1,-1,1,-1,1,1,-1,0.008972445502877235
-1,-1,1,-1,1,-1,-1,-1,-1,-1,-1,-1,-1,-1,-1,1,1,-1,1,1,0.008971430361270905
-1,-1,1,-1,1,-1,-1,-1,-1,-1,-1,-1,1,-1,1,-1,1,-1,1,1,0.008970683440566063
-1,-1,1,-1,1,-1,-1,-1,-1,-1,-1,1,1,-1,1,1,1,1,-1,-1,0.00897055584937334
-1,-1,1,-1,1,-1,-1,-1,-1,-1,1,-1,-1,1,1,-1,-1,1,1,1,0.008971517905592918
-1,-1,1,-1,1,-1,-1,-1,-1,-1,1,1,-1,1,-1,-1,1,-1,1,-1,0.008971353061497211
-1,-1,1,-1,1,-1,-1,-1,-1,-1,1,1,-1,1,-1,-1,1,1,-1,1,0.008972062729299068
-1,-1,1,-1,1,-1,-1,-1,-1,-1,1,1,-1,1,-1,-1,1,1,1,-1,0.008971438743174076
-1,-1,1,-1,1,-1,-1,-1,-1,-1,1,1,1,-1,-1,-1,-1,-1,1,1,0.008971558883786201
-1,-1,1,-1,1,-1,-1,-1,-1,-1,1,1,1,-1,1,1,1,-1,-1,-1,0.008970499038696289
-1,-1,1,-1,1,-1,-1,-1,-1,-1,1,1,1,1,-1,1,1,-1,1,1,0.008971331641077995
-1,-1,1,-1,1,-1,-1,-1,-1,1,-1,-1,-1,-1,1,1,1,1,-1,1,0.00897131022065878
-1,-1,1,-1,1,-1,-1,-1,-1,1,-1,-1,-1,1,1,-1,1,-1,1,-1,0.008970820344984531
-1,-1,1,-1,1,-1,-1,-1,-1,1,-1,-1,1,-1,-1,-1,-1,1,1,1,0.008971616625785828
-1,-1,1,-1,1,-1,-1,-1,-1,1,-1,-1,1,-1,-1,1,-1,1,1,-1,0.008971107192337513
-1,-1,1,-1,1,-1,-1,-1,-1,1,-1,-1,1,1,1,-1,1,1,1,-1,0.008970567025244236
-1,-1,1,-1,1,-1,-1,-1,-1,1,-1,1,-1,-1,1,-1,1,-1,-1,1,0.008971406146883965
-1,-1,1,-1,1,-1,-1,-1,-1,1,-1,1,-1,1,-1,1,1,1,-1,-1,0.00897161103785038
-1,-1,1,-1,1,-1,-1,-1,-1,1,-1,1,-1,1,1,-1,-1,-1,-1,1,0.008971786126494408
-1,-1,1,-1,1,-1,-1,-1,-1,1,-1,1,-1,1,1,1,-1,1,1,-1,0.008971151895821095
-1,-1,1,-1,1,-1,-1,-1,-1,1,1,-1,-1,1,1,1,-1,1,-1,1,0.008971719071269035
-1,-1,1,-1,1,-1,-1,-1,-1,1,1,-1,1,-1,-1,1,-1,1,1,-1,0.008971136063337326
-1,-1,1,-1,1,-1,-1,-1,-1,1,1,1,-1,-1,-1,1,1,1,-1,1,0.008971930481493473
-1,-1,1,-1,1,-1,-1,-1,-1,1,1,1,-1,-1,1,-1,-1,1,1,-1,0.008971153758466244
-1,-1,1,-1,1,-1,-1,-1,-1,1,1,1,-1,-1,1,-1,1,1,-1,-1,0.008971108123660088
-1,-1,1,-1,1,-1,-1,-1,-1,1,1,1,-1,-1,1,1,-1,-1,-1,-1,0.008971181698143482
-1,-1,1,-1,1,-1,-1,-1,-1,1,1,1,-1,1,1,1,-1,1,-1,-1,0.00897139124572277
-1,-1,1,-1,1,-1,-1,-1,1,-1,-1,-1,-1,-1,-1,1,-1,-1,-1,-1,0.008971583098173141
-1,-1,1,-1,1,-1,-1,-1,1,-1,-1,-1,1,-1,-1,-1,1,1,1,1,0.008971373550593853
-1,-1,1,-1,1,-1,-1,-1,1,-1,-1,-1,1,1,1,-1,1,-1,1,1,0.00897090695798397
-1,-1,1,-1,1,-1,-1,-1,1,-1,-1,1,1,1,-1,-1,-1,1,1,1,0.008971840143203735
-1,-1,1,-1,1,-1,-1,-1,1,-1,1,-1,1,-1,-1,1,-1,1,-1,1,0.008971773087978363
-1,-1,1,-1,1,-1,-1,-1,1,-1,1,-1,1,1,-1,1,1,-1,1,1,0.00897134467959404
-1,-1,1,-1,1,-1,-1,-1,1,-1,1,-1,1,1,-1,1,1,1,-1,1,0.008971640840172768
-1,-1,1,-1,1,-1,-1,-1,1,-1,1,-1,1,1,1,-1,-1,-1,-1,-1,0.008970988914370537
-1,-1,1,-1,1,-1,-1,-1,1,-1,1,1,-1,-1,-1,-1,1,1,1,1,0.00897182896733284
-1,-1,1,-1,1,-1,-1,-1,1,-1,1,1,1,-1,-1,1,1,1,1,-1,0.00897097960114479
-1,-1,1,-1,1,-1,-1,-1,1,1,-1,-1,-1,-1,-1,-1,-1,1,1,1,0.008972056210041046
-1,-1,1,-1,1,-1,-1,-1,1,1,-1,-1,-1,1,1,1,-1,-1,1,-1,0.008971079252660275
-1,-1,1,-1,1,-1,-1,-1,1,1,-1,-1,1,-1,-1,-1,1,-1,-1,1,0.00897158496081829
-1,-1,1,-1,1,-1,-1,-1,1,1,-1,-1,1,1,1,1,-1,1,-1,1,0.008971449919044971
-1,-1,1,-1,1,-1,-1,-1,1,1,-1,1,-1,-1,1,1,1,-1,1,-1,0.00897078588604927
-1,-1,1,-1,1,-1,-1,-1,1,1,-1,1,1,-1,-1,-1,-1,-1,-1,1,0.00897192768752575
-1,-1,1,-1,1,-1,-1,-1,1,1,-1,1,1,-1,1,-1,-1,-1,1,1,0.008971212431788445
-1,-1,1,-1,1,-1,-1,-1,1,1,-1,1,1,-1,1,-1,1,1,-1,1,0.008971253409981728
-1,-1,1,-1,1,-1,-1,-1,1,1,1,-1,1,1,-1,-1,-1,-1,-1,1,0.008971994742751122
-1,-1,1,-1,1,-1,-1,-1,1,1,1,1,-1,-1,-1,-1,1,1,1,-1,0.008971503004431725
-1,-1,1,-1,1,-1,-1,-1,1,1,1,1,-1,-1,1,-1,-1,1,1,-1,0.008971253409981728
-1,-1,1,-1,1,-1,-1,-1,1,1,1,1,1,-1,-1,1,1,1,1,1,0.008971480652689934
-1,-1,1,-1,1,-1,-1,1,-1,-1,-1,1,-1,-1,1,1,1,-1,-1,1,0.00897157471626997
-1,-1,1,-1,1,-1,-1,1,-1,-1,-1,1,-1,1,1,-1,1,-1,-1,1,0.008971795439720154
-1,-1,1,-1,1,-1,-1,1,-1,-1,-1,1,-1,1,1,-1,1,1,1,-1,0.008971257135272026
-1,-1,1,-1,1,-1,-1,1,-1,-1,-1,1,1,-1,-1,-1,1,1,1,-1,0.008971299044787884
-1,-1,1,-1,1,-1,-1,1,-1,-1,-1,1,1,-1,-1,1,1,-1,-1,-1,0.008971326984465122
-1,-1,1,-1,1,-1,-1,1,-1,-1,-1,1,1,1,-1,1,-1,-1,1,-1,0.008971496485173702
-1,-1,1,-1,1,-1,-1,1,-1,-1,1,-1,-1,-1,-1,-1,-1,-1,1,-1,0.008971750736236572
-1,-1,1,-1,1,-1,-1,1,-1,-1,1,1,-1,1,-1,1,-1,1,1,1,0.008972364477813244
-1,-1,1,-1,1,-1,-1,1,-1,-1,1,1,1,-1,-1,1,1,1,-1,-1,0.008971442468464375
-1,-1,1,-1,1,-1,-1,1,-1,1,-1,1,1,-1,1,1,-1,-1,-1,1,0.008971578441560268
-1,-1,1,-1,1,-1,-1,1,-1,1,-1,1,1,1,-1,-1,1,1,-1,-1,0.00897172000259161
-1,-1,1,-1,1,-1,-1,1,-1,1,1,-1,-1,1,1,1,1,-1,1,-1,0.008971105329692364
-1,-1,1,-1,1,-1,-1,1,-1,1,1,-1,1,1,-1,-1,1,1,-1,-1,0.008971663191914558
-1,-1,1,-1,1,-1,-1,1,-1,1,1,-1,1,1,1,-1,1,1,1,-1,0.008970948867499828
-1,-1,1,-1,1,-1,-1,1,-1,1,1,1,-1,-1,1,1,-1,1,-1,1,0.008972033858299255
-1,-1,1,-1,1,-1,-1,1,-1,1,1,1,-1,-1,1,1,1,-1,1,-1,0.008971068076789379
-1,-1,1,-1,1,-1,-1,1,-1,1,1,1,-1,1,-1,1,-1,-1,-1,-1,0.008972162380814552
-1,-1,1,-1,1,-1,-1,1,1,-1,-1,1,-1,-1,-1,1,1,1,1,1,0.008972055278718472
-1,-1,1,-1,1,-1,-1,1,1,-1,-1,1,-1,-1,1,-1,-1,-1,1,1,0.00897181686013937
-1,-1,1,-1,1,-1,-1,1,1,-1,-1,1,-1,1,1,-1,-1,-1,-1,-1,0.008971736766397953
-1,-1,1,-1,1,-1,-1,1,1,-1,-1,1,1,1,1,-1,-1,1,1,-1,0.00897127389907837
-1,-1,1,-1,1,-1,-1,1,1,-1,1,-1,-1,1,1,-1,1,1,-1,1,0.00897192396223545
-1,-1,1,-1,1,-1,-1,1,1,-1,1,-1,1,1,-1,1,1,-1,1,-1,0.008971283212304115
-1,-1,1,-1,1,-1,-1,1,1,-1,1,-1,1,1,1,-1,-1,-1,-1,1,0.00897175446152687
-1,-1,1,-1,1,-1,-1,1,1,-1,1,-1,1,1,1,1,-1,1,1,-1,0.008971120230853558
-1,-1,1,-1,1,-1,-1,1,1,-1,1,1,-1,-1,1,-1,-1,-1,-1,1,0.008972056210041046
-1,-1,1,-1,1,-1,-1,1,1,-1,1,1,1,-1,1,-1,1,-1,-1,1,0.008971461094915867
-1,-1,1,-1,1,-1,-1,1,1,1,-1,-1,-1,1,-1,-1,1,-1,-1,-1,0.008971987292170525
-1,-1,1,-1,1,-1,-1,1,1,1,-1,-1,1,-1,1,-1,1,1,1,-1,0.0089708948507905
-1,-1,1,-1,1,-1,-1,1,1,1,-1,1,1,1,-1,1,-1,-1,1,-1,0.0089716836810112
-1,-1,1,-1,1,-1,-1,1,1,1,1,-1,-1,-1,-1,-1,1,1,1,1,0.00897218193858862
-1,-1,1,-1,1,-1,-1,1,1,1,1,-1,-1,1,-1,1,1,1,-1,-1,0.008972005918622017
-1,-1,1,-1,1,-1,-1,1,1,1,1,-1,-1,1,1,-1,-1,1,-1,1,0.008972267620265484
-1,-1,1,-1,1,-1,-1,1,1,1,1,-1,-1,1,1,1,-1,1,-1,1,0.008972170762717724
-1,-1,1,-1,1,-1,-1,1,1,1,1,-1,-1,1,1,1,-1,1,1,-1,0.008971546776592731
-1,-1,1,-1,1,-1,-1,1,1,1,1,-1,1,-1,1,-1,1,1,1,-1,0.008970924653112888
-1,-1,1,-1,1,-1,-1,1,1,1,1,1,-1,1,-1,1,-1,1,1,1,0.008972551673650742
-1,-1,1,-1,1,-1,-1,1,1,1,1,1,-1,1,-1,1,1,-1,-1,-1,0.008972006849944592
-1,-1,1,-1,1,-1,-1,1,1,1,1,1,1,-1,-1,1,1,-1,1,-1,0.008971333503723145
-1,-1,1,-1,1,-1,-1,1,1,1,1,1,1,1,-1,-1,1,-1,-1,1,0.008972177281975746
-1,-1,1,-1,1,-1,1,-1,-1,-1,-1,-1,-1,1,-1,1,-1,1,1,-1,0.008971497416496277
-1,-1,1,-1,1,-1,1,-1,-1,-1,-1,1,-1,-1,1,-1,-1,-1,-1,-1,0.008971176110208035
-1,-1,1,-1,1,-1,1,-1,-1,-1,-1,1,-1,1,1,-1,-1,-1,-1,1,0.008971713483333588
-1,-1,1,-1,1,-1,1,-1,-1,-1,1,-1,-1,1,-1,-1,1,-1,1,1,0.008971694856882095
-1,-1,1,-1,1,-1,1,-1,-1,-1,1,-1,1,-1,-1,-1,-1,1,-1,1,0.008971784263849258
-1,-1,1,-1,1,-1,1,-1,-1,-1,1,-1,1,-1,-1,-1,1,-1,-1,-1,0.008971028961241245
-1,-1,1,-1,1,-1,1,-1,-1,-1,1,-1,1,1,1,-1,1,-1,-1,-1,0.008970648050308228
-1,-1,1,-1,1,-1,1,-1,-1,-1,1,1,-1,-1,-1,1,1,-1,-1,-1,0.008971357718110085
-1,-1,1,-1,1,-1,1,-1,-1,-1,1,1,-1,1,1,1,1,1,-1,1,0.008971476927399635
-1,-1,1,-1,1,-1,1,-1,-1,-1,1,1,1,-1,-1,-1,1,1,-1,-1,0.00897120125591755
-1,-1,1,-1,1,-1,1,-1,-1,-1,1,1,1,-1,-1,1,-1,1,-1,1,0.008971774019300938
-1,-1,1,-1,1,-1,1,-1,-1,1,-1,-1,-1,1,1,1,-1,1,1,1,0.008971493691205978
-1,-1,1,-1,1,-1,1,-1,-1,1,-1,-1,1,-1,1,1,-1,-1,1,1,0.00897094514220953
-1,-1,1,-1,1,-1,1,-1,-1,1,-1,-1,1,-1,1,1,1,1,1,-1,0.00897036213427782
-1,-1,1,-1,1,-1,1,-1,-1,1,-1,-1,1,1,1,-1,1,1,-1,1,0.008971205912530422
-1,-1,1,-1,1,-1,1,-1,-1,1,-1,1,1,1,-1,-1,1,1,-1,1,0.008971796371042728
-1,-1,1,-1,1,-1,1,-1,-1,1,-1,1,1,1,1,-1,-1,1,-1,-1,0.008971134200692177
-1,-1,1,-1,1,-1,1,-1,-1,1,1,-1,1,-1,1,-1,-1,1,1,1,0.008971156552433968
-1,-1,1,-1,1,-1,1,-1,-1,1,1,-1,1,1,-1,1,-1,-1,-1,1,0.008971813134849072
-1,-1,1,-1,1,-1,1,-1,-1,1,1,1,-1,-1,-1,-1,-1,-1,1,-1,0.00897158682346344
-1,-1,1,-1,1,-1,1,-1,-1,1,1,1,1,1,1,1,1,-1,1,1,0.008970929309725761
-1,-1,1,-1,1,-1,1,-1,1,-1,-1,-1,1,-1,-1,-1,1,-1,-1,1,0.008971513248980045
-1,-1,1,-1,1,-1,1,-1,1,-1,-1,-1,1,1,1,-1,1,1,1,1,0.008971008472144604
-1,-1,1,-1,1,-1,1,-1,1,-1,1,-1,1,-1,-1,-1,-1,1,-1,-1,0.008971470408141613
-1,-1,1,-1,1,-1,1,-1,1,-1,1,-1,1,1,1,-1,-1,1,-1,1,0.008971503004431725
-1,-1,1,-1,1,-1,1,-1,1,-1,1,1,1,-1,-1,-1,1,1,1,1,0.008971504867076874
-1,-1,1,-1,1,-1,1,-1,1,-1,1,1,1,-1,-1,1,1,-1,1,1,0.00897132232785225
-1,-1,1,-1,1,-1,1,-1,1,-1,1,1,1,-1,1,1,-1,1,1,-1,0.008970745839178562
-1,-1,1,-1,1,-1,1,-1,1,1,-1,-1,1,-1,1,1,1,1,1,1,0.008970875293016434
-1,-1,1,-1,1,-1,1,-1,1,1,-1,1,-1,-1,-1,1,-1,-1,1,-1,0.008971561677753925
-1,-1,1,-1,1,-1,1,-1,1,1,-1,1,-1,1,-1,-1,-1,1,1,-1,0.008971868082880974
-1,-1,1,-1,1,-1,1,-1,1,1,-1,1,-1,1,-1,-1,1,-1,-1,-1,0.008971735835075378
-1,-1,1,-1,1,-1,1,-1,1,1,-1,1,1,-1,-1,1,-1,-1,-1,1,0.008971845731139183
-1,-1,1,-1,1,-1,1,-1,1,1,1,1,-1,-1,1,-1,1,-1,-1,-1,0.0089711369946599
-1,-1,1,-1,1,-1,1,-1,1,1,1,1,1,-1,-1,1,1,-1,-1,-1,0.008971205912530422
-1,-1,1,-1,1,-1,1,1,-1,-1,-1,-1,-1,1,1,-1,-1,1,-1,1,0.008972065523266792
-1,-1,1,-1,1,-1,1,1,-1,-1,-1,-1,1,1,-1,-1,1,1,-1,1,0.008971975184977055
-1,-1,1,-1,1,-1,1,1,-1,-1,-1,1,-1,-1,-1,1,1,1,-1,-1,0.00897176656872034
-1,-1,1,-1,1,-1,1,1,-1,-1,-1,1,-1,1,1,-1,-1,-1,-1,-1,0.008971652016043663
-1,-1,1,-1,1,-1,1,1,-1,-1,-1,1,1,-1,-1,1,-1,-1,1,1,0.008971801027655602
-1,-1,1,-1,1,-1,1,1,-1,-1,-1,1,1,-1,1,1,-1,-1,-1,1,0.008971506729722023
-1,-1,1,-1,1,-1,1,1,-1,-1,-1,1,1,1,1,1,-1,1,1,-1,0.008971092291176319
-1,-1,1,-1,1,-1,1,1,-1,-1,1,-1,1,-1,1,-1,1,1,1,1,0.008971165865659714
-1,-1,1,-1,1,-1,1,1,-1,-1,1,1,-1,1,1,1,-1,1,-1,-1,0.00897167157381773
-1,-1,1,-1,1,-1,1,1,-1,-1,1,1,1,1,-1,-1,-1,1,1,1,0.008972136303782463
-1,-1,1,-1,1,-1,1,1,-1,1,-1,-1,-1,-1,1,-1,-1,-1,1,1,0.00897173210978508
-1,-1,1,-1,1,-1,1,1,-1,1,-1,-1,-1,1,1,-1,1,-1,-1,1,0.008971811272203922
-1,-1,1,-1,1,-1,1,1,-1,1,-1,-1,1,-1,-1,-1,1,-1,1,1,0.008971641771495342
-1,-1,1,-1,1,-1,1,1,-1,1,-1,-1,1,-1,-1,1,-1,1,-1,1,0.008972098119556904
-1,-1,1,-1,1,-1,1,1,-1,1,-1,1,-1,-1,1,-1,-1,1,1,1,0.008971905335783958
-1,-1,1,-1,1,-1,1,1,-1,1,1,-1,1,-1,-1,-1,1,-1,1,-1,0.0089712580665946
-1,-1,1,-1,1,-1,1,1,-1,1,1,1,-1,-1,1,-1,1,1,-1,1,0.008971888571977615
-1,-1,1,-1,1,-1,1,1,-1,1,1,1,-1,-1,1,1,-1,-1,-1,1,0.00897196214646101
-1,-1,1,-1,1,-1,1,1,-1,1,1,1,-1,1,1,-1,-1,1,1,1,0.008972058072686195
-1,-1,1,-1,1,-1,1,1,1,-1,-1,-1,1,-1,-1,-1,-1,-1,1,-1,0.008971496485173702
-1,-1,1,-1,1,-1,1,1,1,-1,-1,-1,1,1,1,-1,-1,1,-1,-1,0.008971412666141987
-1,-1,1,-1,1,-1,1,1,1,-1,-1,-1,1,1,1,-1,1,1,1,1,0.008971360512077808
-1,-1,1,-1,1,-1,1,1,1,-1,-1,1,-1,1,1,1,1,-1,1,-1,0.008971190080046654
-1,-1,1,-1,1,-1,1,1,1,-1,-1,1,1,-1,-1,-1,1,1,-1,1,0.008972037583589554
-1,-1,1,-1,1,-1,1,1,1,-1,1,-1,-1,-1,-1,-1,-1,1,-1,-1,0.008972161449491978
-1,-1,1,-1,1,-1,1,1,1,-1,1,-1,-1,1,1,1,1,-1,-1,-1,0.00897134281694889
-1,-1,1,-1,1,-1,1,1,1,-1,1,-1,1,-1,-1,-1,1,-1,-1,1,0.008971894159913063
-1,-1,1,-1,1,-1,1,1,1,-1,1,1,-1,-1,-1,-1,1,-1,-1,1,0.008972319774329662
-1,-1,1,-1,1,-1,1,1,1,1,-1,-1,-1,-1,-1,-1,-1,1,1,-1,0.008972009643912315
-1,-1,1,-1,1,-1,1,1,1,1,-1,-1,-1,-1,-1,-1,1,-1,1,1,0.00897208135575056
-1,-1,1,-1,1,-1,1,1,1,1,-1,-1,-1,-1,1,-1,1,-1,-1,1,0.008971787057816982
-1,-1,1,-1,1,-1,1,1,1,1,-1,1,-1,-1,-1,1,1,1,1,1,0.00897215772420168
-1,-1,1,-1,1,-1,1,1,1,1,-1,1,-1,1,1,-1,-1,1,1,1,0.008972128853201866
-1,-1,1,-1,1,-1,1,1,1,1,-1,1,1,-1,1,-1,-1,1,-1,1,0.00897187553346157
-1,-1,1,-1,1,-1,1,1,1,1,1,-1,1,1,-1,-1,-1,1,-1,-1,0.008972033858299255
-1,-1,1,-1,1,-1,1,1,1,1,1,1,-1,1,-1,-1,-1,1,-1,-1,0.008972459472715855
-1,-1,1,-1,1,-1,1,1,1,1,1,1,1,1,1,-1,1,-1,-1,1,0.008971687406301498
-1,-1,1,-1,1,1,-1,-1,-1,-1,-1,-1,1,1,1,1,1,1,1,-1,0.008970295079052448
-1,-1,1,-1,1,1,-1,-1,-1,-1,-1,1,-1,-1,1,1,1,1,1,1,0.008971010334789753
-1,-1,1,-1,1,1,-1,-1,-1,-1,-1,1,1,1,1,-1,1,-1,-1,-1,0.008970601484179497
-1,-1,1,-1,1,1,-1,-1,-1,-1,1,-1,-1,1,-1,1,1,-1,-1,-1,0.008971291594207287
-1,-1,1,-1,1,1,-1,-1,-1,-1,1,-1,-1,1,1,-1,1,1,-1,-1,0.00897096935659647
-1,-1,1,-1,1,1,-1,-1,-1,-1,1,-1,1,-1,-1,-1,-1,-1,1,-1,0.008970970287919044
-1,-1,1,-1,1,1,-1,-1,-1,-1,1,-1,1,-1,1,1,-1,1,-1,-1,0.008970665745437145
-1,-1,1,-1,1,1,-1,-1,-1,-1,1,-1,1,1,-1,1,1,-1,-1,-1,0.008970952592790127
-1,-1,1,-1,1,1,-1,-1,-1,-1,1,-1,1,1,1,1,-1,1,1,1,0.00897099357098341
-1,-1,1,-1,1,1,-1,-1,-1,-1,1,1,-1,-1,1,-1,-1,1,1,-1,0.008970977738499641
-1,-1,1,-1,1,1,-1,-1,-1,-1,1,1,-1,-1,1,1,-1,-1,1,-1,0.008970795199275017
-1,-1,1,-1,1,1,-1,-1,-1,-1,1,1,-1,1,1,-1,1,-1,-1,1,0.008971383795142174
-1,-1,1,-1,1,1,-1,-1,-1,1,-1,-1,-1,-1,-1,-1,-1,-1,1,-1,0.00897136703133583
-1,-1,1,-1,1,1,-1,-1,-1,1,-1,-1,1,-1,-1,1,1,-1,1,-1,0.00897067692130804
-1,-1,1,-1,1,1,-1,-1,-1,1,-1,-1,1,-1,1,1,1,-1,-1,-1,0.008970382623374462
-1,-1,1,-1,1,1,-1,-1,-1,1,-1,-1,1,1,-1,1,-1,-1,-1,-1,0.008971266448497772
-1,-1,1,-1,1,1,-1,-1,-1,1,-1,1,-1,-1,-1,1,1,-1,-1,-1,0.008971312083303928
-1,-1,1,-1,1,1,-1,-1,-1,1,-1,1,-1,1,1,1,-1,1,1,-1,0.008971063420176506
-1,-1,1,-1,1,1,-1,-1,-1,1,-1,1,1,1,1,1,-1,-1,1,1,0.008971051312983036
-1,-1,1,-1,1,1,-1,-1,-1,1,1,-1,-1,-1,-1,-1,1,-1,-1,1,0.008971764706075191
-1,-1,1,-1,1,1,-1,-1,-1,1,1,-1,-1,1,-1,-1,-1,-1,1,1,0.008971934206783772
-1,-1,1,-1,1,1,-1,-1,-1,1,1,1,-1,-1,-1,1,1,-1,1,1,0.008971544913947582
-1,-1,1,-1,1,1,-1,-1,-1,1,1,1,-1,1,-1,1,-1,-1,-1,-1,0.008971720933914185
-1,-1,1,-1,1,1,-1,-1,-1,1,1,1,-1,1,-1,1,-1,-1,-1,1,0.008972135372459888
-1,-1,1,-1,1,1,-1,-1,-1,1,1,1,1,-1,-1,1,1,-1,1,1,0.008971205912530422
-1,-1,1,-1,1,1,-1,-1,-1,1,1,1,1,1,1,-1,-1,-1,-1,1,0.008971387520432472
-1,-1,1,-1,1,1,-1,-1,1,-1,-1,-1,1,1,-1,-1,-1,1,1,1,0.008971665054559708
-1,-1,1,-1,1,1,-1,-1,1,-1,-1,-1,1,1,-1,1,-1,1,-1,1,0.00897177867591381
-1,-1,1,-1,1,1,-1,-1,1,-1,-1,1,-1,-1,-1,-1,1,-1,-1,-1,0.008971421048045158
-1,-1,1,-1,1,1,-1,-1,1,-1,-1,1,-1,1,1,1,1,-1,-1,1,0.008971357718110085
-1,-1,1,-1,1,1,-1,-1,1,-1,-1,1,1,-1,-1,-1,-1,-1,1,1,0.008971541188657284
-1,-1,1,-1,1,1,-1,-1,1,-1,-1,1,1,-1,-1,-1,1,1,-1,-1,0.008971167728304863
-1,-1,1,-1,1,1,-1,-1,1,-1,1,-1,-1,-1,1,1,1,1,1,-1,0.008970639668405056
-1,-1,1,-1,1,1,-1,-1,1,-1,1,-1,-1,1,-1,-1,1,1,-1,-1,0.008971573784947395
-1,-1,1,-1,1,1,-1,-1,1,-1,1,-1,-1,1,1,1,-1,1,-1,1,0.008971642702817917
-1,-1,1,-1,1,1,-1,-1,1,-1,1,-1,1,-1,-1,1,-1,-1,1,1,0.008971387520432472
-1,-1,1,-1,1,1,-1,-1,1,-1,1,-1,1,-1,1,-1,-1,-1,1,1,0.00897097960114479
-1,-1,1,-1,1,1,-1,-1,1,-1,1,-1,1,1,1,-1,-1,-1,-1,1,0.008971313945949078
-1,-1,1,-1,1,1,-1,-1,1,-1,1,-1,1,1,1,-1,-1,1,-1,-1,0.008970986120402813
-1,-1,1,-1,1,1,-1,-1,1,-1,1,-1,1,1,1,-1,1,1,-1,1,0.008971144445240498
-1,-1,1,-1,1,1,-1,-1,1,-1,1,1,-1,-1,-1,-1,1,-1,1,1,0.008971653878688812
-1,-1,1,-1,1,1,-1,-1,1,-1,1,1,-1,1,-1,-1,1,1,-1,-1,0.008971660397946835
-1,-1,1,-1,1,1,-1,-1,1,-1,1,1,-1,1,1,-1,-1,1,-1,1,0.008971825242042542
-1,-1,1,-1,1,1,-1,-1,1,1,-1,-1,-1,-1,-1,1,1,-1,-1,-1,0.008971326053142548
-1,-1,1,-1,1,1,-1,-1,1,1,-1,-1,-1,1,-1,1,-1,-1,1,1,0.008971909061074257
-1,-1,1,-1,1,1,-1,-1,1,1,-1,-1,-1,1,1,1,-1,1,-1,-1,0.008971286937594414
-1,-1,1,-1,1,1,-1,-1,1,1,-1,-1,1,-1,1,1,-1,1,-1,1,0.00897123757749796
-1,-1,1,-1,1,1,-1,-1,1,1,-1,1,-1,1,-1,1,-1,1,1,1,0.00897208135575056
-1,-1,1,-1,1,1,-1,-1,1,1,-1,1,1,1,-1,-1,1,-1,1,-1,0.008971082977950573
-1,-1,1,-1,1,1,-1,-1,1,1,1,-1,-1,-1,-1,1,-1,-1,1,1,0.008971814066171646
-1,-1,1,-1,1,1,-1,-1,1,1,1,-1,1,-1,1,-1,1,1,-1,1,0.008971107192337513
-1,-1,1,-1,1,1,-1,-1,1,1,1,1,-1,-1,-1,-1,-1,1,-1,1,0.008972293697297573
-1,-1,1,-1,1,1,-1,-1,1,1,1,1,-1,-1,-1,1,-1,-1,-1,-1,0.00897169765084982
-1,-1,1,-1,1,1,-1,-1,1,1,1,1,-1,1,-1,-1,-1,1,1,-1,0.008971793577075005
-1,-1,1,-1,1,1,-1,-1,1,1,1,1,1,-1,1,-1,1,1,1,-1,0.00897056981921196
-1,-1,1,-1,1,1,-1,1,-1,-1,-1,-1,-1,-1,-1,1,1,1,1,1,0.00897178053855896
-1,-1,1,-1,1,1,-1,1,-1,-1,-1,1,1,-1,1,-1,-1,1,-1,1,0.00897158496081829
-1,-1,1,-1,1,1,-1,1,-1,-1,1,-1,-1,-1,-1,-1,-1,-1,1,1,0.008972074836492538
-1,-1,1,-1,1,1,-1,1,-1,-1,1,-1,-1,1,1,1,-1,-1,-1,1,0.008971808478236198
-1,-1,1,-1,1,1,-1,1,-1,-1,1,-1,1,1,1,1,-1,1,-1,1,0.008971556089818478
-1,-1,1,-1,1,1,-1,1,-1,-1,1,1,-1,1,1,-1,-1,-1,1,-1,0.00897136703133583
-1,-1,1,-1,1,1,-1,1,-1,1,-1,-1,-1,-1,-1,-1,-1,1,1,-1,0.008971805684268475
-1,-1,1,-1,1,1,-1,1,-1,1,-1,-1,-1,1,1,1,-1,-1,-1,1,0.0089718671515584
-1,-1,1,-1,1,1,-1,1,-1,1,-1,-1,1,-1,-1,-1,1,-1,-1,1,0.008971748873591423
-1,-1,1,-1,1,1,-1,1,-1,1,-1,-1,1,-1,-1,1,-1,-1,1,-1,0.00897128414362669
-1,-1,1,-1,1,1,-1,1,-1,1,-1,-1,1,-1,1,-1,1,-1,1,1,0.008971033617854118
-1,-1,1,-1,1,1,-1,1,-1,1,-1,-1,1,1,-1,-1,-1,1,-1,-1,0.008971801027655602
-1,-1,1,-1,1,1,-1,1,-1,1,-1,-1,1,1,1,1,1,-1,1,1,0.008971061557531357
-1,-1,1,-1,1,1,-1,1,-1,1,-1,1,-1,1,-1,-1,-1,1,-1,-1,0.0089722266420722
-1,-1,1,-1,1,1,-1,1,-1,1,-1,1,-1,1,-1,1,-1,1,1,-1,0.008971920236945152
-1,-1,1,-1,1,1,-1,1,-1,1,-1,1,-1,1,1,-1,1,1,1,1,0.00897166971117258
-1,-1,1,-1,1,1,-1,1,-1,1,-1,1,-1,1,1,1,1,1,1,-1,0.008971159346401691
-1,-1,1,-1,1,1,-1,1,-1,1,1,-1,-1,1,1,-1,-1,1,1,-1,0.008971454575657845
-1,-1,1,-1,1,1,-1,1,-1,1,1,-1,1,-1,-1,1,1,1,-1,1,0.00897176843136549
-1,-1,1,-1,1,1,-1,1,-1,1,1,1,-1,-1,-1,-1,-1,-1,-1,1,0.008972459472715855
-1,-1,1,-1,1,1,-1,1,-1,1,1,1,1,1,-1,-1,-1,-1,1,1,0.008972033858299255
-1,-1,1,-1,1,1,-1,1,-1,1,1,1,1,1,-1,1,-1,-1,1,-1,0.00897152442485094
-1,-1,1,-1,1,1,-1,1,1,-1,-1,-1,-1,-1,1,-1,1,-1,1,-1,0.008970972150564194
-1,-1,1,-1,1,1,-1,1,1,-1,-1,-1,-1,-1,1,1,1,1,-1,1,0.008971585892140865
-1,-1,1,-1,1,1,-1,1,1,-1,-1,-1,1,-1,-1,-1,-1,-1,1,1,0.00897180661559105
-1,-1,1,-1,1,1,-1,1,1,-1,-1,-1,1,1,-1,-1,1,-1,1,1,0.008971675299108028
-1,-1,1,-1,1,1,-1,1,1,-1,-1,-1,1,1,-1,1,1,1,-1,1,0.00897187553346157
-1,-1,1,-1,1,1,-1,1,1,-1,-1,1,-1,-1,-1,1,1,-1,-1,1,0.008972090668976307
-1,-1,1,-1,1,1,-1,1,1,-1,1,-1,1,-1,1,-1,1,-1,1,1,0.008971075527369976
-1,-1,1,-1,1,1,-1,1,1,-1,1,1,-1,-1,1,1,1,-1,-1,1,0.008971615694463253
-1,-1,1,-1,1,1,-1,1,1,-1,1,1,-1,1,-1,-1,1,-1,-1,-1,0.008971926756203175
-1,-1,1,-1,1,1,-1,1,1,-1,1,1,1,1,-1,1,-1,-1,-1,-1,0.008971747010946274
-1,-1,1,-1,1,1,-1,1,1,1,-1,-1,-1,-1,1,-1,1,1,-1,-1,0.008971355855464935
-1,-1,1,-1,1,1,-1,1,1,1,1,-1,1,-1,-1,-1,1,-1,1,1,0.008971667848527431
-1,-1,1,-1,1,1,-1,1,1,1,1,1,-1,-1,1,-1,1,-1,-1,1,0.008971799165010452
-1,-1,1,-1,1,1,-1,1,1,1,1,1,-1,-1,1,1,-1,1,1,-1,0.008971421048045158
-1,-1,1,-1,1,1,-1,1,1,1,1,1,-1,-1,1,1,1,-1,1,1,0.008971492759883404
-1,-1,1,-1,1,1,-1,1,1,1,1,1,-1,1,-1,-1,1,1,-1,-1,0.008972099982202053
-1,-1,1,-1,1,1,-1,1,1,1,1,1,1,-1,-1,-1,-1,1,-1,-1,0.008971892297267914
-1,-1,1,-1,1,1,-1,1,1,1,1,1,1,1,1,-1,-1,1,-1,-1,0.00897151231765747
-1,-1,1,-1,1,1,1,-1,-1,-1,-1,-1,-1,-1,-1,1,1,-1,-1,-1,0.008971153758466244
-1,-1,1,-1,1,1,1,-1,-1,-1,-1,-1,-1,-1,1,-1,1,-1,1,-1,0.008970534428954124
-1,-1,1,-1,1,1,1,-1,-1,-1,-1,-1,-1,1,1,1,-1,1,-1,-1,0.00897111464291811
-1,-1,1,-1,1,1,1,-1,-1,-1,-1,-1,1,1,1,1,1,-1,-1,1,0.008970847353339195
-1,-1,1,-1,1,1,1,-1,-1,-1,-1,1,-1,1,-1,-1,-1,1,-1,-1,0.008971801958978176
-1,-1,1,-1,1,1,1,-1,-1,-1,-1,1,1,-1,1,1,-1,-1,-1,-1,0.008970651775598526
-1,-1,1,-1,1,1,1,-1,-1,-1,-1,1,1,1,-1,1,1,1,-1,-1,0.008971110917627811
-1,-1,1,-1,1,1,1,-1,-1,-1,1,-1,1,-1,-1,-1,1,1,-1,-1,0.008971026167273521
-1,-1,1,-1,1,1,1,-1,-1,-1,1,-1,1,-1,1,1,-1,1,1,-1,0.008970470167696476
-1,-1,1,-1,1,1,1,-1,-1,-1,1,1,-1,-1,-1,1,-1,-1,1,1,0.008971728384494781
-1,-1,1,-1,1,1,1,-1,-1,-1,1,1,1,-1,1,-1,-1,1,-1,-1,0.008970863185822964
-1,-1,1,-1,1,1,1,-1,-1,1,-1,-1,-1,1,-1,1,1,-1,-1,-1,0.008971364237368107
-1,-1,1,-1,1,1,1,-1,-1,1,-1,-1,1,-1,-1,1,1,-1,1,-1,0.00897069089114666
-1,-1,1,-1,1,1,1,-1,-1,1,-1,-1,1,1,-1,-1,-1,-1,-1,-1,0.008971377275884151
-1,-1,1,-1,1,1,1,-1,-1,1,-1,-1,1,1,1,1,1,-1,1,1,0.008970724418759346
-1,-1,1,-1,1,1,1,-1,-1,1,-1,1,-1,1,-1,1,-1,-1,1,1,0.008971909992396832
-1,-1,1,-1,1,1,1,-1,-1,1,-1,1,-1,1,-1,1,1,1,1,-1,0.008971326984465122
-1,-1,1,-1,1,1,1,-1,-1,1,-1,1,1,1,-1,1,1,-1,1,1,0.008971315808594227
-1,-1,1,-1,1,1,1,-1,-1,1,-1,1,1,1,-1,1,1,1,-1,1,0.008971611969172955
-1,-1,1,-1,1,1,1,-1,-1,1,1,-1,-1,-1,-1,-1,1,-1,1,1,0.008971570059657097
-1,-1,1,-1,1,1,1,-1,-1,1,1,-1,-1,1,1,1,1,-1,1,-1,0.00897067878395319
-1,-1,1,-1,1,1,1,-1,-1,1,1,-1,1,-1,-1,1,-1,-1,-1,1,0.008971599861979485
-1,-1,1,-1,1,1,1,-1,-1,1,1,-1,1,1,-1,-1,-1,-1,-1,-1,0.00897140707820654
-1,-1,1,-1,1,1,1,-1,-1,1,1,1,-1,-1,-1,1,1,-1,1,-1,0.008971146307885647
-1,-1,1,-1,1,1,1,-1,-1,1,1,1,1,-1,-1,1,-1,-1,1,-1,0.008971062488853931
-1,-1,1,-1,1,1,1,-1,-1,1,1,1,1,-1,1,1,-1,-1,1,1,0.008970972150564194
-1,-1,1,-1,1,1,1,-1,1,-1,-1,-1,-1,-1,-1,-1,-1,1,1,-1,0.008971481584012508
-1,-1,1,-1,1,1,1,-1,1,-1,-1,-1,1,-1,-1,-1,1,-1,1,1,0.00897121336311102
-1,-1,1,-1,1,1,1,-1,1,-1,-1,-1,1,1,-1,-1,-1,-1,-1,-1,0.008971390314400196
-1,-1,1,-1,1,1,1,-1,1,-1,-1,-1,1,1,-1,1,-1,-1,1,-1,0.008971083909273148
-1,-1,1,-1,1,1,1,-1,1,-1,-1,1,-1,-1,-1,1,-1,-1,-1,-1,0.008971595205366611
-1,-1,1,-1,1,1,1,-1,1,-1,-1,1,-1,-1,1,-1,1,-1,-1,-1,0.00897093117237091
-1,-1,1,-1,1,1,1,-1,1,-1,-1,1,1,1,-1,1,1,1,-1,1,0.008971624076366425
-1,-1,1,-1,1,1,1,-1,1,-1,-1,1,1,1,1,-1,-1,-1,-1,-1,0.008970972150564194
-1,-1,1,-1,1,1,1,-1,1,-1,1,-1,-1,1,-1,-1,-1,-1,-1,1,0.008972171694040298
-1,-1,1,-1,1,1,1,-1,1,-1,1,-1,-1,1,-1,-1,1,1,-1,-1,0.00897158868610859
-1,-1,1,-1,1,1,1,-1,1,-1,1,-1,-1,1,-1,1,1,1,1,-1,0.00897128228098154
-1,-1,1,-1,1,1,1,-1,1,-1,1,1,-1,1,-1,1,-1,-1,-1,1,0.008972162380814552
-1,-1,1,-1,1,1,1,-1,1,1,-1,-1,1,1,1,-1,-1,-1,-1,1,0.008971386589109898
-1,-1,1,-1,1,1,1,-1,1,1,-1,1,-1,1,1,-1,-1,1,1,-1,0.00897127389907837
-1,-1,1,-1,1,1,1,-1,1,1,-1,1,1,-1,1,1,1,-1,-1,1,0.008970997296273708
-1,-1,1,-1,1,1,1,-1,1,1,-1,1,1,1,1,-1,1,1,-1,1,0.008971303701400757
-1,-1,1,-1,1,1,1,-1,1,1,1,-1,1,-1,-1,-1,-1,1,1,1,0.008971672505140305
-1,-1,1,-1,1,1,1,-1,1,1,1,1,1,1,1,-1,-1,1,-1,-1,0.00897117517888546
-1,-1,1,-1,1,1,1,1,-1,-1,-1,-1,-1,-1,-1,1,1,-1,1,1,0.008971708826720715
-1,-1,1,-1,1,1,1,1,-1,-1,-1,-1,-1,1,-1,-1,-1,-1,1,-1,0.008971771225333214
-1,-1,1,-1,1,1,1,1,-1,-1,-1,1,-1,-1,-1,-1,-1,1,1,-1,0.008971819654107094
-1,-1,1,-1,1,1,1,1,-1,-1,-1,1,-1,1,1,-1,-1,1,1,-1,0.008971438743174076
-1,-1,1,-1,1,1,1,1,-1,-1,-1,1,1,-1,-1,-1,-1,-1,1,1,0.008971808478236198
-1,-1,1,-1,1,1,1,1,-1,-1,1,-1,-1,1,-1,1,-1,1,1,1,0.00897220429033041
-1,-1,1,-1,1,1,1,1,-1,-1,1,-1,-1,1,1,-1,-1,1,-1,-1,0.008971592411398888
-1,-1,1,-1,1,1,1,1,-1,-1,1,-1,1,1,-1,-1,-1,1,1,-1,0.008971547707915306
-1,-1,1,-1,1,1,1,1,-1,-1,1,1,-1,1,-1,-1,-1,1,1,-1,0.008971973322331905
-1,-1,1,-1,1,1,1,1,-1,-1,1,1,-1,1,1,-1,-1,1,1,-1,0.008971468545496464
-1,-1,1,-1,1,1,1,1,-1,-1,1,1,-1,1,1,-1,1,-1,-1,1,0.008971750736236572
-1,-1,1,-1,1,1,1,1,-1,-1,1,1,1,-1,1,1,1,1,1,-1,0.008970653638243675
-1,-1,1,-1,1,1,1,1,-1,1,-1,-1,-1,1,1,-1,1,1,1,-1,0.008971184492111206
-1,-1,1,-1,1,1,1,1,-1,1,-1,-1,1,1,1,1,-1,1,-1,1,0.008971628732979298
-1,-1,1,-1,1,1,1,1,-1,1,-1,1,-1,-1,-1,1,-1,1,-1,-1,0.00897202081978321
-1,-1,1,-1,1,1,1,1,-1,1,-1,1,-1,1,-1,1,-1,1,1,-1,0.008971935138106346
-1,-1,1,-1,1,1,1,1,-1,1,-1,1,1,-1,1,1,1,1,-1,-1,0.008970921859145164
-1,-1,1,-1,1,1,1,1,-1,1,-1,1,1,1,-1,1,-1,-1,-1,-1,0.00897172000259161
-1,-1,1,-1,1,1,1,1,-1,1,-1,1,1,1,1,-1,1,1,-1,1,0.008971555158495903
-1,-1,1,-1,1,1,1,1,-1,1,1,-1,-1,-1,1,1,-1,-1,1,-1,0.00897116307169199
-1,-1,1,-1,1,1,1,1,-1,1,1,1,-1,-1,1,1,-1,1,-1,1,0.008971959352493286
-1,-1,1,-1,1,1,1,1,1,-1,-1,-1,-1,-1,-1,-1,1,1,-1,1,0.008972201496362686
-1,-1,1,-1,1,1,1,1,1,-1,-1,-1,-1,-1,-1,1,1,1,-1,1,0.0089721055701375
-1,-1,1,-1,1,1,1,1,1,-1,-1,-1,1,-1,-1,-1,-1,-1,-1,1,0.008972031995654106
-1,-1,1,-1,1,1,1,1,1,-1,-1,-1,1,1,1,-1,-1,-1,1,1,0.008971440605819225
-1,-1,1,-1,1,1,1,1,1,-1,-1,1,-1,-1,-1,1,-1,-1,1,1,0.008972151204943657
-1,-1,1,-1,1,1,1,1,1,-1,-1,1,1,-1,-1,1,-1,1,1,-1,0.008971484377980232
-1,-1,1,-1,1,1,1,1,1,-1,-1,1,1,-1,1,1,1,-1,-1,1,0.0089712617918849
-1,-1,1,-1,1,1,1,1,1,-1,-1,1,1,1,-1,1,-1,-1,-1,1,0.00897214561700821
-1,-1,1,-1,1,1,1,1,1,-1,1,-1,-1,1,1,-1,-1,1,1,-1,0.008971481584012508
-1,-1,1,-1,1,1,1,1,1,-1,1,-1,-1,1,1,-1,1,1,1,1,0.008971639908850193
-1,-1,1,-1,1,1,1,1,1,-1,1,-1,1,-1,-1,1,-1,1,-1,1,0.008972051553428173
-1,-1,1,-1,1,1,1,1,1,-1,1,1,-1,1,-1,-1,-1,-1,-1,1,0.008972610346972942
-1,-1,1,-1,1,1,1,1,1,-1,1,1,-1,1,-1,-1,1,1,1,1,0.008972231298685074
-1,-1,1,-1,1,1,1,1,1,-1,1,1,-1,1,-1,1,-1,-1,-1,1,0.008972514420747757
-1,-1,1,-1,1,1,1,1,1,-1,1,1,-1,1,1,-1,1,1,-1,1,0.008971937000751495
-1,-1,1,-1,1,1,1,1,1,-1,1,1,1,1,-1,1,1,1,1,-1,0.008971381932497025
-1,-1,1,-1,1,1,1,1,1,1,-1,-1,-1,-1,-1,1,-1,1,1,-1,0.008971824310719967
-1,-1,1,-1,1,1,1,1,1,1,-1,-1,-1,1,-1,-1,1,-1,1,1,0.008972116746008396
-1,-1,1,-1,1,1,1,1,1,1,-1,-1,1,1,1,-1,1,1,-1,1,0.008971569128334522
-1,-1,1,-1,1,1,1,1,1,1,-1,1,-1,1,1,1,-1,-1,-1,1,0.008972068317234516
-1,-1,1,-1,1,1,1,1,1,1,1,-1,1,-1,1,-1,-1,-1,-1,-1,0.008971230126917362
-1,-1,1,-1,1,1,1,1,1,1,1,-1,1,-1,1,1,1,1,1,-1,0.008970754221081734
-1,-1,1,-1,1,1,1,1,1,1,1,1,-1,1,-1,1,-1,-1,1,1,0.008972391486167908
-1,-1,1,-1,1,1,1,1,1,1,1,1,-1,1,1,1,1,-1,-1,1,0.008971842005848885
-1,-1,1,1,-1,-1,-1,-1,-1,-1,-1,-1,-1,1,-1,-1,1,-1,-1,1,0.008972632698714733
-1,-1,1,1,-1,-1,-1,-1,-1,-1,-1,-1,-1,1,-1,1,-1,-1,-1,-1,0.008972378447651863
-1,-1,1,1,-1,-1,-1,-1,-1,-1,-1,-1,-1,1,-1,1,1,1,-1,1,0.008972622454166412
-1,-1,1,1,-1,-1,-1,-1,-1,-1,-1,-1,1,-1,1,-1,1,1,-1,1,0.008971751667559147
-1,-1,1,1,-1,-1,-1,-1,-1,-1,-1,-1,1,1,-1,1,-1,-1,-1,1,0.008972452953457832
-1,-1,1,1,-1,-1,-1,-1,-1,-1,-1,-1,1,1,1,1,-1,1,1,1,0.008971824310719967
-1,-1,1,1,-1,-1,-1,-1,-1,-1,1,-1,1,-1,-1,-1,1,-1,1,-1,0.00897157471626997
-1,-1,1,1,-1,-1,-1,-1,-1,-1,1,-1,1,1,-1,-1,-1,1,-1,-1,0.00897225085645914
-1,-1,1,1,-1,-1,-1,-1,-1,-1,1,1,-1,-1,1,1,-1,1,-1,1,0.008972365409135818
-1,-1,1,1,-1,-1,-1,-1,-1,-1,1,1,-1,1,-1,-1,-1,-1,-1,1,0.008973004296422005
-1,-1,1,1,-1,-1,-1,-1,-1,-1,1,1,-1,1,-1,-1,1,1,1,1,0.008972624316811562
-1,-1,1,1,-1,-1,-1,-1,-1,-1,1,1,-1,1,1,1,1,1,-1,-1,0.008971820585429668
-1,-1,1,1,-1,-1,-1,-1,-1,-1,1,1,1,-1,-1,-1,1,1,-1,-1,0.008971958421170712
-1,-1,1,1,-1,-1,-1,-1,-1,1,-1,1,-1,-1,1,-1,1,1,-1,1,0.008972263894975185
-1,-1,1,1,-1,-1,-1,-1,-1,1,1,1,-1,-1,-1,1,-1,-1,-1,-1,0.008972457610070705
-1,-1,1,1,-1,-1,-1,-1,-1,1,1,1,1,1,-1,1,-1,1,1,-1,0.008972118608653545
-1,-1,1,1,-1,-1,-1,-1,-1,1,1,1,1,1,1,1,1,-1,-1,-1,0.008971482515335083
-1,-1,1,1,-1,-1,-1,-1,1,-1,-1,-1,1,-1,-1,-1,1,-1,-1,-1,0.008971855975687504
-1,-1,1,1,-1,-1,-1,-1,1,-1,-1,-1,1,1,-1,1,1,1,-1,1,0.008972383104264736
-1,-1,1,1,-1,-1,-1,-1,1,-1,-1,1,-1,-1,-1,-1,-1,1,1,-1,0.008972412906587124
-1,-1,1,1,-1,-1,-1,-1,1,-1,-1,1,-1,1,-1,-1,1,1,-1,1,0.008972905576229095
-1,-1,1,1,-1,-1,-1,-1,1,-1,1,-1,-1,-1,1,1,1,-1,-1,1,0.008972037583589554
-1,-1,1,1,-1,-1,-1,-1,1,-1,1,-1,-1,1,1,-1,-1,1,-1,-1,0.008972185663878918
-1,-1,1,1,-1,-1,-1,-1,1,-1,1,-1,1,-1,1,-1,1,-1,1,1,0.008971584029495716
-1,-1,1,1,-1,-1,-1,-1,1,-1,1,-1,1,1,-1,1,-1,1,-1,1,0.008972668088972569
-1,-1,1,1,-1,-1,-1,-1,1,1,-1,-1,-1,-1,-1,1,1,1,1,1,0.008972476236522198
-1,-1,1,1,-1,-1,-1,-1,1,1,-1,1,-1,-1,1,1,1,1,1,-1,0.008971643634140491
-1,-1,1,1,-1,-1,-1,-1,1,1,-1,1,1,-1,1,-1,1,1,1,1,0.00897181499749422
-1,-1,1,1,-1,-1,-1,-1,1,1,-1,1,1,1,-1,-1,-1,-1,1,-1,0.008972198702394962
-1,-1,1,1,-1,-1,-1,-1,1,1,1,-1,-1,1,1,-1,1,1,1,1,0.008972221054136753
-1,-1,1,1,-1,-1,-1,-1,1,1,1,-1,1,1,-1,-1,-1,-1,1,1,0.00897255539894104
-1,-1,1,1,-1,-1,-1,-1,1,1,1,1,1,1,1,-1,1,1,1,1,0.008971967734396458
-1,-1,1,1,-1,-1,-1,-1,1,1,1,1,1,1,1,1,-1,1,-1,1,0.00897233746945858
-1,-1,1,1,-1,-1,-1,1,-1,-1,-1,-1,1,1,1,-1,1,1,1,1,0.008972017094492912
-1,-1,1,1,-1,-1,-1,1,-1,-1,-1,1,1,-1,1,-1,1,1,1,1,0.008971979841589928
-1,-1,1,1,-1,-1,-1,1,-1,-1,1,-1,-1,-1,1,-1,-1,-1,1,1,0.008972431533038616
-1,-1,1,1,-1,-1,-1,1,-1,-1,1,-1,-1,1,1,1,1,-1,1,-1,0.008971789851784706
-1,-1,1,1,-1,-1,-1,1,-1,-1,1,-1,1,1,-1,-1,-1,-1,1,1,0.008972720243036747
-1,-1,1,1,-1,-1,-1,1,-1,-1,1,-1,1,1,-1,1,1,-1,1,-1,0.008971954695880413
-1,-1,1,1,-1,-1,-1,1,-1,-1,1,-1,1,1,-1,1,1,1,-1,1,0.008972665295004845
-1,-1,1,1,-1,-1,-1,1,-1,-1,1,-1,1,1,1,1,1,1,1,1,0.00897195003926754
-1,-1,1,1,-1,-1,-1,1,-1,-1,1,1,-1,1,-1,-1,-1,1,-1,1,0.008973442949354649
-1,-1,1,1,-1,-1,-1,1,-1,-1,1,1,1,1,-1,-1,1,1,1,-1,0.008972223848104477
-1,-1,1,1,-1,-1,-1,1,-1,1,-1,-1,-1,1,1,1,1,-1,-1,-1,0.008972058072686195
-1,-1,1,1,-1,-1,-1,1,-1,1,-1,-1,1,1,1,-1,-1,1,-1,1,0.008972570300102234
-1,-1,1,1,-1,-1,-1,1,-1,1,1,1,-1,-1,-1,1,-1,-1,-1,-1,0.00897280965000391
-1,-1,1,1,-1,-1,-1,1,-1,1,1,1,-1,-1,1,-1,-1,1,-1,-1,0.008972487412393093
-1,-1,1,1,-1,-1,-1,1,-1,1,1,1,-1,1,-1,-1,-1,-1,-1,1,0.008973443880677223
-1,-1,1,1,-1,-1,-1,1,1,-1,-1,-1,1,-1,-1,-1,1,-1,1,1,0.008972411043941975
-1,-1,1,1,-1,-1,-1,1,1,-1,-1,-1,1,1,-1,1,1,-1,1,1,0.008972438983619213
-1,-1,1,1,-1,-1,-1,1,1,-1,-1,1,-1,1,1,1,1,1,1,-1,0.00897203292697668
-1,-1,1,1,-1,-1,-1,1,1,-1,-1,1,1,1,-1,1,1,1,-1,1,0.00897282175719738
-1,-1,1,1,-1,-1,-1,1,1,-1,1,1,1,-1,1,-1,1,-1,1,1,0.00897202268242836
-1,-1,1,1,-1,-1,-1,1,1,1,-1,-1,-1,1,1,1,-1,-1,1,-1,0.008972203359007835
-1,-1,1,1,-1,-1,-1,1,1,1,-1,-1,1,1,1,1,-1,1,1,1,0.00897236354649067
-1,-1,1,1,-1,-1,-1,1,1,1,-1,1,-1,1,-1,-1,1,-1,1,1,0.008973048068583012
-1,-1,1,1,-1,-1,-1,1,1,1,-1,1,-1,1,1,-1,1,-1,1,1,0.008972544223070145
-1,-1,1,1,-1,-1,-1,1,1,1,-1,1,1,1,1,-1,1,1,-1,1,0.008972501382231712
-1,-1,1,1,-1,-1,-1,1,1,1,1,-1,-1,-1,-1,-1,-1,-1,-1,1,0.008973333053290844
-1,-1,1,1,-1,-1,-1,1,1,1,1,-1,-1,1,1,-1,-1,-1,-1,-1,0.008972538635134697
-1,-1,1,1,-1,-1,-1,1,1,1,1,-1,-1,1,1,-1,-1,-1,1,-1,0.008972329087555408
-1,-1,1,1,-1,-1,-1,1,1,1,1,-1,-1,1,1,1,1,1,-1,1,0.00897268671542406
-1,-1,1,1,-1,-1,-1,1,1,1,1,1,-1,-1,-1,-1,-1,1,-1,-1,0.008973091840744019
-1,-1,1,1,-1,-1,-1,1,1,1,1,1,-1,-1,1,1,-1,1,1,-1,0.008972281590104103
-1,-1,1,1,-1,-1,-1,1,1,1,1,1,1,-1,-1,-1,1,-1,1,-1,0.008972200565040112
-1,-1,1,1,-1,-1,-1,1,1,1,1,1,1,-1,-1,-1,1,1,1,-1,0.00897228717803955
-1,-1,1,1,-1,-1,1,-1,-1,-1,-1,-1,-1,1,1,-1,-1,-1,1,-1,0.008971774950623512
-1,-1,1,1,-1,-1,1,-1,-1,-1,-1,-1,1,-1,-1,1,-1,-1,-1,1,0.008972343988716602
-1,-1,1,1,-1,-1,1,-1,-1,-1,-1,-1,1,-1,1,-1,-1,-1,-1,-1,0.008971521630883217
-1,-1,1,1,-1,-1,1,-1,-1,-1,1,-1,-1,-1,-1,-1,1,-1,1,-1,0.008971928618848324
-1,-1,1,1,-1,-1,1,-1,-1,-1,1,-1,-1,-1,1,-1,-1,1,1,-1,0.00897176656872034
-1,-1,1,1,-1,-1,1,-1,-1,-1,1,-1,-1,1,-1,-1,1,1,1,1,0.008972552604973316
-1,-1,1,1,-1,-1,1,-1,-1,-1,1,-1,-1,1,1,-1,1,1,-1,-1,0.008971844799816608
-1,-1,1,1,-1,-1,1,-1,-1,-1,1,1,-1,1,-1,1,-1,1,-1,-1,0.008972595445811749
-1,-1,1,1,-1,-1,1,-1,-1,-1,1,1,1,-1,1,-1,-1,1,-1,-1,0.008971723727881908
-1,-1,1,1,-1,-1,1,-1,-1,1,-1,-1,-1,1,-1,-1,-1,1,1,-1,0.008972452953457832
-1,-1,1,1,-1,-1,1,-1,-1,1,-1,-1,-1,1,-1,1,-1,1,1,1,0.008972770534455776
-1,-1,1,1,-1,-1,1,-1,-1,1,-1,-1,1,1,1,1,-1,-1,-1,1,0.008972050622105598
-1,-1,1,1,-1,-1,1,-1,-1,1,-1,1,-1,1,-1,-1,-1,-1,-1,1,0.008973076939582825
-1,-1,1,1,-1,-1,1,-1,-1,1,1,-1,-1,1,-1,1,1,1,-1,-1,0.008972340263426304
-1,-1,1,1,-1,-1,1,-1,-1,1,1,-1,-1,1,1,-1,-1,-1,1,1,0.008972304873168468
-1,-1,1,1,-1,-1,1,-1,-1,1,1,-1,-1,1,1,1,-1,-1,1,1,0.008972208946943283
-1,-1,1,1,-1,-1,1,-1,-1,1,1,-1,1,-1,1,-1,1,-1,-1,-1,0.0089713828638196
-1,-1,1,1,-1,-1,1,-1,-1,1,1,1,-1,1,1,-1,-1,1,-1,1,0.008972687646746635
-1,-1,1,1,-1,-1,1,-1,-1,1,1,1,1,-1,1,-1,-1,-1,1,1,0.008971928618848324
-1,-1,1,1,-1,-1,1,-1,-1,1,1,1,1,1,-1,-1,1,1,1,1,0.00897238776087761
-1,-1,1,1,-1,-1,1,-1,-1,1,1,1,1,1,1,1,-1,1,-1,1,0.00897225271910429
-1,-1,1,1,-1,-1,1,-1,1,-1,-1,-1,1,1,1,-1,-1,-1,1,1,0.008971949107944965
-1,-1,1,1,-1,-1,1,-1,1,-1,-1,1,-1,-1,-1,1,1,1,-1,1,0.008972699753940105
-1,-1,1,1,-1,-1,1,-1,1,-1,-1,1,1,-1,-1,1,1,1,-1,1,0.008972360752522945
-1,-1,1,1,-1,-1,1,-1,1,-1,-1,1,1,-1,1,1,1,1,1,1,0.008971646428108215
-1,-1,1,1,-1,-1,1,-1,1,-1,-1,1,1,1,-1,-1,-1,1,-1,-1,0.008972423151135445
-1,-1,1,1,-1,-1,1,-1,1,-1,1,-1,-1,-1,1,-1,1,1,1,-1,0.00897161103785038
-1,-1,1,1,-1,-1,1,-1,1,-1,1,1,1,-1,-1,1,-1,1,1,1,0.008972435258328915
-1,-1,1,1,-1,-1,1,-1,1,-1,1,1,1,1,1,1,-1,1,-1,1,0.00897226482629776
-1,-1,1,1,-1,-1,1,-1,1,1,-1,-1,-1,1,1,-1,1,-1,-1,-1,0.008971916511654854
-1,-1,1,1,-1,-1,1,-1,1,1,-1,-1,1,-1,-1,1,1,-1,-1,1,0.008972276002168655
-1,-1,1,1,-1,-1,1,-1,1,1,-1,-1,1,1,-1,-1,1,-1,1,1,0.008972285315394402
-1,-1,1,1,-1,-1,1,-1,1,1,-1,1,-1,1,1,1,1,1,-1,-1,0.008971992880105972
-1,-1,1,1,-1,-1,1,-1,1,1,-1,1,1,1,1,1,-1,1,-1,-1,0.008971909992396832
-1,-1,1,1,-1,-1,1,-1,1,1,1,1,-1,1,-1,1,1,1,-1,1,0.00897294096648693
-1,-1,1,1,-1,-1,1,1,-1,-1,-1,-1,-1,-1,-1,-1,-1,1,-1,1,0.008973217569291592
-1,-1,1,1,-1,-1,1,1,-1,-1,-1,-1,-1,1,-1,-1,-1,-1,-1,1,0.008973255753517151
-1,-1,1,1,-1,-1,1,1,-1,-1,-1,-1,-1,1,-1,-1,-1,-1,1,-1,0.008972631767392159
-1,-1,1,1,-1,-1,1,1,-1,-1,-1,-1,-1,1,-1,-1,1,1,-1,-1,0.008972671814262867
-1,-1,1,1,-1,-1,1,1,-1,-1,-1,-1,1,-1,1,-1,-1,-1,1,-1,0.008971664123237133
-1,-1,1,1,-1,-1,1,1,-1,-1,-1,1,-1,-1,-1,-1,1,-1,-1,-1,0.008972548879683018
-1,-1,1,1,-1,-1,1,1,-1,-1,-1,1,1,-1,1,1,1,-1,-1,1,0.00897202268242836
-1,-1,1,1,-1,-1,1,1,-1,-1,1,-1,-1,-1,1,-1,1,-1,-1,-1,0.008971987292170525
-1,-1,1,1,-1,-1,1,1,-1,-1,1,-1,-1,1,1,1,-1,-1,1,1,0.008972473442554474
-1,-1,1,1,-1,-1,1,1,-1,-1,1,1,1,1,-1,-1,-1,1,-1,1,0.008973117917776108
-1,-1,1,1,-1,-1,1,1,-1,1,-1,1,-1,-1,-1,1,-1,1,-1,1,0.008973294869065285
-1,-1,1,1,-1,-1,1,1,-1,1,-1,1,1,-1,-1,-1,-1,-1,1,-1,0.008972342126071453
-1,-1,1,1,-1,-1,1,1,-1,1,-1,1,1,1,1,-1,-1,1,-1,-1,0.008972258307039738
-1,-1,1,1,-1,-1,1,1,-1,1,1,-1,-1,-1,1,1,-1,1,-1,-1,0.008972319774329662
-1,-1,1,1,-1,-1,1,1,-1,1,1,-1,-1,1,-1,1,-1,1,1,1,0.008973151445388794
-1,-1,1,1,-1,-1,1,1,-1,1,1,-1,1,-1,1,-1,-1,1,-1,1,0.008972490206360817
-1,-1,1,1,-1,-1,1,1,-1,1,1,-1,1,1,-1,-1,-1,1,1,-1,0.00897249486297369
-1,-1,1,1,-1,-1,1,1,-1,1,1,1,-1,-1,1,-1,1,-1,1,-1,0.00897195003926754
-1,-1,1,1,-1,-1,1,1,-1,1,1,1,1,-1,-1,-1,-1,1,1,-1,0.008972457610070705
-1,-1,1,1,-1,-1,1,1,-1,1,1,1,1,1,1,-1,1,-1,1,-1,0.008971734903752804
-1,-1,1,1,-1,-1,1,1,1,-1,-1,-1,-1,1,-1,-1,-1,-1,1,1,0.008973144926130772
-1,-1,1,1,-1,-1,1,1,1,-1,-1,1,-1,-1,-1,-1,1,-1,-1,-1,0.008972648531198502
-1,-1,1,1,-1,-1,1,1,1,-1,-1,1,-1,1,-1,1,-1,1,1,-1,0.00897280778735876
-1,-1,1,1,-1,-1,1,1,1,-1,-1,1,1,-1,-1,-1,-1,-1,-1,1,0.008972978219389915
-1,-1,1,1,-1,-1,1,1,1,-1,-1,1,1,-1,-1,-1,-1,1,1,-1,0.008972440846264362
-1,-1,1,1,-1,-1,1,1,1,-1,-1,1,1,-1,-1,-1,1,-1,1,1,0.008972512558102608
-1,-1,1,1,-1,-1,1,1,1,-1,-1,1,1,-1,1,-1,1,-1,-1,1,0.00897221826016903
-1,-1,1,1,-1,-1,1,1,1,-1,-1,1,1,1,1,1,1,1,-1,-1,0.008971918374300003
-1,-1,1,1,-1,-1,1,1,1,-1,1,-1,1,-1,-1,-1,1,-1,1,-1,0.008972042240202427
-1,-1,1,1,-1,-1,1,1,1,-1,1,-1,1,-1,1,-1,-1,-1,1,-1,0.00897179264575243
-1,-1,1,1,-1,-1,1,1,1,-1,1,-1,1,-1,1,1,1,1,-1,1,0.008972151204943657
-1,-1,1,1,-1,-1,1,1,1,-1,1,1,1,-1,-1,1,1,1,1,1,0.008972532115876675
-1,-1,1,1,-1,-1,1,1,1,-1,1,1,1,1,1,-1,-1,-1,-1,-1,0.008972213603556156
-1,-1,1,1,-1,-1,1,1,1,1,-1,-1,-1,1,1,1,1,1,-1,-1,0.008972258307039738
-1,-1,1,1,-1,-1,1,1,1,1,-1,-1,1,-1,-1,1,1,-1,-1,-1,0.008972213603556156
-1,-1,1,1,-1,-1,1,1,1,1,-1,1,-1,1,-1,1,-1,-1,1,1,0.008973222225904465
-1,-1,1,1,-1,-1,1,1,1,1,-1,1,1,-1,-1,-1,-1,-1,-1,1,0.00897306576371193
-1,-1,1,1,-1,-1,1,1,1,1,-1,1,1,1,-1,1,1,-1,-1,-1,0.00897242408245802
-1,-1,1,1,-1,1,-1,-1,-1,-1,-1,1,1,-1,-1,-1,1,1,1,-1,0.008971629664301872
-1,-1,1,1,-1,1,-1,-1,-1,-1,-1,1,1,1,-1,-1,-1,1,1,-1,0.008972009643912315
-1,-1,1,1,-1,1,-1,-1,-1,-1,1,-1,-1,1,-1,1,1,-1,-1,1,0.008972477167844772
-1,-1,1,1,-1,1,-1,-1,-1,-1,1,-1,1,-1,1,-1,-1,-1,-1,-1,0.008971448056399822
-1,-1,1,1,-1,1,-1,-1,-1,-1,1,-1,1,-1,1,-1,1,1,-1,-1,0.008971278555691242
-1,-1,1,1,-1,1,-1,-1,-1,-1,1,-1,1,1,1,-1,1,-1,-1,-1,0.008971315808594227
-1,-1,1,1,-1,1,-1,-1,-1,-1,1,1,-1,1,-1,1,-1,-1,-1,-1,0.008972405456006527
-1,-1,1,1,-1,1,-1,-1,-1,-1,1,1,1,1,-1,1,-1,-1,1,1,0.008972269482910633
-1,-1,1,1,-1,1,-1,-1,-1,1,-1,-1,1,1,-1,1,1,-1,-1,-1,0.00897178240120411
-1,-1,1,1,-1,1,-1,-1,-1,1,-1,1,-1,-1,-1,-1,1,-1,1,1,0.008972383104264736
-1,-1,1,1,-1,1,-1,-1,-1,1,-1,1,-1,-1,1,-1,-1,-1,-1,-1,0.008971931412816048
-1,-1,1,1,-1,1,-1,-1,-1,1,-1,1,1,1,1,-1,-1,-1,-1,1,0.00897212978452444
-1,-1,1,1,-1,1,-1,-1,-1,1,-1,1,1,1,1,-1,1,-1,-1,1,0.008971873670816422
-1,-1,1,1,-1,1,-1,-1,-1,1,1,-1,1,-1,-1,1,-1,1,1,-1,0.008971819654107094
-1,-1,1,1,-1,1,-1,-1,-1,1,1,-1,1,-1,1,1,-1,1,-1,1,0.008971938863396645
-1,-1,1,1,-1,1,-1,-1,-1,1,1,-1,1,1,1,-1,-1,-1,1,1,0.008971862494945526
-1,-1,1,1,-1,1,-1,-1,-1,1,1,1,1,-1,-1,-1,-1,1,1,1,0.008972415700554848
-1,-1,1,1,-1,1,-1,-1,-1,1,1,1,1,1,1,-1,1,-1,-1,1,0.00897190347313881
-1,-1,1,1,-1,1,-1,-1,1,-1,-1,1,-1,-1,1,1,1,1,1,-1,0.00897146761417389
-1,-1,1,1,-1,1,-1,-1,1,-1,-1,1,1,1,1,1,1,1,-1,-1,0.008971462957561016
-1,-1,1,1,-1,1,-1,-1,1,-1,1,-1,-1,-1,1,-1,1,1,-1,1,0.008972130715847015
-1,-1,1,1,-1,1,-1,-1,1,-1,1,-1,-1,1,-1,1,1,-1,-1,1,0.008972576819360256
-1,-1,1,1,-1,1,-1,-1,1,-1,1,-1,1,1,1,1,1,-1,-1,1,0.008971733041107655
-1,-1,1,1,-1,1,-1,-1,1,-1,1,-1,1,1,1,1,1,-1,1,1,0.008971523493528366
-1,-1,1,1,-1,1,-1,-1,1,-1,1,1,-1,-1,-1,1,1,1,-1,1,0.00897262617945671
-1,-1,1,1,-1,1,-1,-1,1,-1,1,1,-1,-1,1,-1,1,-1,1,-1,0.008971507661044598
-1,-1,1,1,-1,1,-1,-1,1,-1,1,1,1,-1,-1,1,-1,-1,-1,-1,0.008972042240202427
-1,-1,1,1,-1,1,-1,-1,1,-1,1,1,1,-1,-1,1,-1,1,-1,1,0.008972542360424995
-1,-1,1,1,-1,1,-1,-1,1,1,-1,-1,1,-1,1,-1,1,1,1,-1,0.00897122547030449
-1,-1,1,1,-1,1,-1,-1,1,1,-1,1,-1,-1,-1,-1,-1,-1,1,1,0.00897273886948824
-1,-1,1,1,-1,1,-1,-1,1,1,-1,1,-1,1,-1,-1,1,-1,-1,1,0.008972818031907082
-1,-1,1,1,-1,1,-1,-1,1,1,-1,1,-1,1,-1,-1,1,1,1,-1,0.008972279727458954
-1,-1,1,1,-1,1,-1,-1,1,1,-1,1,-1,1,-1,1,-1,-1,1,1,0.008972766809165478
-1,-1,1,1,-1,1,-1,-1,1,1,-1,1,1,-1,-1,1,-1,1,1,-1,0.00897197611629963
-1,-1,1,1,-1,1,-1,-1,1,1,-1,1,1,-1,1,1,1,-1,-1,1,0.008971753530204296
-1,-1,1,1,-1,1,-1,-1,1,1,1,-1,-1,-1,-1,-1,1,-1,1,-1,0.00897201243788004
-1,-1,1,1,-1,1,-1,-1,1,1,1,-1,-1,-1,-1,-1,1,-1,1,1,0.008972426876425743
-1,-1,1,1,-1,1,-1,-1,1,1,1,-1,-1,-1,-1,1,-1,-1,1,1,0.008972586132586002
-1,-1,1,1,-1,1,-1,-1,1,1,1,-1,-1,-1,1,-1,-1,1,-1,-1,0.008972059935331345
-1,-1,1,1,-1,1,-1,-1,1,1,1,-1,-1,1,-1,-1,1,1,-1,1,0.008972846902906895
-1,-1,1,1,-1,1,-1,-1,1,1,1,-1,-1,1,1,1,-1,1,1,1,0.008972291834652424
-1,-1,1,1,-1,1,-1,-1,1,1,1,-1,1,1,-1,-1,-1,1,1,1,0.00897255353629589
-1,-1,1,1,-1,1,-1,-1,1,1,1,-1,1,1,-1,1,-1,1,1,-1,0.008972043171525002
-1,-1,1,1,-1,1,-1,-1,1,1,1,-1,1,1,1,-1,-1,-1,1,1,0.00897196214646101
-1,-1,1,1,-1,1,-1,-1,1,1,1,1,-1,-1,1,1,1,-1,1,1,0.00897191185504198
-1,-1,1,1,-1,1,-1,-1,1,1,1,1,-1,1,-1,1,1,1,-1,1,0.008972836658358574
-1,-1,1,1,-1,1,-1,-1,1,1,1,1,-1,1,1,1,1,-1,-1,-1,0.008971832692623138
-1,-1,1,1,-1,1,-1,-1,1,1,1,1,1,1,-1,-1,-1,1,1,-1,0.008972225710749626
-1,-1,1,1,-1,1,-1,-1,1,1,1,1,1,1,1,1,-1,-1,-1,-1,0.008971748873591423
-1,-1,1,1,-1,1,-1,1,-1,-1,-1,1,-1,1,-1,1,-1,1,-1,1,0.008973227813839912
-1,-1,1,1,-1,1,-1,1,-1,-1,-1,1,1,-1,-1,1,-1,1,-1,-1,0.0089723514392972
-1,-1,1,1,-1,1,-1,1,-1,-1,1,-1,1,-1,-1,-1,1,-1,1,-1,0.008971838280558586
-1,-1,1,1,-1,1,-1,1,-1,-1,1,-1,1,-1,1,1,-1,-1,1,-1,0.008971493691205978
-1,-1,1,1,-1,1,-1,1,-1,-1,1,1,-1,1,-1,1,1,1,1,1,0.008972791954874992
-1,-1,1,1,-1,1,-1,1,-1,1,-1,-1,-1,-1,1,1,1,1,-1,-1,0.008971931412816048
-1,-1,1,1,-1,1,-1,1,-1,1,-1,1,-1,-1,-1,1,-1,1,1,-1,0.00897256750613451
-1,-1,1,1,-1,1,-1,1,-1,1,-1,1,-1,-1,1,-1,-1,1,-1,1,0.00897278357297182
-1,-1,1,1,-1,1,-1,1,-1,1,-1,1,1,-1,1,1,1,1,1,-1,0.008971468545496464
-1,-1,1,1,-1,1,-1,1,1,-1,-1,-1,-1,-1,1,-1,1,1,1,1,0.008972243405878544
-1,-1,1,1,-1,1,-1,1,1,-1,-1,-1,-1,-1,1,1,-1,-1,1,1,0.008972316980361938
-1,-1,1,1,-1,1,-1,1,1,-1,-1,-1,1,1,-1,1,1,1,1,1,0.008972437120974064
-1,-1,1,1,-1,1,-1,1,1,-1,-1,1,-1,-1,1,1,-1,-1,-1,-1,0.008972199633717537
-1,-1,1,1,-1,1,-1,1,1,-1,-1,1,-1,1,-1,-1,1,-1,1,-1,0.00897245854139328
-1,-1,1,1,-1,1,-1,1,1,-1,-1,1,-1,1,1,1,1,1,-1,-1,0.00897215399891138
-1,-1,1,1,-1,1,-1,1,1,-1,-1,1,1,-1,-1,-1,1,-1,1,-1,0.008971995674073696
-1,-1,1,1,-1,1,-1,1,1,-1,1,-1,1,1,1,1,-1,-1,1,-1,0.008971717208623886
-1,-1,1,1,-1,1,-1,1,1,-1,1,1,-1,1,1,-1,1,-1,1,1,0.008972397074103355
-1,-1,1,1,-1,1,-1,1,1,-1,1,1,1,-1,1,-1,-1,1,1,1,0.008972276002168655
-1,-1,1,1,-1,1,-1,1,1,-1,1,1,1,-1,1,-1,1,1,1,-1,0.008971606381237507
-1,-1,1,1,-1,1,-1,1,1,1,-1,-1,1,-1,-1,-1,-1,-1,-1,1,0.008972875773906708
-1,-1,1,1,-1,1,-1,1,1,1,1,1,-1,-1,1,1,1,1,-1,1,0.008972560986876488
-1,-1,1,1,-1,1,-1,1,1,1,1,1,-1,1,-1,1,1,-1,-1,-1,0.008972689509391785
-1,-1,1,1,-1,1,-1,1,1,1,1,1,1,-1,-1,-1,-1,-1,-1,-1,0.00897257775068283
-1,-1,1,1,-1,1,-1,1,1,1,1,1,1,-1,-1,-1,-1,1,1,1,0.008972867392003536
-1,-1,1,1,-1,1,-1,1,1,1,1,1,1,-1,1,1,1,1,-1,1,0.008972221054136753
-1,-1,1,1,-1,1,-1,1,1,1,1,1,1,1,-1,1,-1,-1,1,1,0.00897280965000391
-1,-1,1,1,-1,1,-1,1,1,1,1,1,1,1,1,-1,-1,1,1,1,0.008972487412393093
-1,-1,1,1,-1,1,1,-1,-1,-1,-1,-1,-1,1,-1,1,-1,1,-1,1,0.008972804062068462
-1,-1,1,1,-1,1,1,-1,-1,-1,-1,-1,1,-1,-1,-1,-1,-1,1,1,0.008972140960395336
-1,-1,1,1,-1,1,1,-1,-1,-1,-1,-1,1,1,1,1,1,-1,1,1,0.008971408940851688
-1,-1,1,1,-1,1,1,-1,-1,-1,-1,1,-1,-1,1,1,-1,-1,-1,-1,0.008971762843430042
-1,-1,1,1,-1,1,1,-1,-1,-1,-1,1,1,-1,1,-1,-1,-1,-1,1,0.008971933275461197
-1,-1,1,1,-1,1,1,-1,-1,-1,-1,1,1,-1,1,-1,1,-1,1,-1,0.00897105410695076
-1,-1,1,1,-1,1,1,-1,-1,-1,-1,1,1,1,1,-1,-1,1,1,1,0.008971933275461197
-1,-1,1,1,-1,1,1,-1,-1,-1,1,-1,-1,-1,-1,1,1,-1,1,1,0.00897215772420168
-1,-1,1,1,-1,1,1,-1,-1,-1,1,-1,-1,1,1,-1,1,-1,1,-1,0.008971459232270718
-1,-1,1,1,-1,1,1,-1,-1,-1,1,-1,1,1,1,1,1,1,1,1,0.00897152442485094
-1,-1,1,1,-1,1,1,-1,-1,-1,1,1,-1,1,-1,-1,1,1,-1,1,0.00897276122123003
-1,-1,1,1,-1,1,1,-1,-1,1,-1,-1,1,1,1,-1,-1,1,-1,-1,0.00897173024713993
-1,-1,1,1,-1,1,1,-1,-1,1,-1,1,-1,-1,1,-1,-1,-1,1,1,0.008972149342298508
-1,-1,1,1,-1,1,1,-1,-1,1,-1,1,-1,1,-1,1,-1,1,1,-1,0.008972354233264923
-1,-1,1,1,-1,1,1,-1,-1,1,-1,1,1,-1,-1,-1,1,1,-1,1,0.008972356095910072
-1,-1,1,1,-1,1,1,-1,-1,1,1,-1,-1,-1,-1,1,-1,1,-1,1,0.00897279754281044
-1,-1,1,1,-1,1,1,-1,-1,1,1,-1,1,1,1,1,1,1,1,1,0.008971611969172955
-1,-1,1,1,-1,1,1,-1,1,-1,-1,-1,-1,-1,-1,-1,1,1,1,1,0.008972411043941975
-1,-1,1,1,-1,1,1,-1,1,-1,-1,-1,-1,1,-1,1,-1,1,-1,1,0.00897290464490652
-1,-1,1,1,-1,1,1,-1,1,-1,-1,-1,-1,1,1,-1,1,1,1,-1,0.008971616625785828
-1,-1,1,1,-1,1,1,-1,1,-1,-1,-1,1,-1,-1,-1,1,-1,1,-1,0.008971571922302246
-1,-1,1,1,-1,1,1,-1,1,-1,-1,1,-1,-1,-1,-1,-1,-1,1,-1,0.00897225271910429
-1,-1,1,1,-1,1,1,-1,1,-1,-1,1,-1,-1,-1,1,-1,-1,1,1,0.008972570300102234
-1,-1,1,1,-1,1,1,-1,1,-1,-1,1,-1,1,1,1,1,-1,1,-1,0.008971520699560642
-1,-1,1,1,-1,1,1,-1,1,-1,-1,1,1,1,-1,1,1,1,-1,-1,0.008971982635557652
-1,-1,1,1,-1,1,1,-1,1,-1,1,1,-1,-1,-1,-1,1,1,1,-1,0.008972113020718098
-1,-1,1,1,-1,1,1,-1,1,-1,1,1,1,-1,-1,-1,-1,-1,1,-1,0.008971943520009518
-1,-1,1,1,-1,1,1,-1,1,-1,1,1,1,1,1,-1,-1,-1,1,1,0.00897197611629963
-1,-1,1,1,-1,1,1,-1,1,1,-1,-1,-1,-1,1,1,1,-1,1,-1,0.008971397764980793
-1,-1,1,1,-1,1,1,-1,1,1,-1,-1,1,1,-1,-1,1,-1,-1,-1,0.008971992880105972
-1,-1,1,1,-1,1,1,-1,1,1,-1,-1,1,1,1,-1,-1,1,1,-1,0.008971620351076126
-1,-1,1,1,-1,1,1,-1,1,1,-1,1,-1,-1,1,-1,-1,-1,1,1,0.008972248993813992
-1,-1,1,1,-1,1,1,-1,1,1,-1,1,-1,1,1,1,1,1,-1,-1,0.008971904404461384
-1,-1,1,1,-1,1,1,-1,1,1,1,-1,-1,-1,1,1,-1,1,-1,-1,0.008971978910267353
-1,-1,1,1,-1,1,1,-1,1,1,1,1,-1,-1,-1,1,-1,1,1,-1,0.00897235982120037
-1,-1,1,1,-1,1,1,-1,1,1,1,1,-1,-1,1,1,-1,-1,-1,1,0.008972392417490482
-1,-1,1,1,-1,1,1,-1,1,1,1,1,1,-1,1,-1,-1,-1,1,1,0.00897193979471922
-1,-1,1,1,-1,1,1,1,-1,-1,-1,-1,1,1,1,-1,1,1,-1,-1,0.008971739560365677
-1,-1,1,1,-1,1,1,1,-1,-1,-1,-1,1,1,1,1,1,-1,-1,-1,0.008971557021141052
-1,-1,1,1,-1,1,1,1,-1,-1,-1,1,-1,-1,1,-1,1,1,1,1,0.008972244337201118
-1,-1,1,1,-1,1,1,1,-1,-1,-1,1,-1,1,1,-1,1,-1,-1,-1,0.008972079493105412
-1,-1,1,1,-1,1,1,1,-1,-1,-1,1,1,-1,1,-1,-1,-1,-1,1,0.008972285315394402
-1,-1,1,1,-1,1,1,1,-1,-1,1,-1,1,-1,-1,-1,1,1,1,-1,0.00897193979471922
-1,-1,1,1,-1,1,1,1,-1,-1,1,1,-1,-1,-1,1,-1,1,-1,1,0.00897314865142107
-1,-1,1,1,-1,1,1,1,-1,-1,1,1,-1,-1,1,1,-1,1,-1,1,0.008972643874585629
-1,-1,1,1,-1,1,1,1,-1,-1,1,1,-1,1,1,-1,-1,-1,1,-1,0.00897215399891138
-1,-1,1,1,-1,1,1,1,-1,-1,1,1,1,1,1,-1,1,1,1,-1,0.00897164549678564
-1,-1,1,1,-1,1,1,1,-1,1,-1,-1,1,-1,1,-1,1,-1,1,-1,0.00897140707820654
-1,-1,1,1,-1,1,1,1,-1,1,-1,1,-1,-1,1,1,1,-1,1,-1,0.008971735835075378
-1,-1,1,1,-1,1,1,1,-1,1,-1,1,-1,-1,1,1,1,1,-1,-1,0.00897203292697668
-1,-1,1,1,-1,1,1,1,-1,1,-1,1,1,-1,-1,1,1,1,1,1,0.008972401730716228
-1,-1,1,1,-1,1,1,1,-1,1,1,-1,-1,-1,-1,-1,1,1,1,-1,0.008972366340458393
-1,-1,1,1,-1,1,1,1,1,-1,-1,-1,1,-1,-1,-1,-1,-1,-1,-1,0.008972389623522758
-1,-1,1,1,-1,1,1,1,1,-1,-1,1,-1,-1,1,1,1,-1,-1,1,0.008972372859716415
-1,-1,1,1,-1,1,1,1,1,-1,-1,1,-1,1,1,-1,1,-1,1,1,0.008972382172942162
-1,-1,1,1,-1,1,1,1,1,-1,-1,1,-1,1,1,-1,1,1,1,1,0.0089724687859416
-1,-1,1,1,-1,1,1,1,1,-1,-1,1,-1,1,1,1,1,-1,-1,-1,0.00897208321839571
-1,-1,1,1,-1,1,1,1,1,-1,1,-1,-1,-1,-1,-1,-1,1,1,-1,0.008972634561359882
-1,-1,1,1,-1,1,1,1,1,-1,1,-1,-1,1,1,-1,-1,-1,1,1,0.00897258147597313
-1,-1,1,1,-1,1,1,1,1,-1,1,1,-1,-1,-1,-1,-1,-1,1,1,0.008973048068583012
-1,-1,1,1,-1,1,1,1,1,-1,1,1,-1,-1,1,-1,1,1,1,-1,0.00897196028381586
-1,-1,1,1,-1,1,1,1,1,-1,1,1,-1,1,-1,-1,-1,1,1,-1,0.008972845040261745
-1,-1,1,1,-1,1,1,1,1,-1,1,1,-1,1,1,-1,-1,-1,1,-1,0.008972253650426865
-1,-1,1,1,-1,1,1,1,1,-1,1,1,1,-1,-1,-1,1,-1,-1,1,0.008972663432359695
-1,-1,1,1,-1,1,1,1,1,-1,1,1,1,-1,-1,1,1,-1,-1,-1,0.00897215399891138
-1,-1,1,1,-1,1,1,1,1,1,-1,-1,-1,-1,-1,1,1,1,-1,1,0.008972964249551296
-1,-1,1,1,-1,1,1,1,1,1,-1,-1,1,-1,1,1,1,1,-1,-1,0.008971706964075565
-1,-1,1,1,-1,1,1,1,1,1,-1,-1,1,1,-1,1,1,1,1,1,0.008972538635134697
-1,-1,1,1,-1,1,1,1,1,1,-1,1,-1,-1,1,1,1,1,1,1,0.00897233560681343
-1,-1,1,1,-1,1,1,1,1,1,-1,1,1,-1,-1,-1,-1,1,1,1,0.008972853422164917
-1,-1,1,1,-1,1,1,1,1,1,1,-1,-1,-1,-1,-1,1,1,-1,1,0.00897308997809887
-1,-1,1,1,-1,1,1,1,1,1,1,-1,-1,-1,-1,1,-1,-1,1,-1,0.008972539566457272
-1,-1,1,1,-1,1,1,1,1,1,1,-1,-1,-1,1,1,1,-1,-1,1,0.008972402662038803
-1,-1,1,1,-1,1,1,1,1,1,1,1,-1,-1,1,-1,-1,1,1,1,0.008972717449069023
-1,-1,1,1,-1,1,1,1,1,1,1,1,-1,1,-1,1,-1,-1,1,-1,0.00897274911403656
-1,-1,1,1,-1,1,1,1,1,1,1,1,-1,1,-1,1,-1,1,-1,-1,0.008973046205937862
-1,-1,1,1,1,-1,-1,-1,-1,-1,-1,-1,-1,-1,-1,1,1,-1,1,-1,0.0089713204652071
-1,-1,1,1,1,-1,-1,-1,-1,-1,-1,-1,-1,1,-1,-1,-1,1,-1,1,0.008972506038844585
-1,-1,1,1,1,-1,-1,-1,-1,-1,-1,-1,-1,1,1,1,-1,-1,1,-1,0.008971195667982101
-1,-1,1,1,1,-1,-1,-1,-1,-1,-1,-1,1,-1,-1,-1,1,1,-1,1,0.008971787989139557
-1,-1,1,1,1,-1,-1,-1,-1,-1,-1,-1,1,-1,-1,1,-1,-1,-1,1,0.008971860632300377
-1,-1,1,1,1,-1,-1,-1,-1,-1,-1,-1,1,1,-1,1,1,-1,1,1,0.008971518836915493
-1,-1,1,1,1,-1,-1,-1,-1,-1,-1,-1,1,1,-1,1,1,1,-1,-1,0.008971401490271091
-1,-1,1,1,1,-1,-1,-1,-1,-1,-1,-1,1,1,-1,1,1,1,1,1,0.008971605449914932
-1,-1,1,1,1,-1,-1,-1,-1,-1,-1,1,-1,1,1,-1,1,-1,1,1,0.00897153653204441
-1,-1,1,1,1,-1,-1,-1,-1,-1,1,-1,1,-1,-1,1,1,1,1,-1,0.008971096947789192
-1,-1,1,1,1,-1,-1,-1,-1,-1,1,1,-1,-1,-1,-1,-1,-1,1,-1,0.008971787989139557
-1,-1,1,1,1,-1,-1,-1,-1,-1,1,1,-1,-1,1,-1,1,-1,-1,1,0.008971652016043663
-1,-1,1,1,1,-1,-1,-1,-1,-1,1,1,-1,1,-1,-1,1,1,1,-1,0.0089717423543334
-1,-1,1,1,1,-1,-1,-1,-1,-1,1,1,1,-1,-1,1,-1,1,-1,1,0.008972062729299068
-1,-1,1,1,1,-1,-1,-1,-1,1,-1,-1,-1,1,1,1,1,-1,1,-1,0.008971027098596096
-1,-1,1,1,1,-1,-1,-1,-1,1,-1,-1,1,-1,1,1,1,-1,1,-1,0.008970564231276512
-1,-1,1,1,1,-1,-1,-1,-1,1,-1,-1,1,1,1,1,1,1,1,-1,0.0089707737788558
-1,-1,1,1,1,-1,-1,-1,-1,1,-1,1,-1,-1,1,1,1,-1,1,-1,0.008970989845693111
-1,-1,1,1,1,-1,-1,-1,-1,1,-1,1,-1,1,-1,-1,1,-1,1,-1,0.008971714414656162
-1,-1,1,1,1,-1,-1,-1,-1,1,1,-1,1,1,-1,-1,-1,1,-1,-1,0.008971869945526123
-1,-1,1,1,1,-1,-1,-1,-1,1,1,1,1,-1,1,-1,1,1,1,1,0.008971275761723518
-1,-1,1,1,1,-1,-1,-1,-1,1,1,1,1,1,-1,1,1,-1,1,-1,0.00897130835801363
-1,-1,1,1,1,-1,-1,-1,1,-1,-1,-1,-1,1,-1,-1,1,1,-1,-1,0.008971937000751495
-1,-1,1,1,1,-1,-1,-1,1,-1,-1,-1,-1,1,1,1,-1,1,-1,1,0.008972005918622017
-1,-1,1,1,1,-1,-1,-1,1,-1,-1,-1,1,-1,1,1,-1,1,1,-1,0.008970918133854866
-1,-1,1,1,1,-1,-1,-1,1,-1,-1,1,-1,-1,-1,-1,-1,-1,-1,-1,0.00897206924855709
-1,-1,1,1,1,-1,-1,-1,1,-1,-1,1,1,-1,1,-1,-1,-1,1,1,0.008971428498625755
-1,-1,1,1,1,-1,-1,-1,1,-1,-1,1,1,1,-1,1,1,-1,-1,1,0.00897191558033228
-1,-1,1,1,1,-1,-1,-1,1,-1,1,1,-1,-1,-1,1,1,-1,-1,-1,0.0089717460796237
-1,-1,1,1,1,-1,-1,-1,1,-1,1,1,1,-1,-1,-1,-1,-1,-1,1,0.008972172625362873
-1,-1,1,1,1,-1,-1,-1,1,1,-1,-1,-1,1,-1,-1,1,1,1,-1,0.008971814066171646
-1,-1,1,1,1,-1,-1,-1,1,1,-1,-1,-1,1,-1,1,1,-1,1,-1,0.008971631526947021
-1,-1,1,1,1,-1,-1,-1,1,1,-1,1,1,1,-1,-1,-1,1,1,1,0.0089722303673625
-1,-1,1,1,1,-1,-1,-1,1,1,1,1,1,1,-1,1,-1,-1,1,-1,0.008971664123237133
-1,-1,1,1,1,-1,-1,1,-1,-1,-1,-1,1,1,-1,1,-1,-1,1,1,0.008972126990556717
-1,-1,1,1,1,-1,-1,1,-1,-1,-1,-1,1,1,-1,1,1,-1,1,1,0.008971870876848698
-1,-1,1,1,1,-1,-1,1,-1,-1,-1,1,-1,1,-1,1,1,-1,-1,-1,0.00897209346294403
-1,-1,1,1,1,-1,-1,1,-1,-1,-1,1,1,-1,-1,1,-1,-1,1,1,0.008972088806331158
-1,-1,1,1,1,-1,-1,1,-1,-1,1,-1,-1,-1,-1,-1,1,1,-1,1,0.008972507901489735
-1,-1,1,1,1,-1,-1,1,-1,-1,1,1,1,-1,1,-1,1,1,1,-1,0.00897112675011158
-1,-1,1,1,1,-1,-1,1,-1,-1,1,1,1,1,1,-1,-1,-1,-1,-1,0.008971630595624447
-1,-1,1,1,1,-1,-1,1,-1,1,-1,-1,-1,-1,1,1,1,-1,-1,-1,0.00897146575152874
-1,-1,1,1,1,-1,-1,1,-1,1,-1,-1,1,1,-1,-1,-1,-1,-1,-1,0.008972106501460075
-1,-1,1,1,1,-1,-1,1,-1,1,-1,-1,1,1,1,-1,-1,1,1,1,0.008971892297267914
-1,-1,1,1,1,-1,-1,1,-1,1,-1,1,-1,1,1,1,1,-1,-1,1,0.008972089737653732
-1,-1,1,1,1,-1,-1,1,-1,1,-1,1,1,-1,-1,-1,1,1,-1,-1,0.00897189974784851
-1,-1,1,1,1,-1,-1,1,-1,1,-1,1,1,1,-1,-1,-1,1,1,-1,0.00897206924855709
-1,-1,1,1,1,-1,-1,1,-1,1,-1,1,1,1,-1,-1,1,-1,-1,-1,0.00897193793207407
-1,-1,1,1,1,-1,-1,1,-1,1,1,-1,-1,1,1,1,1,1,1,1,0.008971908129751682
-1,-1,1,1,1,-1,-1,1,-1,1,1,1,-1,-1,1,1,1,1,-1,-1,0.008971667848527431
-1,-1,1,1,1,-1,-1,1,-1,1,1,1,-1,1,1,-1,-1,-1,-1,1,0.00897247064858675
-1,-1,1,1,1,-1,-1,1,1,-1,-1,-1,1,1,-1,-1,1,1,1,-1,0.008971739560365677
-1,-1,1,1,1,-1,-1,1,1,-1,-1,1,-1,1,1,1,-1,-1,-1,1,0.008972357958555222
-1,-1,1,1,1,-1,-1,1,1,-1,-1,1,1,-1,-1,-1,1,-1,-1,1,0.008972239680588245
-1,-1,1,1,1,-1,-1,1,1,-1,-1,1,1,-1,-1,1,-1,1,-1,1,0.008972485549747944
-1,-1,1,1,1,-1,-1,1,1,-1,-1,1,1,-1,1,-1,1,1,1,-1,0.00897119753062725
-1,-1,1,1,1,-1,-1,1,1,-1,1,-1,-1,-1,-1,1,1,1,-1,-1,0.008972098119556904
-1,-1,1,1,1,-1,-1,1,1,-1,1,-1,-1,-1,1,-1,1,-1,-1,-1,0.008971603587269783
-1,-1,1,1,1,-1,-1,1,1,-1,1,-1,1,1,-1,1,-1,1,-1,-1,0.008972139097750187
-1,-1,1,1,1,-1,-1,1,1,-1,1,1,-1,-1,-1,1,-1,1,1,-1,0.0089722303673625
-1,-1,1,1,1,-1,-1,1,1,-1,1,1,-1,1,-1,1,1,1,-1,1,0.008972722105681896
-1,-1,1,1,1,-1,-1,1,1,-1,1,1,1,-1,-1,1,-1,1,-1,1,0.008972514420747757
-1,-1,1,1,1,-1,-1,1,1,-1,1,1,1,-1,-1,1,1,-1,-1,1,0.008972172625362873
-1,-1,1,1,1,-1,-1,1,1,-1,1,1,1,-1,1,1,1,-1,-1,1,0.008971668779850006
-1,-1,1,1,1,-1,-1,1,1,-1,1,1,1,1,1,-1,1,1,1,1,0.008971764706075191
-1,-1,1,1,1,-1,-1,1,1,1,-1,-1,-1,1,1,-1,1,-1,-1,1,0.008972199633717537
-1,-1,1,1,1,-1,-1,1,1,1,1,-1,-1,1,1,1,1,-1,1,-1,0.008971508592367172
-1,-1,1,1,1,-1,-1,1,1,1,1,-1,1,1,-1,-1,1,-1,-1,1,0.008972394280135632
-1,-1,1,1,1,-1,-1,1,1,1,1,-1,1,1,-1,1,-1,1,1,1,0.008972429670393467
-1,-1,1,1,1,-1,-1,1,1,1,1,1,-1,1,-1,1,1,-1,1,-1,0.008972099982202053
-1,-1,1,1,1,-1,1,-1,-1,-1,-1,-1,-1,-1,-1,-1,1,-1,1,-1,0.00897143129259348
-1,-1,1,1,1,-1,1,-1,-1,-1,-1,-1,1,-1,-1,-1,-1,-1,-1,1,0.008971971459686756
-1,-1,1,1,1,-1,1,-1,-1,-1,-1,-1,1,1,1,1,1,-1,-1,-1,0.008970825932919979
-1,-1,1,1,1,-1,1,-1,-1,-1,-1,1,-1,-1,-1,-1,-1,1,1,1,0.008972273208200932
-1,-1,1,1,1,-1,1,-1,-1,-1,-1,1,-1,-1,1,-1,1,1,-1,1,0.008971723727881908
-1,-1,1,1,1,-1,1,-1,-1,-1,-1,1,1,1,1,1,-1,-1,1,1,0.008971371687948704
-1,-1,1,1,1,-1,1,-1,-1,-1,1,-1,1,1,1,1,-1,1,1,-1,0.008970987051725388
-1,-1,1,1,1,-1,1,-1,-1,-1,1,-1,1,1,1,1,1,-1,-1,-1,0.008970854803919792
-1,-1,1,1,1,-1,1,-1,-1,-1,1,1,-1,1,1,-1,1,1,-1,1,0.008971876464784145
-1,-1,1,1,1,-1,1,-1,-1,-1,1,1,1,-1,1,-1,-1,1,1,-1,0.008971045725047588
-1,-1,1,1,1,-1,1,-1,-1,-1,1,1,1,1,-1,1,1,-1,-1,1,0.008971859700977802
-1,-1,1,1,1,-1,1,-1,-1,1,-1,-1,1,1,-1,-1,1,-1,-1,-1,0.00897151418030262
-1,-1,1,1,1,-1,1,-1,-1,1,-1,-1,1,1,-1,-1,1,1,1,-1,0.008971389383077621
-1,-1,1,1,1,-1,1,-1,-1,1,-1,1,-1,1,-1,1,-1,1,-1,1,0.008972599171102047
-1,-1,1,1,1,-1,1,-1,-1,1,-1,1,1,1,1,1,-1,-1,1,-1,0.008971044793725014
-1,-1,1,1,1,-1,1,-1,-1,1,-1,1,1,1,1,1,-1,1,-1,-1,0.008971340954303741
-1,-1,1,1,1,-1,1,-1,-1,1,1,-1,-1,-1,1,-1,-1,1,1,1,0.008971799165010452
-1,-1,1,1,1,-1,1,-1,-1,1,1,-1,-1,1,1,1,-1,1,1,1,0.00897182710468769
-1,-1,1,1,1,-1,1,-1,-1,1,1,-1,1,-1,1,1,-1,1,-1,1,0.008971573784947395
-1,-1,1,1,1,-1,1,-1,-1,1,1,-1,1,1,-1,1,-1,-1,1,-1,0.008971492759883404
-1,-1,1,1,1,-1,1,-1,-1,1,1,1,-1,-1,1,1,1,1,1,1,0.008971533738076687
-1,-1,1,1,1,-1,1,-1,-1,1,1,1,1,-1,-1,-1,-1,-1,1,1,0.008971964940428734
-1,-1,1,1,1,-1,1,-1,-1,1,1,1,1,-1,-1,1,-1,1,-1,1,0.008972165174782276
-1,-1,1,1,1,-1,1,-1,-1,1,1,1,1,-1,1,1,-1,-1,-1,-1,0.008971160277724266
-1,-1,1,1,1,-1,1,-1,-1,1,1,1,1,-1,1,1,-1,1,-1,1,0.008971660397946835
-1,-1,1,1,1,-1,1,-1,1,-1,-1,-1,-1,-1,-1,-1,1,-1,1,-1,0.008971530944108963
-1,-1,1,1,1,-1,1,-1,1,-1,-1,-1,-1,1,-1,-1,-1,-1,-1,1,0.008972534909844398
-1,-1,1,1,1,-1,1,-1,1,-1,-1,-1,1,-1,-1,-1,-1,-1,-1,1,0.008972072042524815
-1,-1,1,1,1,-1,1,-1,1,-1,-1,-1,1,1,-1,1,1,-1,-1,-1,0.008971430361270905
-1,-1,1,1,1,-1,1,-1,1,-1,-1,-1,1,1,1,1,1,1,1,-1,0.008970801718533039
-1,-1,1,1,1,-1,1,-1,1,-1,-1,1,-1,-1,-1,-1,1,-1,-1,1,0.008972241543233395
-1,-1,1,1,1,-1,1,-1,1,-1,-1,1,-1,1,-1,-1,1,-1,1,-1,0.008971741423010826
-1,-1,1,1,1,-1,1,-1,1,-1,-1,1,-1,1,-1,1,-1,1,-1,1,0.008972611278295517
-1,-1,1,1,1,-1,1,-1,1,-1,-1,1,1,1,-1,1,-1,1,1,1,0.008972061797976494
-1,-1,1,1,1,-1,1,-1,1,-1,-1,1,1,1,1,1,1,-1,1,-1,0.008970801718533039
-1,-1,1,1,1,-1,1,-1,1,-1,1,-1,-1,1,1,1,-1,-1,-1,1,0.008971963077783585
-1,-1,1,1,1,-1,1,-1,1,-1,1,-1,1,1,1,1,-1,1,-1,-1,0.008971297182142735
-1,-1,1,1,1,-1,1,-1,1,-1,1,-1,1,1,1,1,1,1,1,1,0.008971245028078556
-1,-1,1,1,1,-1,1,-1,1,-1,1,1,-1,-1,1,1,-1,1,1,-1,0.008971388451755047
-1,-1,1,1,1,-1,1,-1,1,-1,1,1,-1,1,1,1,-1,-1,1,-1,0.008971425704658031
-1,-1,1,1,1,-1,1,-1,1,1,-1,-1,-1,-1,1,-1,1,1,-1,-1,0.008971410803496838
-1,-1,1,1,1,-1,1,-1,1,1,-1,-1,-1,1,1,1,-1,1,-1,1,0.00897210743278265
-1,-1,1,1,1,-1,1,-1,1,1,-1,-1,1,-1,-1,-1,1,-1,-1,-1,0.00897148996591568
-1,-1,1,1,1,-1,1,-1,1,1,-1,-1,1,-1,1,-1,1,-1,1,-1,0.008970774710178375
-1,-1,1,1,1,-1,1,-1,1,1,-1,-1,1,-1,1,1,-1,-1,-1,-1,0.008971144445240498
-1,-1,1,1,1,-1,1,-1,1,1,-1,-1,1,-1,1,1,-1,-1,1,1,0.008971348404884338
-1,-1,1,1,1,-1,1,-1,1,1,-1,1,-1,1,1,-1,-1,1,1,1,0.008972080424427986
-1,-1,1,1,1,-1,1,-1,1,1,-1,1,1,-1,-1,1,-1,-1,-1,-1,0.008971735835075378
-1,-1,1,1,1,-1,1,-1,1,1,-1,1,1,1,1,-1,1,-1,1,1,0.008971398696303368
-1,-1,1,1,1,-1,1,-1,1,1,1,-1,1,1,1,-1,-1,1,-1,1,0.008971894159913063
-1,-1,1,1,1,-1,1,-1,1,1,1,-1,1,1,1,-1,1,1,-1,-1,0.008971224538981915
-1,-1,1,1,1,-1,1,1,-1,-1,-1,-1,-1,1,1,-1,1,-1,-1,-1,0.00897161290049553
-1,-1,1,1,1,-1,1,1,-1,-1,-1,-1,-1,1,1,-1,1,-1,-1,1,0.008972026407718658
-1,-1,1,1,1,-1,1,1,-1,-1,-1,-1,-1,1,1,-1,1,1,1,1,0.008971902541816235
-1,-1,1,1,1,-1,1,1,-1,-1,-1,-1,1,1,-1,1,-1,1,-1,-1,0.00897202454507351
-1,-1,1,1,1,-1,1,1,-1,-1,-1,-1,1,1,-1,1,1,1,1,-1,0.008971557952463627
-1,-1,1,1,1,-1,1,1,-1,-1,-1,1,1,1,1,-1,-1,-1,1,1,0.008971819654107094
-1,-1,1,1,1,-1,1,1,-1,-1,1,-1,-1,-1,1,-1,1,1,-1,-1,0.008971604518592358
-1,-1,1,1,1,-1,1,1,-1,-1,1,-1,-1,1,1,-1,1,-1,-1,1,0.008972056210041046
-1,-1,1,1,1,-1,1,1,-1,-1,1,-1,1,-1,1,-1,-1,1,-1,1,0.008971935138106346
-1,-1,1,1,1,-1,1,1,-1,-1,1,-1,1,-1,1,-1,1,-1,-1,1,0.008971593342721462
-1,-1,1,1,1,-1,1,1,-1,-1,1,-1,1,-1,1,1,1,1,-1,-1,0.008971169590950012
-1,-1,1,1,1,-1,1,1,-1,1,-1,-1,-1,1,1,-1,1,-1,1,1,0.008971904404461384
-1,-1,1,1,1,-1,1,1,-1,1,-1,1,1,-1,1,-1,-1,-1,1,-1,0.00897136889398098
-1,-1,1,1,1,-1,1,1,-1,1,-1,1,1,1,1,1,-1,-1,1,1,0.008971810340881348
-1,-1,1,1,1,-1,1,1,-1,1,-1,1,1,1,1,1,1,1,-1,-1,0.008971437811851501
-1,-1,1,1,1,-1,1,1,-1,1,1,-1,-1,1,1,1,1,1,1,-1,0.008971509523689747
-1,-1,1,1,1,-1,1,1,-1,1,1,-1,1,-1,-1,-1,-1,-1,-1,1,0.008972440846264362
-1,-1,1,1,1,-1,1,1,-1,1,1,-1,1,-1,1,1,-1,-1,1,-1,0.008971216157078743
-1,-1,1,1,1,-1,1,1,-1,1,1,-1,1,1,1,-1,1,1,-1,-1,0.008971476927399635
-1,-1,1,1,1,-1,1,1,-1,1,1,1,-1,-1,1,1,-1,1,1,1,0.008972140960395336
-1,-1,1,1,1,-1,1,1,-1,1,1,1,-1,1,-1,-1,-1,-1,1,1,0.008972779847681522
-1,-1,1,1,1,-1,1,1,-1,1,1,1,1,-1,-1,-1,1,1,1,-1,0.00897173397243023
-1,-1,1,1,1,-1,1,1,1,-1,-1,-1,-1,1,1,-1,1,-1,1,-1,0.008971503004431725
-1,-1,1,1,1,-1,1,1,1,-1,-1,1,-1,1,1,-1,-1,-1,1,1,0.008972258307039738
-1,-1,1,1,1,-1,1,1,1,-1,-1,1,1,1,-1,-1,-1,-1,1,-1,0.00897201057523489
-1,-1,1,1,1,-1,1,1,1,-1,1,1,-1,-1,1,-1,-1,1,1,1,0.008972249925136566
-1,-1,1,1,1,-1,1,1,1,-1,1,1,-1,1,1,-1,-1,1,1,-1,0.00897196028381586
-1,-1,1,1,1,-1,1,1,1,1,-1,-1,-1,-1,1,-1,1,1,1,1,0.008971965871751308
-1,-1,1,1,1,-1,1,1,1,1,-1,-1,1,1,-1,1,1,-1,1,1,0.00897207297384739
-1,-1,1,1,1,-1,1,1,1,1,-1,-1,1,1,1,-1,-1,1,-1,1,0.008972217328846455
-1,-1,1,1,1,-1,1,1,1,1,1,-1,-1,-1,-1,1,1,-1,1,-1,0.008971904404461384
-1,-1,1,1,1,-1,1,1,1,1,1,-1,1,-1,1,-1,1,-1,-1,1,0.00897178053855896
-1,-1,1,1,1,1,-1,-1,-1,-1,-1,-1,-1,1,1,-1,-1,1,1,1,0.008971702307462692
-1,-1,1,1,1,1,-1,-1,-1,-1,-1,1,-1,-1,-1,1,1,-1,-1,1,0.008971941657364368
-1,-1,1,1,1,1,-1,-1,-1,-1,1,-1,-1,1,-1,-1,-1,-1,1,1,0.008972150273621082
-1,-1,1,1,1,1,-1,-1,-1,-1,1,-1,-1,1,-1,-1,-1,1,1,-1,0.008971823379397392
-1,-1,1,1,1,1,-1,-1,-1,-1,1,1,-1,1,-1,-1,-1,1,1,-1,0.008971909061074257
-1,-1,1,1,1,1,-1,-1,-1,-1,1,1,1,-1,-1,1,1,-1,1,-1,0.008971008472144604
-1,-1,1,1,1,1,-1,-1,-1,-1,1,1,1,-1,1,1,-1,1,-1,-1,0.008971055969595909
-1,-1,1,1,1,1,-1,-1,-1,1,-1,-1,-1,-1,1,1,1,-1,1,1,0.008971228264272213
-1,-1,1,1,1,1,-1,-1,-1,1,-1,-1,1,-1,-1,-1,-1,-1,-1,1,0.008971955627202988
-1,-1,1,1,1,1,-1,-1,-1,1,-1,-1,1,-1,-1,1,-1,-1,1,1,0.00897164922207594
-1,-1,1,1,1,1,-1,-1,-1,1,-1,1,-1,-1,-1,1,-1,-1,-1,1,0.008972285315394402
-1,-1,1,1,1,1,-1,-1,-1,1,-1,1,-1,-1,-1,1,1,1,-1,1,0.008972115814685822
-1,-1,1,1,1,1,-1,-1,-1,1,-1,1,1,-1,-1,1,-1,1,-1,-1,0.008971618488430977
-1,-1,1,1,1,1,-1,-1,-1,1,1,-1,1,-1,-1,-1,-1,-1,1,1,0.008971774950623512
-1,-1,1,1,1,1,-1,-1,-1,1,1,-1,1,-1,1,1,1,1,1,-1,0.008970591239631176
-1,-1,1,1,1,1,-1,-1,-1,1,1,1,1,-1,-1,1,-1,-1,1,1,0.008971764706075191
-1,-1,1,1,1,1,-1,-1,-1,1,1,1,1,1,1,1,-1,-1,1,-1,0.008970970287919044
-1,-1,1,1,1,1,-1,-1,1,-1,-1,-1,-1,-1,-1,-1,-1,-1,-1,1,0.008972307667136192
-1,-1,1,1,1,1,-1,-1,1,-1,-1,-1,1,-1,-1,1,-1,-1,-1,-1,0.008971458300948143
-1,-1,1,1,1,1,-1,-1,1,-1,-1,-1,1,-1,-1,1,-1,1,-1,-1,0.008971544913947582
-1,-1,1,1,1,1,-1,-1,1,-1,-1,-1,1,-1,1,-1,-1,1,1,1,0.008971340022981167
-1,-1,1,1,1,1,-1,-1,1,-1,-1,1,-1,-1,-1,-1,-1,-1,-1,1,0.008972393348813057
-1,-1,1,1,1,1,-1,-1,1,-1,-1,1,-1,-1,-1,1,-1,1,-1,1,0.00897238403558731
-1,-1,1,1,1,1,-1,-1,1,-1,-1,1,-1,-1,-1,1,1,1,1,1,0.008971917442977428
-1,-1,1,1,1,1,-1,-1,1,-1,-1,1,-1,-1,1,1,1,1,-1,-1,0.00897120963782072
-1,-1,1,1,1,1,-1,-1,1,-1,1,-1,-1,1,-1,1,-1,1,1,1,0.00897224061191082
-1,-1,1,1,1,1,-1,-1,1,-1,1,-1,1,-1,-1,1,1,-1,1,-1,0.008971021510660648
-1,-1,1,1,1,1,-1,-1,1,-1,1,-1,1,1,1,-1,-1,1,-1,-1,0.008971289731562138
-1,-1,1,1,1,1,-1,-1,1,-1,1,1,-1,1,1,-1,1,-1,1,-1,0.00897116307169199
-1,-1,1,1,1,1,-1,-1,1,-1,1,1,1,-1,-1,1,-1,-1,-1,1,0.0089719882234931
-1,-1,1,1,1,1,-1,-1,1,1,-1,-1,-1,-1,1,-1,-1,-1,1,-1,0.008971266448497772
-1,-1,1,1,1,1,-1,-1,1,1,-1,1,1,1,-1,1,-1,-1,1,1,0.008971959352493286
-1,-1,1,1,1,1,-1,-1,1,1,1,1,1,-1,-1,1,-1,-1,-1,1,0.008972074836492538
-1,-1,1,1,1,1,-1,1,-1,-1,-1,-1,-1,-1,-1,1,1,-1,-1,1,0.008972208015620708
-1,-1,1,1,1,1,-1,1,-1,-1,-1,-1,1,-1,-1,-1,1,1,1,1,0.00897184107452631
-1,-1,1,1,1,1,-1,1,-1,-1,-1,-1,1,-1,1,-1,1,-1,-1,1,0.008971460163593292
-1,-1,1,1,1,1,-1,1,-1,-1,-1,-1,1,1,-1,1,1,-1,1,-1,0.00897136889398098
-1,-1,1,1,1,1,-1,1,-1,-1,-1,1,-1,-1,1,-1,1,1,-1,-1,0.008971557952463627
-1,-1,1,1,1,1,-1,1,-1,-1,-1,1,1,-1,-1,1,-1,-1,1,-1,0.00897158682346344
-1,-1,1,1,1,1,-1,1,-1,-1,-1,1,1,-1,1,1,1,1,-1,1,0.00897153653204441
-1,-1,1,1,1,1,-1,1,-1,-1,-1,1,1,1,1,1,1,1,-1,-1,0.008971246890723705
-1,-1,1,1,1,1,-1,1,-1,-1,1,-1,-1,-1,1,-1,-1,1,1,1,0.00897196028381586
-1,-1,1,1,1,1,-1,1,-1,-1,1,-1,-1,1,1,1,-1,1,1,1,0.0089719882234931
-1,-1,1,1,1,1,-1,1,-1,-1,1,1,-1,1,-1,-1,-1,-1,1,-1,0.008972175419330597
-1,-1,1,1,1,1,-1,1,-1,-1,1,1,1,1,-1,1,-1,-1,1,-1,0.008971739560365677
-1,-1,1,1,1,1,-1,1,-1,1,-1,-1,-1,-1,1,1,1,-1,1,-1,0.008971166796982288
-1,-1,1,1,1,1,-1,1,-1,1,-1,-1,-1,1,-1,-1,-1,1,-1,-1,0.008972443640232086
-1,-1,1,1,1,1,-1,1,-1,1,-1,-1,-1,1,-1,1,-1,-1,-1,1,0.00897267460823059
-1,-1,1,1,1,1,-1,1,-1,1,-1,1,-1,-1,-1,-1,1,1,1,1,0.008972353301942348
-1,-1,1,1,1,1,-1,1,-1,1,-1,1,1,1,1,1,1,-1,-1,-1,0.00897124782204628
-1,-1,1,1,1,1,-1,1,-1,1,1,-1,-1,-1,-1,-1,-1,1,1,1,0.008972552604973316
-1,-1,1,1,1,1,-1,1,-1,1,1,-1,-1,1,-1,-1,1,1,-1,-1,0.008972217328846455
-1,-1,1,1,1,1,-1,1,-1,1,1,-1,1,1,-1,1,1,1,1,1,0.008971985429525375
-1,-1,1,1,1,1,-1,1,-1,1,1,1,-1,-1,1,-1,-1,-1,-1,-1,0.008971844799816608
-1,-1,1,1,1,1,-1,1,1,-1,-1,-1,-1,-1,1,-1,-1,-1,1,-1,0.008971530944108963
-1,-1,1,1,1,1,-1,1,1,-1,-1,-1,1,1,-1,-1,1,-1,1,-1,0.00897156447172165
-1,-1,1,1,1,1,-1,1,1,-1,-1,1,-1,1,1,-1,1,-1,-1,1,0.0089721092954278
-1,-1,1,1,1,1,-1,1,1,-1,-1,1,1,-1,-1,1,-1,-1,1,1,0.008972099982202053
-1,-1,1,1,1,1,-1,1,1,-1,-1,1,1,-1,1,1,1,-1,-1,-1,0.0089711369946599
-1,-1,1,1,1,1,-1,1,1,-1,1,-1,-1,1,-1,1,-1,-1,-1,1,0.008972716517746449
-1,-1,1,1,1,1,-1,1,1,-1,1,-1,-1,1,1,-1,1,1,1,1,0.008971928618848324
-1,-1,1,1,1,1,-1,1,1,-1,1,-1,1,1,-1,-1,-1,1,-1,-1,0.008972146548330784
-1,-1,1,1,1,1,-1,1,1,-1,1,1,1,1,-1,1,-1,1,1,-1,0.0089719258248806
-1,-1,1,1,1,1,-1,1,1,-1,1,1,1,1,-1,1,1,-1,1,-1,0.008971584029495716
-1,-1,1,1,1,1,-1,1,1,1,-1,-1,-1,-1,-1,-1,-1,-1,1,-1,0.008972123265266418
-1,-1,1,1,1,1,-1,1,1,1,-1,-1,-1,-1,1,-1,-1,-1,-1,1,0.00897224247455597
-1,-1,1,1,1,1,-1,1,1,1,-1,-1,-1,1,-1,-1,1,1,1,-1,0.008972077630460262
-1,-1,1,1,1,1,-1,1,1,1,-1,-1,-1,1,1,1,-1,-1,-1,1,0.008972270414233208
-1,-1,1,1,1,1,-1,1,1,1,-1,-1,1,-1,1,-1,1,-1,1,1,0.008971436880528927
-1,-1,1,1,1,1,-1,1,1,1,-1,-1,1,1,1,-1,-1,1,-1,-1,0.008971699513494968
-1,-1,1,1,1,1,-1,1,1,1,-1,1,1,1,1,-1,-1,-1,-1,-1,0.008971699513494968
-1,-1,1,1,1,1,-1,1,1,1,1,-1,1,1,-1,-1,1,-1,-1,1,0.008972304873168468
-1,-1,1,1,1,1,-1,1,1,1,1,-1,1,1,1,-1,-1,-1,-1,-1,0.008971642702817917
-1,-1,1,1,1,1,-1,1,1,1,1,1,-1,-1,1,-1,-1,-1,-1,-1,0.008971944451332092
-1,-1,1,1,1,1,-1,1,1,1,1,1,-1,1,1,-1,1,1,-1,1,0.008972312323749065
-1,-1,1,1,1,1,-1,1,1,1,1,1,1,-1,-1,1,1,-1,-1,1,0.008972171694040298
-1,-1,1,1,1,1,-1,1,1,1,1,1,1,1,-1,-1,-1,1,1,1,0.008972523733973503
-1,-1,1,1,1,1,1,-1,-1,-1,-1,-1,-1,-1,-1,1,-1,-1,1,1,0.00897191558033228
-1,-1,1,1,1,1,1,-1,-1,-1,-1,-1,-1,1,-1,-1,1,1,-1,-1,0.008971762843430042
-1,-1,1,1,1,1,1,-1,-1,-1,-1,-1,-1,1,-1,1,-1,-1,1,1,0.008972039446234703
-1,-1,1,1,1,1,1,-1,-1,-1,-1,-1,-1,1,1,-1,1,-1,-1,-1,0.008971172384917736
-1,-1,1,1,1,1,1,-1,-1,-1,-1,-1,1,-1,-1,-1,1,-1,-1,-1,0.00897121336311102
-1,-1,1,1,1,1,1,-1,-1,-1,-1,1,-1,-1,-1,-1,1,1,-1,1,0.008972139097750187
-1,-1,1,1,1,1,1,-1,-1,-1,-1,1,-1,-1,1,-1,1,1,-1,-1,0.008971220813691616
-1,-1,1,1,1,1,1,-1,-1,-1,-1,1,1,-1,1,-1,1,-1,-1,-1,0.008970795199275017
-1,-1,1,1,1,1,1,-1,-1,-1,1,-1,-1,1,1,-1,1,1,1,-1,0.008971077390015125
-1,-1,1,1,1,1,1,-1,-1,-1,1,-1,-1,1,1,1,1,1,-1,-1,0.008971191942691803
-1,-1,1,1,1,1,1,-1,-1,1,-1,-1,1,-1,1,1,1,-1,1,1,0.008970904164016247
-1,-1,1,1,1,1,1,-1,-1,1,-1,-1,1,1,-1,-1,-1,-1,1,1,0.008971883915364742
-1,-1,1,1,1,1,1,-1,-1,1,-1,1,1,1,-1,1,-1,-1,1,1,0.008971874602138996
-1,-1,1,1,1,1,1,-1,-1,1,1,-1,-1,-1,-1,1,1,1,1,1,0.0089718634262681
-1,-1,1,1,1,1,1,-1,-1,1,1,-1,-1,-1,1,1,1,-1,1,1,0.00897127203643322
-1,-1,1,1,1,1,1,-1,-1,1,1,1,-1,-1,-1,-1,1,1,1,1,0.008972045965492725
-1,-1,1,1,1,1,1,-1,-1,1,1,1,-1,-1,-1,1,-1,-1,1,1,0.008972118608653545
-1,-1,1,1,1,1,1,-1,-1,1,1,1,1,-1,1,-1,1,1,1,-1,0.008970788680016994
-1,-1,1,1,1,1,1,-1,1,-1,-1,-1,1,1,-1,-1,-1,-1,-1,-1,0.008971692994236946
-1,-1,1,1,1,1,1,-1,1,-1,1,-1,-1,1,1,-1,-1,-1,1,1,0.008971760980784893
-1,-1,1,1,1,1,1,-1,1,-1,1,-1,1,1,-1,-1,1,1,1,-1,0.00897134281694889
-1,-1,1,1,1,1,1,-1,1,-1,1,-1,1,1,-1,1,1,1,-1,1,0.008971870876848698
-1,-1,1,1,1,1,1,-1,1,-1,1,1,-1,1,-1,-1,1,-1,1,1,0.008972096256911755
-1,-1,1,1,1,1,1,-1,1,-1,1,1,1,-1,1,-1,-1,-1,-1,1,0.008971594274044037
-1,-1,1,1,1,1,1,-1,1,-1,1,1,1,1,-1,-1,-1,1,1,1,0.008972099050879478
-1,-1,1,1,1,1,1,-1,1,-1,1,1,1,1,1,1,1,1,-1,1,0.008971452713012695
-1,-1,1,1,1,1,1,-1,1,1,-1,-1,-1,-1,1,1,-1,1,-1,1,0.008971895091235638
-1,-1,1,1,1,1,1,-1,1,1,-1,1,-1,-1,-1,1,1,1,-1,-1,0.00897181686013937
-1,-1,1,1,1,1,1,-1,1,1,-1,1,-1,-1,1,1,-1,-1,-1,-1,0.008971481584012508
-1,-1,1,1,1,1,1,-1,1,1,1,-1,1,-1,-1,-1,1,1,1,-1,0.00897130649536848
-1,-1,1,1,1,1,1,-1,1,1,1,-1,1,-1,1,-1,-1,1,1,1,0.008971471339464188
-1,-1,1,1,1,1,1,-1,1,1,1,-1,1,1,-1,-1,1,1,-1,1,0.008972054347395897
-1,-1,1,1,1,1,1,1,-1,-1,-1,-1,1,1,-1,1,-1,-1,-1,1,0.00897226296365261
-1,-1,1,1,1,1,1,1,-1,-1,1,-1,-1,1,-1,1,1,1,1,-1,0.008971838280558586
-1,-1,1,1,1,1,1,1,-1,-1,1,-1,1,-1,1,1,-1,-1,-1,1,0.008971664123237133
-1,-1,1,1,1,1,1,1,-1,-1,1,1,-1,-1,-1,1,1,-1,-1,1,0.008972338400781155
-1,-1,1,1,1,1,1,1,-1,-1,1,1,-1,1,1,-1,1,-1,-1,1,0.008972053416073322
-1,-1,1,1,1,1,1,1,-1,-1,1,1,-1,1,1,1,1,1,-1,-1,0.008971630595624447
-1,-1,1,1,1,1,1,1,-1,-1,1,1,1,-1,1,-1,1,1,1,1,0.008971466682851315
-1,-1,1,1,1,1,1,1,-1,-1,1,1,1,-1,1,1,1,-1,-1,-1,0.008971081115305424
-1,-1,1,1,1,1,1,1,-1,1,-1,-1,-1,-1,-1,1,1,1,-1,1,0.00897239614278078
-1,-1,1,1,1,1,1,1,-1,1,-1,-1,1,-1,1,-1,1,1,-1,-1,0.008971234783530235
-1,-1,1,1,1,1,1,1,-1,1,1,1,-1,-1,-1,1,-1,-1,1,-1,0.00897205714136362
-1,-1,1,1,1,1,1,1,-1,1,1,1,-1,-1,1,-1,1,-1,-1,1,0.008972017094492912
-1,-1,1,1,1,1,1,1,-1,1,1,1,1,-1,-1,1,-1,-1,1,-1,0.00897171813994646
-1,-1,1,1,1,1,1,1,-1,1,1,1,1,-1,1,1,-1,-1,-1,1,0.008971837349236012
-1,-1,1,1,1,1,1,1,1,-1,-1,-1,-1,1,-1,-1,1,1,-1,-1,0.008972215466201305
-1,-1,1,1,1,1,1,1,1,-1,-1,-1,-1,1,1,1,-1,1,-1,-1,0.008971869945526123
-1,-1,1,1,1,1,1,1,1,-1,-1,-1,-1,1,1,1,1,-1,1,-1,0.008971317671239376
-1,-1,1,1,1,1,1,1,1,-1,-1,1,1,-1,1,-1,-1,1,-1,1,0.008972003124654293
-1,-1,1,1,1,1,1,1,1,-1,1,-1,-1,-1,-1,1,1,-1,1,-1,0.008971727453172207
-1,-1,1,1,1,1,1,1,1,-1,1,-1,-1,1,-1,-1,-1,-1,1,1,0.00897261779755354
-1,-1,1,1,1,1,1,1,1,-1,1,-1,-1,1,1,1,1,-1,1,1,0.008971760980784893
-1,-1,1,1,1,1,1,1,1,-1,1,-1,1,-1,-1,-1,-1,-1,1,1,0.00897215399891138
-1,-1,1,1,1,1,1,1,1,-1,1,-1,1,-1,1,1,1,-1,-1,-1,0.008971094153821468
-1,-1,1,1,1,1,1,1,1,-1,1,1,-1,-1,1,-1,1,-1,1,-1,0.008971406146883965
-1,-1,1,1,1,1,1,1,1,-1,1,1,-1,1,-1,1,1,1,-1,1,0.008972648531198502
-1,-1,1,1,1,1,1,1,1,-1,1,1,1,-1,-1,1,-1,-1,-1,-1,0.008971940726041794
-1,-1,1,1,1,1,1,1,1,-1,1,1,1,-1,1,1,-1,1,1,1,0.008971726521849632
-1,-1,1,1,1,1,1,1,1,1,-1,-1,-1,1,1,1,1,-1,-1,1,0.008972029201686382
-1,-1,1,1,1,1,1,1,1,1,-1,-1,1,-1,1,-1,-1,1,-1,1,0.008972004055976868
-1,-1,1,1,1,1,1,1,1,1,-1,1,-1,-1,1,-1,1,-1,-1,-1,0.008971674367785454
-1,-1,1,1,1,1,1,1,1,1,-1,1,-1,1,1,-1,1,1,-1,-1,0.008971883915364742
-1,-1,1,1,1,1,1,1,1,1,-1,1,1,-1,-1,1,1,1,-1,1,0.008972243405878544
-1,-1,1,1,1,1,1,1,1,1,1,-1,-1,-1,-1,1,-1,1,1,1,0.008972570300102234
-1,-1,1,1,1,1,1,1,1,1,1,-1,1,-1,-1,-1,-1,-1,1,1,0.008972241543233395
-1,-1,1,1,1,1,1,1,1,1,1,-1,1,-1,-1,1,-1,-1,1,1,0.00897214561700821
-1,-1,1,1,1,1,1,1,1,1,1,-1,1,-1,1,-1,-1,-1,-1,-1,0.008971533738076687
-1,-1,1,1,1,1,1,1,1,1,1,-1,1,-1,1,1,1,-1,1,1,0.008971384726464748
-1,-1,1,1,1,1,1,1,1,1,1,1,-1,1,-1,-1,1,1,-1,1,0.0089728320017457
-1,-1,1,1,1,1,1,1,1,1,1,1,-1,1,-1,1,-1,1,-1,-1,0.00897257775068283
-1,-1,1,1,1,1,1,1,1,1,1,1,1,-1,-1,-1,1,-1,-1,-1,0.008971869014203548
-1,-1,1,1,1,1,1,1,1,1,1,1,1,1,-1,-1,1,1,1,1,0.008972282521426678
-1,1,-1,-1,-1,-1,-1,-1,-1,-1,-1,-1,-1,-1,1,1,-1,1,1,-1,0.008970926515758038
-1,1,-1,-1,-1,-1,-1,-1,-1,-1,-1,-1,-1,1,1,1,1,1,1,-1,0.008970795199275017
-1,1,-1,-1,-1,-1,-1,-1,-1,-1,-1,1,-1,-1,-1,-1,1,1,-1,-1,0.008971568197011948
-1,1,-1,-1,-1,-1,-1,-1,-1,-1,-1,1,-1,-1,1,-1,-1,-1,1,1,0.008971436880528927
-1,1,-1,-1,-1,-1,-1,-1,-1,-1,-1,1,-1,1,-1,1,1,-1,-1,1,0.008971923030912876
-1,1,-1,-1,-1,-1,-1,-1,-1,-1,-1,1,-1,1,1,1,1,-1,1,-1,0.008970795199275017
-1,1,-1,-1,-1,-1,-1,-1,-1,-1,-1,1,1,-1,1,-1,1,1,-1,1,0.008971137925982475
-1,1,-1,-1,-1,-1,-1,-1,-1,-1,-1,1,1,1,-1,1,1,-1,-1,1,0.008971584029495716
-1,1,-1,-1,-1,-1,-1,-1,-1,-1,1,-1,-1,-1,1,-1,-1,-1,1,-1,0.008970965631306171
-1,1,-1,-1,-1,-1,-1,-1,-1,-1,1,-1,-1,1,1,1,-1,-1,-1,-1,0.008971204049885273
-1,1,-1,-1,-1,-1,-1,-1,-1,-1,1,-1,1,-1,-1,-1,1,-1,1,-1,0.008970875293016434
-1,1,-1,-1,-1,-1,-1,-1,-1,1,-1,-1,-1,-1,-1,1,1,-1,1,-1,0.008971176110208035
-1,1,-1,-1,-1,-1,-1,-1,-1,1,-1,-1,1,-1,-1,-1,1,-1,1,-1,0.008970933966338634
-1,1,-1,-1,-1,-1,-1,-1,-1,1,-1,-1,1,-1,1,-1,1,-1,-1,-1,0.008970639668405056
-1,1,-1,-1,-1,-1,-1,-1,-1,1,-1,1,-1,-1,1,1,1,-1,1,-1,0.008970757946372032
-1,1,-1,-1,-1,-1,-1,-1,-1,1,-1,1,1,1,-1,-1,-1,-1,-1,1,0.008972023613750935
-1,1,-1,-1,-1,-1,-1,-1,-1,1,1,-1,-1,-1,-1,1,-1,-1,1,-1,0.008971461094915867
-1,1,-1,-1,-1,-1,-1,-1,-1,1,1,-1,-1,1,1,-1,1,1,-1,-1,0.008971218019723892
-1,1,-1,-1,-1,-1,-1,-1,-1,1,1,1,-1,-1,-1,1,1,1,1,1,0.008971791714429855
-1,1,-1,-1,-1,-1,-1,-1,-1,1,1,1,-1,-1,1,-1,-1,1,1,-1,0.00897122547030449
-1,1,-1,-1,-1,-1,-1,-1,-1,1,1,1,-1,-1,1,1,-1,-1,-1,-1,0.008971253409981728
-1,1,-1,-1,-1,-1,-1,-1,1,-1,-1,-1,-1,-1,-1,-1,1,-1,1,-1,0.008971285074949265
-1,1,-1,-1,-1,-1,-1,-1,1,-1,-1,-1,1,1,-1,1,1,-1,1,-1,0.008970974013209343
-1,1,-1,-1,-1,-1,-1,-1,1,-1,1,-1,-1,1,-1,-1,1,-1,-1,1,0.008972062729299068
-1,1,-1,-1,-1,-1,-1,-1,1,-1,1,-1,1,-1,-1,1,-1,1,-1,1,0.008971844799816608
-1,1,-1,-1,-1,-1,-1,-1,1,-1,1,-1,1,1,-1,-1,1,-1,-1,-1,0.00897131022065878
-1,1,-1,-1,-1,-1,-1,-1,1,-1,1,1,1,1,-1,-1,1,1,-1,-1,0.008971482515335083
-1,1,-1,-1,-1,-1,-1,-1,1,-1,1,1,1,1,-1,1,-1,-1,-1,1,0.008971969597041607
-1,1,-1,-1,-1,-1,-1,-1,1,1,-1,-1,1,1,-1,-1,-1,-1,1,-1,0.008971413597464561
-1,1,-1,-1,-1,-1,-1,-1,1,1,-1,1,-1,-1,-1,1,1,-1,-1,-1,0.00897157285362482
-1,1,-1,-1,-1,-1,-1,-1,1,1,1,-1,-1,1,1,-1,-1,-1,-1,1,0.008971900679171085
-1,1,-1,-1,-1,-1,-1,-1,1,1,1,-1,-1,1,1,-1,-1,1,-1,-1,0.008971573784947395
-1,1,-1,-1,-1,-1,-1,-1,1,1,1,-1,1,1,1,1,1,-1,1,-1,0.008970585651695728
-1,1,-1,-1,-1,-1,-1,-1,1,1,1,1,1,-1,1,-1,-1,-1,1,1,0.008971313945949078
-1,1,-1,-1,-1,-1,-1,-1,1,1,1,1,1,-1,1,-1,1,-1,-1,-1,0.008970854803919792
-1,1,-1,-1,-1,-1,-1,1,-1,-1,-1,-1,1,-1,-1,-1,1,-1,-1,-1,0.008971408940851688
-1,1,-1,-1,-1,-1,-1,1,-1,-1,-1,1,-1,-1,1,-1,-1,1,1,1,0.008971874602138996
-1,1,-1,-1,-1,-1,-1,1,-1,-1,-1,1,-1,1,1,-1,1,-1,1,-1,0.008971243165433407
-1,1,-1,-1,-1,-1,-1,1,-1,-1,-1,1,-1,1,1,1,-1,-1,-1,-1,0.00897161290049553
-1,1,-1,-1,-1,-1,-1,1,-1,-1,-1,1,1,-1,1,-1,-1,-1,-1,1,0.00897165946662426
-1,1,-1,-1,-1,-1,-1,1,-1,-1,-1,1,1,1,-1,1,-1,-1,-1,-1,0.00897177867591381
-1,1,-1,-1,-1,-1,-1,1,-1,-1,1,-1,1,-1,-1,1,-1,-1,-1,-1,0.00897159706801176
-1,1,-1,-1,-1,-1,-1,1,-1,-1,1,1,1,-1,-1,1,-1,1,1,-1,0.008971559815108776
-1,1,-1,-1,-1,-1,-1,1,-1,1,-1,-1,-1,1,-1,1,1,-1,-1,-1,0.008971862494945526
-1,1,-1,-1,-1,-1,-1,1,-1,1,-1,-1,-1,1,1,1,-1,-1,1,-1,0.00897140335291624
-1,1,-1,-1,-1,-1,-1,1,-1,1,-1,-1,1,-1,-1,1,-1,-1,-1,-1,0.008971655741333961
-1,1,-1,-1,-1,-1,-1,1,-1,1,-1,-1,1,-1,1,1,1,-1,-1,1,0.008971309289336205
-1,1,-1,-1,-1,-1,-1,1,-1,1,-1,-1,1,1,1,-1,-1,1,1,1,0.008971660397946835
-1,1,-1,-1,-1,-1,-1,1,-1,1,-1,-1,1,1,1,1,1,1,-1,-1,0.008971105329692364
-1,1,-1,-1,-1,-1,-1,1,-1,1,-1,1,-1,1,-1,-1,1,1,-1,1,0.00897254515439272
-1,1,-1,-1,-1,-1,-1,1,-1,1,-1,1,-1,1,-1,1,-1,-1,-1,1,0.008972618728876114
-1,1,-1,-1,-1,-1,-1,1,-1,1,-1,1,-1,1,-1,1,-1,1,-1,1,0.008972704410552979
-1,1,-1,-1,-1,-1,-1,1,-1,1,-1,1,-1,1,1,1,-1,1,-1,-1,0.008971786126494408
-1,1,-1,-1,-1,-1,-1,1,-1,1,-1,1,1,-1,-1,1,-1,1,1,1,0.008972031064331532
-1,1,-1,-1,-1,-1,-1,1,-1,1,-1,1,1,1,1,1,-1,-1,-1,-1,0.008971361443400383
-1,1,-1,-1,-1,-1,-1,1,-1,1,1,-1,-1,-1,-1,-1,-1,1,-1,-1,0.00897220615297556
-1,1,-1,-1,-1,-1,-1,1,-1,1,1,-1,-1,1,-1,1,-1,-1,-1,1,0.008972561918199062
-1,1,-1,-1,-1,-1,-1,1,-1,1,1,-1,1,-1,1,-1,-1,-1,-1,-1,0.008971276693046093
-1,1,-1,-1,-1,-1,-1,1,-1,1,1,1,-1,1,1,1,1,1,1,-1,0.008971350267529488
-1,1,-1,-1,-1,-1,-1,1,1,-1,-1,-1,-1,1,1,-1,-1,-1,1,-1,0.00897151231765747
-1,1,-1,-1,-1,-1,-1,1,1,-1,-1,-1,1,1,1,1,-1,-1,-1,1,0.008971701376140118
-1,1,-1,-1,-1,-1,-1,1,1,-1,-1,1,-1,-1,-1,1,1,1,1,-1,0.008971713483333588
-1,1,-1,-1,-1,-1,-1,1,1,-1,-1,1,1,-1,-1,1,1,1,1,-1,0.008971374481916428
-1,1,-1,-1,-1,-1,-1,1,1,-1,1,-1,-1,-1,1,1,-1,1,-1,1,0.008972031995654106
-1,1,-1,-1,-1,-1,-1,1,1,-1,1,-1,-1,-1,1,1,1,1,1,-1,0.008971151895821095
-1,1,-1,-1,-1,-1,-1,1,1,-1,1,-1,-1,1,-1,-1,-1,-1,1,-1,0.0089720468968153
-1,1,-1,-1,-1,-1,-1,1,1,-1,1,-1,-1,1,-1,1,1,1,-1,-1,0.008971991017460823
-1,1,-1,-1,-1,-1,-1,1,1,-1,1,-1,1,-1,1,1,1,1,-1,-1,0.008971023373305798
-1,1,-1,-1,-1,-1,-1,1,1,-1,1,-1,1,1,-1,-1,1,1,1,-1,0.008971537463366985
-1,1,-1,-1,-1,-1,-1,1,1,-1,1,-1,1,1,1,-1,-1,1,-1,1,0.008971912786364555
-1,1,-1,-1,-1,-1,-1,1,1,-1,1,1,-1,-1,-1,-1,-1,1,-1,-1,0.008972305804491043
-1,1,-1,-1,-1,-1,-1,1,1,-1,1,1,-1,-1,-1,-1,1,-1,-1,1,0.008972377516329288
-1,1,-1,-1,-1,-1,-1,1,1,-1,1,1,1,-1,-1,-1,1,1,1,-1,0.008971500210464
-1,1,-1,-1,-1,-1,-1,1,1,1,-1,1,-1,1,1,-1,-1,1,1,1,0.008972186595201492
-1,1,-1,-1,-1,-1,-1,1,1,1,1,-1,-1,-1,-1,1,1,-1,1,1,0.008972072042524815
-1,1,-1,-1,-1,-1,-1,1,1,1,1,1,1,-1,-1,-1,1,-1,1,-1,0.008971501141786575
-1,1,-1,-1,-1,-1,1,-1,-1,-1,-1,-1,-1,-1,-1,-1,1,1,-1,1,0.008971909992396832
-1,1,-1,-1,-1,-1,1,-1,-1,-1,-1,-1,-1,-1,1,1,1,1,-1,1,0.008971309289336205
-1,1,-1,-1,-1,-1,1,-1,-1,-1,-1,-1,-1,1,1,-1,-1,-1,1,1,0.008971489034593105
-1,1,-1,-1,-1,-1,1,-1,-1,-1,-1,-1,-1,1,1,-1,1,-1,-1,-1,0.00897102989256382
-1,1,-1,-1,-1,-1,1,-1,-1,-1,-1,-1,1,-1,1,-1,1,-1,-1,1,0.008970980532467365
-1,1,-1,-1,-1,-1,1,-1,-1,-1,-1,-1,1,1,1,-1,1,-1,1,-1,0.008970480412244797
-1,1,-1,-1,-1,-1,1,-1,-1,-1,1,-1,-1,1,-1,1,1,-1,-1,1,0.008971881121397018
-1,1,-1,-1,-1,-1,1,-1,-1,-1,1,-1,1,-1,1,-1,1,1,1,-1,0.008970472030341625
-1,1,-1,-1,-1,-1,1,-1,-1,-1,1,-1,1,-1,1,-1,1,1,1,1,0.008970885537564754
-1,1,-1,-1,-1,-1,1,-1,-1,-1,1,-1,1,1,1,1,-1,-1,-1,1,0.008971293456852436
-1,1,-1,-1,-1,-1,1,-1,-1,-1,1,1,1,1,-1,1,-1,-1,-1,1,0.008971883915364742
-1,1,-1,-1,-1,-1,1,-1,-1,1,-1,-1,-1,1,-1,1,-1,1,1,1,0.00897207111120224
-1,1,-1,-1,-1,-1,1,-1,-1,1,-1,-1,1,1,-1,1,-1,-1,-1,-1,0.008971442468464375
-1,1,-1,-1,-1,-1,1,-1,-1,1,-1,-1,1,1,1,-1,-1,1,1,1,0.008971323259174824
-1,1,-1,-1,-1,-1,1,-1,-1,1,-1,1,1,-1,1,1,1,-1,1,-1,0.008970433846116066
-1,1,-1,-1,-1,-1,1,-1,-1,1,-1,1,1,1,-1,1,-1,-1,-1,-1,0.00897152815014124
-1,1,-1,-1,-1,-1,1,-1,-1,1,1,-1,-1,-1,-1,1,-1,-1,1,1,0.008971890434622765
-1,1,-1,-1,-1,-1,1,-1,-1,1,1,-1,-1,1,-1,1,-1,-1,-1,1,0.008972223848104477
-1,1,-1,-1,-1,-1,1,-1,-1,1,1,-1,-1,1,-1,1,-1,1,-1,-1,0.008971896953880787
-1,1,-1,-1,-1,-1,1,-1,-1,1,1,1,-1,-1,-1,1,1,-1,1,1,0.008971720933914185
-1,1,-1,-1,-1,-1,1,-1,-1,1,1,1,1,1,-1,1,-1,-1,-1,-1,0.008971557952463627
-1,1,-1,-1,-1,-1,1,-1,1,-1,-1,-1,-1,1,1,-1,-1,-1,-1,-1,0.008971385657787323
-1,1,-1,-1,-1,-1,1,-1,1,-1,-1,-1,1,-1,1,1,1,1,-1,-1,0.008970656432211399
-1,1,-1,-1,-1,-1,1,-1,1,-1,-1,-1,1,1,-1,1,1,1,-1,-1,0.008971285074949265
-1,1,-1,-1,-1,-1,1,-1,1,-1,-1,1,-1,-1,1,-1,-1,1,1,1,0.00897163711488247
-1,1,-1,-1,-1,-1,1,-1,1,-1,-1,1,-1,-1,1,-1,1,1,1,1,0.008971381932497025
-1,1,-1,-1,-1,-1,1,-1,1,-1,-1,1,-1,-1,1,1,1,-1,1,-1,0.00897078588604927
-1,1,-1,-1,-1,-1,1,-1,1,-1,-1,1,1,-1,-1,1,1,-1,1,-1,0.008970951661467552
-1,1,-1,-1,-1,-1,1,-1,1,-1,1,-1,-1,-1,-1,-1,-1,-1,-1,-1,0.008971795439720154
-1,1,-1,-1,-1,-1,1,-1,1,-1,1,-1,1,-1,-1,-1,1,1,-1,-1,0.008971286937594414
-1,1,-1,-1,-1,-1,1,-1,1,-1,1,-1,1,-1,-1,1,1,1,1,1,0.008971394039690495
-1,1,-1,-1,-1,-1,1,-1,1,-1,1,-1,1,1,1,1,1,-1,1,1,0.008970927447080612
-1,1,-1,-1,-1,-1,1,-1,1,-1,1,1,-1,-1,-1,-1,-1,-1,1,-1,0.00897167157381773
-1,1,-1,-1,-1,-1,1,-1,1,-1,1,1,-1,1,-1,-1,1,-1,1,-1,0.00897154025733471
-1,1,-1,-1,-1,-1,1,-1,1,-1,1,1,1,-1,-1,-1,-1,1,-1,1,0.008972042240202427
-1,1,-1,-1,-1,-1,1,-1,1,-1,1,1,1,1,-1,-1,-1,-1,1,1,0.008971869945526123
-1,1,-1,-1,-1,-1,1,-1,1,1,-1,1,-1,-1,1,1,1,1,1,1,0.008971372619271278
-1,1,-1,-1,-1,-1,1,-1,1,1,-1,1,-1,1,-1,1,-1,-1,-1,-1,0.008971967734396458
-1,1,-1,-1,-1,-1,1,-1,1,1,-1,1,-1,1,1,-1,-1,-1,-1,-1,0.008971558883786201
-1,1,-1,-1,-1,-1,1,-1,1,1,-1,1,-1,1,1,1,1,-1,-1,1,0.0089716212823987
-1,1,-1,-1,-1,-1,1,-1,1,1,-1,1,-1,1,1,1,1,1,1,1,0.008971497416496277
-1,1,-1,-1,-1,-1,1,-1,1,1,-1,1,1,1,1,1,1,1,-1,-1,0.008970954455435276
-1,1,-1,-1,-1,-1,1,-1,1,1,1,-1,-1,-1,1,-1,1,1,-1,-1,0.008971208706498146
-1,1,-1,-1,-1,-1,1,-1,1,1,1,-1,-1,1,1,-1,-1,-1,1,1,0.00897170603275299
-1,1,-1,-1,-1,-1,1,-1,1,1,1,1,1,1,-1,-1,-1,1,1,-1,0.008971629664301872
-1,1,-1,-1,-1,-1,1,-1,1,1,1,1,1,1,-1,1,1,-1,-1,-1,0.008971402421593666
-1,1,-1,-1,-1,-1,1,1,-1,-1,-1,-1,-1,1,1,-1,1,-1,1,-1,0.008971171453595161
-1,1,-1,-1,-1,-1,1,1,-1,-1,-1,-1,1,1,-1,-1,-1,1,-1,1,0.00897230301052332
-1,1,-1,-1,-1,-1,1,1,-1,-1,-1,-1,1,1,1,-1,-1,-1,-1,-1,0.00897129811346531
-1,1,-1,-1,-1,-1,1,1,-1,-1,-1,1,1,-1,1,-1,1,-1,-1,1,0.00897141918540001
-1,1,-1,-1,-1,-1,1,1,-1,-1,-1,1,1,-1,1,1,-1,-1,1,1,0.008971367962658405
-1,1,-1,-1,-1,-1,1,1,-1,-1,-1,1,1,-1,1,1,1,1,-1,-1,0.008970995433628559
-1,1,-1,-1,-1,-1,1,1,-1,-1,1,-1,-1,-1,-1,-1,1,-1,1,1,0.008971995674073696
-1,1,-1,-1,-1,-1,1,1,-1,-1,1,-1,-1,-1,1,1,1,-1,-1,-1,0.008971191011369228
-1,1,-1,-1,-1,-1,1,1,-1,-1,1,1,-1,-1,-1,-1,-1,-1,-1,-1,0.008972134441137314
-1,1,-1,-1,-1,-1,1,1,-1,-1,1,1,-1,1,1,-1,-1,1,1,-1,0.008971629664301872
-1,1,-1,-1,-1,-1,1,1,-1,-1,1,1,1,-1,-1,-1,1,1,1,1,0.00897182896733284
-1,1,-1,-1,-1,-1,1,1,-1,-1,1,1,1,-1,1,1,-1,-1,-1,1,0.008971607312560081
-1,1,-1,-1,-1,-1,1,1,-1,1,-1,-1,1,1,-1,-1,-1,1,-1,1,0.008972390554845333
-1,1,-1,-1,-1,-1,1,1,-1,1,-1,-1,1,1,1,-1,1,-1,-1,-1,0.008971130475401878
-1,1,-1,-1,-1,-1,1,1,-1,1,-1,1,-1,-1,-1,-1,-1,-1,1,-1,0.008971981704235077
-1,1,-1,-1,-1,-1,1,1,-1,1,-1,1,-1,1,1,1,1,1,1,1,0.008971748873591423
-1,1,-1,-1,-1,-1,1,1,-1,1,-1,1,1,-1,1,-1,1,1,-1,1,0.008971592411398888
-1,1,-1,-1,-1,-1,1,1,-1,1,-1,1,1,1,1,-1,1,1,1,-1,0.008971092291176319
-1,1,-1,-1,-1,-1,1,1,-1,1,-1,1,1,1,1,1,-1,1,1,-1,0.008971252478659153
-1,1,-1,-1,-1,-1,1,1,-1,1,1,-1,-1,1,-1,-1,-1,1,-1,-1,0.008972344920039177
-1,1,-1,-1,-1,-1,1,1,-1,1,1,1,-1,-1,1,1,1,-1,1,1,0.008971568197011948
-1,1,-1,-1,-1,-1,1,1,-1,1,1,1,-1,1,-1,-1,-1,1,1,-1,0.008972221054136753
-1,1,-1,-1,-1,-1,1,1,-1,1,1,1,-1,1,1,-1,1,-1,-1,1,0.00897199846804142
-1,1,-1,-1,-1,-1,1,1,-1,1,1,1,-1,1,1,1,-1,1,-1,-1,0.00897183082997799
-1,1,-1,-1,-1,-1,1,1,1,-1,-1,-1,-1,-1,1,1,1,-1,1,-1,0.008971051312983036
-1,1,-1,-1,-1,-1,1,1,1,-1,-1,-1,1,1,-1,-1,1,-1,1,1,0.008971850387752056
-1,1,-1,-1,-1,-1,1,1,1,-1,-1,-1,1,1,1,-1,-1,1,-1,1,0.008971897885203362
-1,1,-1,-1,-1,-1,1,1,1,-1,-1,1,-1,1,1,-1,1,1,-1,1,0.008972068317234516
-1,1,-1,-1,-1,-1,1,1,1,-1,-1,1,1,1,-1,-1,1,1,1,-1,0.008971610106527805
-1,1,-1,-1,-1,-1,1,1,1,-1,-1,1,1,1,1,1,-1,-1,1,1,0.008971592411398888
-1,1,-1,-1,-1,-1,1,1,1,-1,1,-1,-1,1,-1,-1,1,1,1,-1,0.00897189136594534
-1,1,-1,-1,-1,-1,1,1,1,-1,1,-1,-1,1,1,1,1,1,1,-1,0.008971290662884712
-1,1,-1,-1,-1,-1,1,1,1,-1,1,-1,-1,1,1,1,1,1,1,1,0.008971705101430416
-1,1,-1,-1,-1,-1,1,1,1,-1,1,1,-1,-1,1,1,1,1,-1,1,0.00897187739610672
-1,1,-1,-1,-1,-1,1,1,1,-1,1,1,-1,1,1,-1,-1,-1,1,1,0.00897205714136362
-1,1,-1,-1,-1,-1,1,1,1,-1,1,1,1,1,1,1,1,1,-1,-1,0.008971248753368855
-1,1,-1,-1,-1,-1,1,1,1,1,-1,-1,-1,-1,-1,-1,-1,-1,-1,1,0.008972619660198689
-1,1,-1,-1,-1,-1,1,1,1,1,-1,-1,-1,-1,-1,-1,-1,1,1,1,0.00897249486297369
-1,1,-1,-1,-1,-1,1,1,1,1,-1,-1,-1,1,1,-1,1,1,1,-1,0.008971445262432098
-1,1,-1,-1,-1,-1,1,1,1,1,1,-1,1,1,-1,-1,1,-1,1,1,0.008971967734396458
-1,1,-1,-1,-1,-1,1,1,1,1,1,1,-1,-1,-1,-1,-1,-1,1,-1,0.008972111158072948
-1,1,-1,-1,-1,-1,1,1,1,1,1,1,1,-1,-1,1,1,1,1,-1,0.008971506729722023
-1,1,-1,-1,-1,1,-1,-1,-1,-1,-1,-1,-1,-1,1,-1,-1,-1,-1,1,0.008971471339464188
-1,1,-1,-1,-1,1,-1,-1,-1,-1,-1,-1,-1,-1,1,-1,1,1,-1,1,0.008971301838755608
-1,1,-1,-1,-1,1,-1,-1,-1,-1,-1,-1,-1,1,-1,-1,1,1,-1,1,0.008971930481493473
-1,1,-1,-1,-1,1,-1,-1,-1,-1,1,-1,-1,1,1,-1,-1,-1,-1,1,0.008971625007689
-1,1,-1,-1,-1,1,-1,-1,-1,-1,1,-1,1,1,-1,1,1,1,1,1,0.008971314877271652
-1,1,-1,-1,-1,1,-1,-1,-1,-1,1,1,-1,-1,1,-1,1,-1,-1,1,0.008971331641077995
-1,1,-1,-1,-1,1,-1,-1,-1,-1,1,1,-1,-1,1,1,-1,1,-1,1,0.008971577510237694
-1,1,-1,-1,-1,1,-1,-1,-1,-1,1,1,1,-1,-1,1,1,-1,1,-1,0.008970777504146099
-1,1,-1,-1,-1,1,-1,-1,-1,-1,1,1,1,-1,1,1,-1,-1,-1,1,0.008971151895821095
-1,1,-1,-1,-1,1,-1,-1,-1,-1,1,1,1,-1,1,1,1,1,-1,-1,0.008970568887889385
-1,1,-1,-1,-1,1,-1,-1,-1,1,-1,-1,-1,1,1,1,-1,-1,-1,1,0.00897158682346344
-1,1,-1,-1,-1,1,-1,-1,-1,1,-1,-1,-1,1,1,1,-1,-1,1,1,0.008971376344561577
-1,1,-1,-1,-1,1,-1,-1,-1,1,-1,-1,1,-1,1,-1,-1,1,1,1,0.008971096016466618
-1,1,-1,-1,-1,1,-1,-1,-1,1,-1,-1,1,1,-1,-1,1,1,-1,1,0.008971679024398327
-1,1,-1,-1,-1,1,-1,-1,-1,1,-1,1,-1,-1,1,-1,1,-1,-1,1,0.008971389383077621
-1,1,-1,-1,-1,1,-1,-1,-1,1,-1,1,1,-1,-1,1,-1,-1,1,1,0.0089715039357543
-1,1,-1,-1,-1,1,-1,-1,-1,1,-1,1,1,1,-1,1,-1,1,-1,1,0.008971924893558025
-1,1,-1,-1,-1,1,-1,-1,-1,1,1,-1,-1,-1,-1,-1,-1,-1,1,1,0.008971882984042168
-1,1,-1,-1,-1,1,-1,-1,-1,1,1,-1,-1,-1,1,-1,1,1,-1,1,0.00897141918540001
-1,1,-1,-1,-1,1,-1,-1,1,-1,-1,-1,1,1,-1,1,-1,1,1,1,0.008971640840172768
-1,1,-1,-1,-1,1,-1,-1,1,-1,-1,1,-1,1,-1,1,-1,1,1,-1,0.008971652947366238
-1,1,-1,-1,-1,1,-1,-1,1,-1,-1,1,1,1,-1,-1,-1,1,-1,1,0.008972033858299255
-1,1,-1,-1,-1,1,-1,-1,1,-1,1,-1,-1,-1,-1,1,1,-1,-1,-1,0.008971340022981167
-1,1,-1,-1,-1,1,-1,-1,1,-1,1,1,-1,-1,1,-1,1,1,-1,1,0.008971517905592918
-1,1,-1,-1,-1,1,-1,-1,1,-1,1,1,1,1,-1,1,1,-1,-1,1,0.008971625007689
-1,1,-1,-1,-1,1,-1,-1,1,1,-1,-1,-1,-1,-1,-1,-1,-1,1,1,0.008971952833235264
-1,1,-1,-1,-1,1,-1,-1,1,1,-1,-1,-1,-1,-1,1,1,-1,-1,1,0.008971811272203922
-1,1,-1,-1,-1,1,-1,-1,1,1,-1,1,-1,1,1,-1,1,1,1,-1,0.008971075527369976
-1,1,-1,-1,-1,1,-1,-1,1,1,1,-1,1,1,1,-1,-1,1,-1,-1,0.008971145376563072
-1,1,-1,-1,-1,1,-1,-1,1,1,1,1,1,-1,-1,-1,-1,-1,-1,-1,0.00897152628749609
-1,1,-1,-1,-1,1,-1,1,-1,-1,-1,-1,1,1,1,-1,-1,-1,-1,-1,0.008971194736659527
-1,1,-1,-1,-1,1,-1,1,-1,-1,-1,1,1,1,-1,-1,-1,1,1,-1,0.008971662260591984
-1,1,-1,-1,-1,1,-1,1,-1,-1,-1,1,1,1,1,1,1,-1,1,-1,0.008970718830823898
-1,1,-1,-1,-1,1,-1,1,-1,-1,1,-1,1,-1,-1,1,-1,1,1,1,0.008971798233687878
-1,1,-1,-1,-1,1,-1,1,-1,-1,1,1,-1,-1,-1,-1,1,1,-1,1,0.00897227507084608
-1,1,-1,-1,-1,1,-1,1,-1,-1,1,1,-1,-1,1,-1,1,1,-1,1,0.00897177029401064
-1,1,-1,-1,-1,1,-1,1,-1,-1,1,1,1,-1,-1,-1,1,1,-1,-1,0.008971521630883217
-1,1,-1,-1,-1,1,-1,1,-1,-1,1,1,1,-1,-1,1,-1,1,1,-1,0.008971471339464188
-1,1,-1,-1,-1,1,-1,1,-1,1,-1,-1,-1,1,1,-1,1,-1,-1,-1,0.008971366100013256
-1,1,-1,-1,-1,1,-1,1,-1,1,-1,1,1,1,-1,-1,1,1,-1,1,0.00897211767733097
-1,1,-1,-1,-1,1,-1,1,-1,1,-1,1,1,1,1,1,1,1,1,-1,0.008970892988145351
-1,1,-1,-1,-1,1,-1,1,-1,1,1,-1,1,1,1,-1,-1,1,-1,-1,0.008971397764980793
-1,1,-1,-1,-1,1,-1,1,-1,1,1,-1,1,1,1,-1,-1,1,-1,1,0.008971811272203922
-1,1,-1,-1,-1,1,-1,1,-1,1,1,1,1,-1,1,-1,-1,1,-1,1,0.008971774019300938
-1,1,-1,-1,-1,1,-1,1,-1,1,1,1,1,-1,1,1,-1,-1,-1,1,0.008971591480076313
-1,1,-1,-1,-1,1,-1,1,1,-1,-1,-1,-1,1,1,-1,1,-1,1,1,0.008971582166850567
-1,1,-1,-1,-1,1,-1,1,1,-1,-1,-1,1,1,-1,-1,-1,-1,-1,1,0.008972212672233582
-1,1,-1,-1,-1,1,-1,1,1,-1,-1,1,-1,-1,-1,-1,1,1,1,-1,0.008971720933914185
-1,1,-1,-1,-1,1,-1,1,1,-1,-1,1,-1,1,-1,1,-1,1,-1,-1,0.00897221453487873
-1,1,-1,-1,-1,1,-1,1,1,-1,-1,1,1,1,-1,-1,1,-1,-1,1,0.008972044102847576
-1,1,-1,-1,-1,1,-1,1,1,-1,1,-1,-1,-1,1,-1,-1,-1,1,-1,0.008971328847110271
-1,1,-1,-1,-1,1,-1,1,1,-1,1,-1,1,1,-1,1,1,1,-1,-1,0.008971563540399075
-1,1,-1,-1,-1,1,-1,1,1,-1,1,1,1,1,-1,-1,1,-1,-1,1,0.00897207297384739
-1,1,-1,-1,-1,1,-1,1,1,-1,1,1,1,1,-1,1,-1,-1,1,1,0.00897202268242836
-1,1,-1,-1,-1,1,-1,1,1,-1,1,1,1,1,1,-1,-1,1,-1,1,0.008971910923719406
-1,1,-1,-1,-1,1,-1,1,1,-1,1,1,1,1,1,1,1,-1,-1,-1,0.008971058763563633
-1,1,-1,-1,-1,1,-1,1,1,1,-1,1,-1,-1,-1,-1,-1,1,1,-1,0.008972064591944218
-1,1,-1,-1,-1,1,-1,1,1,1,-1,1,-1,1,1,1,-1,-1,1,-1,0.008971501141786575
-1,1,-1,-1,-1,1,-1,1,1,1,-1,1,1,-1,-1,-1,1,-1,1,1,0.008971797302365303
-1,1,-1,-1,-1,1,-1,1,1,1,-1,1,1,-1,-1,-1,1,1,1,-1,0.008971469476819038
-1,1,-1,-1,-1,1,-1,1,1,1,-1,1,1,-1,1,-1,1,-1,1,-1,0.008970879018306732
-1,1,-1,-1,-1,1,-1,1,1,1,-1,1,1,-1,1,1,1,-1,-1,-1,0.008970992639660835
-1,1,-1,-1,-1,1,-1,1,1,1,1,-1,-1,-1,-1,1,1,1,1,1,0.00897206924855709
-1,1,-1,-1,-1,1,-1,1,1,1,1,-1,-1,-1,1,1,-1,1,1,1,0.008971820585429668
-1,1,-1,-1,-1,1,-1,1,1,1,1,1,-1,-1,1,1,1,1,1,1,0.008971651084721088
-1,1,-1,-1,-1,1,1,-1,-1,-1,1,-1,-1,1,1,-1,1,1,1,1,0.00897125992923975
-1,1,-1,-1,-1,1,1,-1,-1,-1,1,-1,-1,1,1,1,1,1,1,-1,0.008970750495791435
-1,1,-1,-1,-1,1,1,-1,-1,-1,1,-1,1,1,1,-1,1,1,1,1,0.00897092092782259
-1,1,-1,-1,-1,1,1,-1,-1,-1,1,1,-1,1,1,-1,1,-1,-1,-1,0.008971056900918484
-1,1,-1,-1,-1,1,1,-1,-1,-1,1,1,-1,1,1,-1,1,1,-1,1,0.008971557021141052
-1,1,-1,-1,-1,1,1,-1,-1,-1,1,1,-1,1,1,1,-1,-1,1,1,0.008971420116722584
-1,1,-1,-1,-1,1,1,-1,-1,-1,1,1,1,-1,-1,1,-1,1,-1,-1,0.008971343748271465
-1,1,-1,-1,-1,1,1,-1,-1,1,-1,-1,-1,1,1,1,-1,-1,-1,-1,0.008971188217401505
-1,1,-1,-1,-1,1,1,-1,-1,1,-1,-1,1,-1,-1,1,-1,-1,1,1,0.008971433155238628
-1,1,-1,-1,-1,1,1,-1,-1,1,-1,-1,1,-1,-1,1,-1,1,-1,1,0.008971729315817356
-1,1,-1,-1,-1,1,1,-1,-1,1,-1,-1,1,-1,1,-1,-1,1,-1,1,0.0089713204652071
-1,1,-1,-1,-1,1,1,-1,-1,1,-1,1,1,1,-1,-1,-1,-1,-1,1,0.00897195003926754
-1,1,-1,-1,-1,1,1,-1,-1,1,-1,1,1,1,-1,-1,-1,1,1,1,0.008971825242042542
-1,1,-1,-1,-1,1,1,-1,-1,1,-1,1,1,1,-1,1,1,-1,1,1,0.008971387520432472
-1,1,-1,-1,-1,1,1,-1,-1,1,-1,1,1,1,1,-1,1,1,-1,-1,0.008970862254500389
-1,1,-1,-1,-1,1,1,-1,-1,1,1,-1,-1,1,-1,1,1,1,1,1,0.008971755392849445
-1,1,-1,-1,-1,1,1,-1,-1,1,1,-1,1,-1,-1,-1,-1,1,1,-1,0.008971231058239937
-1,1,-1,-1,-1,1,1,-1,-1,1,1,-1,1,-1,1,-1,-1,-1,1,-1,0.008970639668405056
-1,1,-1,-1,-1,1,1,-1,1,-1,-1,-1,-1,1,1,1,1,1,-1,-1,0.008971030823886395
-1,1,-1,-1,-1,1,1,-1,1,-1,1,-1,-1,1,1,-1,-1,-1,1,1,0.008971529081463814
-1,1,-1,-1,-1,1,1,-1,1,-1,1,-1,1,1,-1,-1,1,-1,-1,1,0.00897164922207594
-1,1,-1,-1,-1,1,1,-1,1,-1,1,1,-1,-1,-1,1,1,-1,1,1,0.008971644565463066
-1,1,-1,-1,-1,1,1,-1,1,-1,1,1,-1,-1,1,-1,-1,1,-1,1,0.008971787989139557
-1,1,-1,-1,-1,1,1,-1,1,-1,1,1,-1,1,-1,1,-1,-1,1,-1,0.00897161103785038
-1,1,-1,-1,-1,1,1,-1,1,-1,1,1,-1,1,1,1,1,1,-1,1,0.00897156074643135
-1,1,-1,-1,-1,1,1,-1,1,-1,1,1,1,-1,-1,-1,-1,-1,1,-1,0.008971244096755981
-1,1,-1,-1,-1,1,1,-1,1,-1,1,1,1,1,-1,-1,-1,1,1,1,0.0089718671515584
-1,1,-1,-1,-1,1,1,-1,1,1,-1,-1,-1,-1,1,1,-1,-1,1,-1,0.008970953524112701
-1,1,-1,-1,-1,1,1,-1,1,1,-1,-1,-1,1,1,-1,1,1,1,1,0.008971418254077435
-1,1,-1,-1,-1,1,1,-1,1,1,-1,-1,1,-1,-1,-1,-1,-1,-1,1,0.00897183921188116
-1,1,-1,-1,-1,1,1,-1,1,1,-1,-1,1,-1,-1,-1,-1,1,-1,-1,0.008971511386334896
-1,1,-1,-1,-1,1,1,-1,1,1,-1,1,1,1,-1,-1,1,-1,-1,-1,0.008971380069851875
-1,1,-1,-1,-1,1,1,-1,1,1,1,-1,-1,-1,1,1,-1,1,-1,1,0.008971692994236946
-1,1,-1,-1,-1,1,1,-1,1,1,1,-1,1,1,-1,1,-1,-1,1,-1,0.00897127203643322
-1,1,-1,-1,-1,1,1,-1,1,1,1,1,-1,-1,1,1,1,-1,-1,-1,0.008971024304628372
-1,1,-1,-1,-1,1,1,-1,1,1,1,1,-1,-1,1,1,1,-1,1,-1,0.008970813825726509
-1,1,-1,-1,-1,1,1,-1,1,1,1,1,1,-1,1,1,-1,-1,-1,-1,0.008970940485596657
-1,1,-1,-1,-1,1,1,-1,1,1,1,1,1,1,1,1,1,-1,-1,-1,0.008970809169113636
-1,1,-1,-1,-1,1,1,1,-1,-1,-1,-1,-1,-1,-1,-1,-1,1,-1,-1,0.008972015231847763
-1,1,-1,-1,-1,1,1,1,-1,-1,-1,-1,1,-1,1,-1,1,-1,-1,-1,0.008970829658210278
-1,1,-1,-1,-1,1,1,1,-1,-1,-1,1,1,1,-1,1,1,1,1,-1,0.008971325121819973
-1,1,-1,-1,-1,1,1,1,-1,-1,1,-1,-1,-1,-1,-1,1,1,1,1,0.008971992880105972
-1,1,-1,-1,-1,1,1,1,-1,-1,1,-1,-1,-1,1,-1,-1,1,-1,1,0.008971953764557838
-1,1,-1,-1,-1,1,1,1,-1,-1,1,-1,-1,-1,1,1,-1,-1,1,1,0.008971561677753925
-1,1,-1,-1,-1,1,1,1,-1,-1,1,-1,-1,1,1,1,-1,-1,-1,-1,0.008971481584012508
-1,1,-1,-1,-1,1,1,1,-1,-1,1,-1,1,-1,-1,-1,1,1,1,1,0.008971653878688812
-1,1,-1,-1,-1,1,1,1,-1,-1,1,-1,1,1,-1,-1,1,1,-1,1,0.0089719882234931
-1,1,-1,-1,-1,1,1,1,-1,-1,1,-1,1,1,-1,1,1,1,-1,1,0.00897189136594534
-1,1,-1,-1,-1,1,1,1,-1,-1,1,-1,1,1,1,1,-1,-1,1,1,0.00897134654223919
-1,1,-1,-1,-1,1,1,1,-1,-1,1,1,-1,1,1,-1,-1,1,1,-1,0.00897154025733471
-1,1,-1,-1,-1,1,1,1,-1,-1,1,1,1,1,-1,-1,-1,1,-1,-1,0.008971916511654854
-1,1,-1,-1,-1,1,1,1,-1,1,-1,-1,-1,-1,1,-1,-1,-1,1,1,0.008971715345978737
-1,1,-1,-1,-1,1,1,1,-1,1,-1,-1,1,1,1,-1,-1,1,1,1,0.00897158682346344
-1,1,-1,-1,-1,1,1,1,-1,1,-1,1,-1,-1,-1,-1,-1,1,1,-1,0.008971978910267353
-1,1,-1,-1,-1,1,1,1,-1,1,-1,1,-1,-1,1,-1,-1,-1,1,1,0.008971801958978176
-1,1,-1,-1,-1,1,1,1,-1,1,-1,1,1,-1,-1,-1,1,1,-1,1,0.00897200871258974
-1,1,-1,-1,-1,1,1,1,-1,1,1,1,-1,-1,-1,-1,1,1,-1,1,0.008972376585006714
-1,1,-1,-1,-1,1,1,1,1,-1,-1,-1,-1,-1,-1,-1,1,-1,1,1,0.008971977047622204
-1,1,-1,-1,-1,1,1,1,1,-1,-1,-1,-1,-1,1,1,-1,1,1,-1,0.008971304632723331
-1,1,-1,-1,-1,1,1,1,1,-1,-1,-1,1,1,1,1,1,-1,-1,-1,0.008970958180725574
-1,1,-1,-1,-1,1,1,1,1,-1,-1,1,1,-1,-1,1,1,1,1,1,0.008971714414656162
-1,1,-1,-1,-1,1,1,1,1,-1,-1,1,1,1,-1,-1,-1,-1,1,-1,0.008971690200269222
-1,1,-1,-1,-1,1,1,1,1,-1,-1,1,1,1,1,-1,-1,1,1,-1,0.00897127203643322
-1,1,-1,-1,-1,1,1,1,1,-1,1,1,-1,1,-1,-1,1,1,1,1,0.00897230301052332
-1,1,-1,-1,-1,1,1,1,1,-1,1,1,-1,1,1,-1,1,-1,-1,-1,0.008971508592367172
-1,1,-1,-1,-1,1,1,1,1,-1,1,1,-1,1,1,1,-1,-1,-1,1,0.008972082287073135
-1,1,-1,-1,-1,1,1,1,1,-1,1,1,1,1,1,1,1,-1,-1,1,0.008971487171947956
-1,1,-1,-1,-1,1,1,1,1,1,-1,-1,-1,-1,-1,-1,-1,-1,-1,1,0.008972530253231525
-1,1,-1,-1,-1,1,1,1,1,1,-1,-1,-1,1,1,1,-1,-1,1,-1,0.00897142942994833
-1,1,-1,-1,-1,1,1,1,1,1,-1,1,-1,-1,-1,-1,1,-1,-1,-1,0.008971947245299816
-1,1,-1,-1,-1,1,1,1,1,1,-1,1,-1,1,-1,1,-1,-1,1,-1,0.00897202081978321
-1,1,-1,-1,-1,1,1,1,1,1,1,-1,1,1,-1,1,1,-1,-1,-1,0.008971579372882843
-1,1,-1,-1,-1,1,1,1,1,1,1,1,-1,-1,1,-1,1,-1,-1,-1,0.008971472270786762
-1,1,-1,-1,1,-1,-1,-1,-1,-1,-1,-1,-1,1,-1,1,1,-1,1,-1,0.008970744907855988
-1,1,-1,-1,1,-1,-1,-1,-1,-1,-1,-1,1,-1,-1,-1,-1,-1,1,1,0.008971047587692738
-1,1,-1,-1,1,-1,-1,-1,-1,-1,-1,-1,1,-1,1,1,-1,-1,-1,1,0.008970656432211399
-1,1,-1,-1,1,-1,-1,-1,-1,-1,-1,-1,1,1,-1,-1,-1,1,1,-1,0.008970843628048897
-1,1,-1,-1,1,-1,-1,-1,-1,-1,-1,-1,1,1,1,-1,-1,1,-1,1,0.008970962837338448
-1,1,-1,-1,1,-1,-1,-1,-1,-1,-1,1,-1,1,-1,-1,1,1,-1,1,0.008971638046205044
-1,1,-1,-1,1,-1,-1,-1,-1,-1,-1,1,-1,1,1,-1,-1,1,1,1,0.008971178904175758
-1,1,-1,-1,1,-1,-1,-1,-1,-1,-1,1,-1,1,1,-1,1,-1,1,1,0.0089708361774683
-1,1,-1,-1,1,-1,-1,-1,-1,-1,1,-1,-1,1,-1,-1,1,-1,-1,1,0.008971494622528553
-1,1,-1,-1,1,-1,-1,-1,-1,-1,1,-1,-1,1,1,-1,-1,-1,1,-1,0.008970621973276138
-1,1,-1,-1,1,-1,-1,-1,-1,-1,1,-1,-1,1,1,1,1,-1,-1,1,0.008970893919467926
-1,1,-1,-1,1,-1,-1,-1,-1,-1,1,-1,1,-1,-1,-1,1,1,1,-1,0.008970493450760841
-1,1,-1,-1,1,-1,-1,-1,-1,-1,1,1,-1,-1,1,-1,-1,1,1,1,0.008971083909273148
-1,1,-1,-1,1,-1,-1,-1,-1,-1,1,1,-1,-1,1,1,-1,1,-1,-1,0.008970784023404121
-1,1,-1,-1,1,-1,-1,-1,-1,-1,1,1,1,1,-1,1,1,-1,-1,1,0.008971145376563072
-1,1,-1,-1,1,-1,-1,-1,-1,-1,1,1,1,1,-1,1,1,1,1,-1,0.008970608003437519
-1,1,-1,-1,1,-1,-1,-1,-1,1,-1,-1,-1,-1,-1,1,1,1,-1,1,0.008971418254077435
-1,1,-1,-1,1,-1,-1,-1,-1,1,-1,-1,1,-1,-1,-1,-1,-1,-1,1,0.00897134467959404
-1,1,-1,-1,1,-1,-1,-1,-1,1,-1,-1,1,-1,1,1,-1,1,1,1,0.008970620110630989
-1,1,-1,-1,1,-1,-1,-1,-1,1,-1,-1,1,1,-1,1,1,1,-1,-1,0.008970789611339569
-1,1,-1,-1,1,-1,-1,-1,-1,1,-1,-1,1,1,1,1,-1,-1,-1,-1,0.008970454335212708
-1,1,-1,-1,1,-1,-1,-1,-1,1,-1,-1,1,1,1,1,-1,-1,1,1,0.008970658294856548
-1,1,-1,-1,1,-1,-1,-1,-1,1,-1,1,-1,-1,-1,1,-1,1,1,-1,0.0089711369946599
-1,1,-1,-1,1,-1,-1,-1,-1,1,-1,1,-1,-1,-1,1,1,-1,1,-1,0.008970794267952442
-1,1,-1,-1,1,-1,-1,-1,-1,1,-1,1,-1,-1,1,1,-1,-1,-1,-1,0.008970756083726883
-1,1,-1,-1,1,-1,-1,-1,-1,1,-1,1,1,1,1,1,1,-1,-1,1,0.008970699273049831
-1,1,-1,-1,1,-1,-1,-1,-1,1,1,1,1,1,-1,-1,-1,-1,1,1,0.008971374481916428
-1,1,-1,-1,1,-1,-1,-1,-1,1,1,1,1,1,1,1,-1,1,-1,-1,0.008970656432211399
-1,1,-1,-1,1,-1,-1,-1,1,-1,-1,-1,-1,-1,-1,-1,1,-1,-1,-1,0.008971027098596096
-1,1,-1,-1,1,-1,-1,-1,1,-1,-1,-1,1,1,-1,1,-1,1,-1,1,0.008971471339464188
-1,1,-1,-1,1,-1,-1,-1,1,-1,-1,1,-1,1,1,1,-1,-1,1,1,0.008971096016466618
-1,1,-1,-1,1,-1,-1,-1,1,-1,-1,1,1,-1,-1,-1,1,-1,1,1,0.008970977738499641
-1,1,-1,-1,1,-1,-1,-1,1,-1,-1,1,1,-1,-1,1,1,-1,-1,-1,0.00897067878395319
-1,1,-1,-1,1,-1,-1,-1,1,-1,1,-1,1,-1,-1,-1,-1,-1,-1,-1,0.008970973081886768
-1,1,-1,-1,1,-1,-1,-1,1,-1,1,-1,1,1,-1,1,-1,1,-1,-1,0.008971086703240871
-1,1,-1,-1,1,-1,-1,-1,1,-1,1,1,-1,-1,-1,1,-1,1,-1,-1,0.008971388451755047
-1,1,-1,-1,1,-1,-1,-1,1,-1,1,1,1,1,-1,-1,-1,1,1,-1,0.008971059694886208
-1,1,-1,-1,1,-1,-1,-1,1,1,-1,-1,-1,-1,1,-1,1,-1,1,1,0.008970813825726509
-1,1,-1,-1,1,-1,-1,-1,1,1,-1,-1,1,-1,-1,-1,1,1,1,-1,0.008970651775598526
-1,1,-1,-1,1,-1,-1,-1,1,1,-1,-1,1,-1,1,1,1,-1,1,-1,0.00896996445953846
-1,1,-1,-1,1,-1,-1,-1,1,1,-1,-1,1,1,-1,1,1,1,-1,-1,0.008970889262855053
-1,1,-1,-1,1,-1,-1,-1,1,1,-1,-1,1,1,1,1,-1,-1,1,1,0.008970757946372032
-1,1,-1,-1,1,-1,-1,-1,1,1,-1,1,-1,-1,-1,1,1,-1,1,1,0.00897130835801363
-1,1,-1,-1,1,-1,-1,-1,1,1,-1,1,1,-1,-1,-1,1,1,1,-1,0.008970738388597965
-1,1,-1,-1,1,-1,-1,-1,1,1,-1,1,1,-1,-1,1,1,1,-1,1,0.008971265517175198
-1,1,-1,-1,1,-1,-1,-1,1,1,1,-1,-1,-1,-1,-1,1,1,1,1,0.008971434086561203
-1,1,-1,-1,1,-1,-1,-1,1,1,1,-1,-1,1,-1,-1,-1,1,-1,1,0.008972023613750935
-1,1,-1,-1,1,-1,-1,-1,1,1,1,-1,-1,1,1,-1,1,1,1,-1,0.008970639668405056
-1,1,-1,-1,1,-1,-1,-1,1,1,1,-1,1,-1,-1,1,1,1,-1,1,0.008971208706498146
-1,1,-1,-1,1,-1,-1,-1,1,1,1,1,-1,-1,1,1,-1,-1,1,1,0.00897108856588602
-1,1,-1,-1,1,-1,-1,1,-1,-1,-1,-1,-1,-1,1,1,1,-1,-1,-1,0.00897067878395319
-1,1,-1,-1,1,-1,-1,1,-1,-1,-1,-1,1,-1,-1,1,1,-1,-1,1,0.0089712580665946
-1,1,-1,-1,1,-1,-1,1,-1,-1,-1,1,1,1,-1,1,1,-1,-1,-1,0.00897105410695076
-1,1,-1,-1,1,-1,-1,1,-1,-1,-1,1,1,1,-1,1,1,-1,1,-1,0.008970844559371471
-1,1,-1,-1,1,-1,-1,1,-1,-1,1,-1,1,-1,-1,-1,-1,-1,1,1,0.008971428498625755
-1,1,-1,-1,1,-1,-1,1,-1,-1,1,-1,1,-1,1,-1,-1,1,-1,-1,0.008970807306468487
-1,1,-1,-1,1,-1,-1,1,-1,-1,1,-1,1,1,1,1,1,1,1,-1,0.008970368653535843
-1,1,-1,-1,1,-1,-1,1,-1,-1,1,1,-1,-1,-1,1,1,-1,1,-1,0.00897108856588602
-1,1,-1,-1,1,-1,-1,1,-1,-1,1,1,-1,-1,1,-1,-1,-1,1,1,0.008971349336206913
-1,1,-1,-1,1,-1,-1,1,-1,-1,1,1,1,-1,-1,1,1,1,1,1,0.00897124968469143
-1,1,-1,-1,1,-1,-1,1,-1,1,-1,-1,1,-1,1,1,-1,1,1,1,0.008970972150564194
-1,1,-1,-1,1,-1,-1,1,-1,1,-1,-1,1,-1,1,1,1,1,-1,1,0.008970926515758038
-1,1,-1,-1,1,-1,-1,1,-1,1,-1,-1,1,-1,1,1,1,1,1,-1,0.008970302529633045
-1,1,-1,-1,1,-1,-1,1,-1,1,-1,1,-1,1,-1,1,-1,-1,1,1,0.00897193979471922
-1,1,-1,-1,1,-1,-1,1,-1,1,-1,1,1,-1,-1,-1,1,-1,1,1,0.008971317671239376
-1,1,-1,-1,1,-1,-1,1,-1,1,1,-1,-1,1,1,-1,1,1,-1,1,0.008971515111625195
-1,1,-1,-1,1,-1,-1,1,-1,1,1,-1,1,-1,-1,1,1,-1,1,1,0.008971164003014565
-1,1,-1,-1,1,-1,-1,1,-1,1,1,1,-1,-1,-1,1,-1,1,-1,-1,0.008971728384494781
-1,1,-1,-1,1,-1,-1,1,-1,1,1,1,-1,1,1,1,-1,1,-1,-1,0.008971347473561764
-1,1,-1,-1,1,-1,-1,1,-1,1,1,1,1,-1,-1,1,1,-1,1,-1,0.008970837108790874
-1,1,-1,-1,1,-1,-1,1,-1,1,1,1,1,-1,1,1,-1,-1,1,1,0.008971001952886581
-1,1,-1,-1,1,-1,-1,1,1,-1,-1,-1,-1,-1,-1,1,-1,1,1,1,0.00897182896733284
-1,1,-1,-1,1,-1,-1,1,1,-1,-1,-1,1,-1,1,-1,1,1,-1,-1,0.008970621973276138
-1,1,-1,-1,1,-1,-1,1,1,-1,-1,-1,1,1,1,1,1,-1,1,1,0.008970767259597778
-1,1,-1,-1,1,-1,-1,1,1,-1,-1,1,-1,-1,1,-1,1,-1,-1,1,0.008971375413239002
-1,1,-1,-1,1,-1,-1,1,1,-1,-1,1,-1,1,-1,-1,-1,-1,-1,1,0.008972259238362312
-1,1,-1,-1,1,-1,-1,1,1,-1,-1,1,-1,1,-1,-1,1,1,1,-1,0.00897146575152874
-1,1,-1,-1,1,-1,-1,1,1,-1,-1,1,-1,1,1,-1,-1,1,-1,1,0.00897184107452631
-1,1,-1,-1,1,-1,-1,1,1,-1,1,-1,1,-1,1,1,-1,-1,-1,-1,0.008970724418759346
-1,1,-1,-1,1,-1,-1,1,1,-1,1,-1,1,1,-1,1,1,-1,-1,-1,0.008971096947789192
-1,1,-1,-1,1,-1,-1,1,1,-1,1,1,-1,-1,-1,-1,1,1,-1,-1,0.008971581235527992
-1,1,-1,-1,1,-1,-1,1,1,-1,1,1,-1,-1,-1,1,1,-1,-1,-1,0.008971398696303368
-1,1,-1,-1,1,-1,-1,1,1,-1,1,1,-1,-1,1,-1,-1,-1,1,1,0.008971449919044971
-1,1,-1,-1,1,-1,-1,1,1,-1,1,1,-1,1,1,-1,1,1,-1,1,0.008971614763140678
-1,1,-1,-1,1,-1,-1,1,1,-1,1,1,1,-1,-1,-1,-1,1,-1,1,0.00897191185504198
-1,1,-1,-1,1,-1,-1,1,1,1,-1,-1,-1,-1,1,1,-1,1,-1,-1,0.008971207775175571
-1,1,-1,-1,1,-1,-1,1,1,1,-1,-1,-1,1,1,-1,-1,1,-1,-1,0.008971428498625755
-1,1,-1,-1,1,-1,-1,1,1,1,-1,-1,1,-1,1,-1,1,1,-1,-1,0.008970709517598152
-1,1,-1,-1,1,-1,-1,1,1,1,-1,1,-1,1,1,1,-1,-1,1,-1,0.008971122093498707
-1,1,-1,-1,1,-1,-1,1,1,1,1,-1,-1,1,1,-1,-1,1,1,1,0.008971660397946835
-1,1,-1,-1,1,-1,-1,1,1,1,1,-1,1,-1,-1,-1,1,-1,-1,-1,0.008971156552433968
-1,1,-1,-1,1,-1,-1,1,1,1,1,-1,1,1,-1,-1,-1,-1,-1,-1,0.00897153653204441
-1,1,-1,-1,1,-1,-1,1,1,1,1,1,1,-1,1,1,1,-1,-1,1,0.008971055969595909
-1,1,-1,-1,1,-1,1,-1,-1,-1,-1,-1,-1,-1,-1,-1,1,-1,-1,-1,0.008970942348241806
-1,1,-1,-1,1,-1,1,-1,-1,-1,-1,-1,1,-1,-1,1,-1,1,-1,1,0.008971262723207474
-1,1,-1,-1,1,-1,1,-1,-1,-1,-1,-1,1,1,1,-1,-1,-1,-1,-1,0.008970478549599648
-1,1,-1,-1,1,-1,1,-1,-1,-1,-1,-1,1,1,1,-1,-1,1,-1,-1,0.008970564231276512
-1,1,-1,-1,1,-1,1,-1,-1,-1,-1,1,1,1,1,-1,-1,1,-1,-1,0.008970650844275951
-1,1,-1,-1,1,-1,1,-1,-1,-1,-1,1,1,1,1,1,1,1,1,1,0.008970501832664013
-1,1,-1,-1,1,-1,1,-1,-1,-1,1,-1,-1,1,1,1,-1,1,-1,1,0.008971250616014004
-1,1,-1,-1,1,-1,1,-1,-1,-1,1,-1,1,-1,1,-1,1,-1,-1,1,0.008970541879534721
-1,1,-1,-1,1,-1,1,-1,-1,-1,1,1,-1,-1,1,-1,1,-1,1,-1,0.008970343507826328
-1,1,-1,-1,1,-1,1,-1,-1,-1,1,1,-1,1,-1,1,-1,1,1,-1,0.008971217088401318
-1,1,-1,-1,1,-1,1,-1,-1,-1,1,1,1,-1,-1,1,-1,1,-1,1,0.008971378207206726
-1,1,-1,-1,1,-1,1,-1,-1,-1,1,1,1,-1,1,-1,-1,-1,-1,1,0.008970883674919605
-1,1,-1,-1,1,-1,1,-1,-1,1,-1,-1,1,1,1,-1,-1,1,-1,1,0.008971065282821655
-1,1,-1,-1,1,-1,1,-1,-1,1,-1,1,1,-1,1,1,1,-1,-1,-1,0.008970175869762897
-1,1,-1,-1,1,-1,1,-1,-1,1,-1,1,1,1,1,-1,-1,1,1,1,0.008970941416919231
-1,1,-1,-1,1,-1,1,-1,-1,1,1,-1,-1,-1,-1,1,1,1,1,-1,0.008970838971436024
-1,1,-1,-1,1,-1,1,-1,-1,1,1,-1,1,-1,1,-1,-1,-1,1,1,0.008970674127340317
-1,1,-1,-1,1,-1,1,-1,-1,1,1,-1,1,1,-1,1,-1,-1,1,-1,0.008970793336629868
-1,1,-1,-1,1,-1,1,-1,-1,1,1,-1,1,1,1,-1,-1,1,-1,1,0.008971095085144043
-1,1,-1,-1,1,-1,1,-1,-1,1,1,1,1,1,-1,-1,-1,-1,-1,-1,0.00897118542343378
-1,1,-1,-1,1,-1,1,-1,-1,1,1,1,1,1,-1,1,1,-1,-1,-1,0.00897083431482315
-1,1,-1,-1,1,-1,1,-1,-1,1,1,1,1,1,1,1,-1,-1,1,-1,0.008970375172793865
-1,1,-1,-1,1,-1,1,-1,1,-1,-1,-1,-1,1,-1,1,1,-1,1,-1,0.008970859460532665
-1,1,-1,-1,1,-1,1,-1,1,-1,-1,-1,1,1,1,-1,-1,1,1,-1,0.008970454335212708
-1,1,-1,-1,1,-1,1,-1,1,-1,-1,1,1,1,-1,-1,1,1,1,1,0.008971203118562698
-1,1,-1,-1,1,-1,1,-1,1,-1,-1,1,1,1,1,-1,1,-1,1,-1,0.008970198221504688
-1,1,-1,-1,1,-1,1,-1,1,-1,1,-1,-1,-1,-1,-1,1,1,-1,-1,0.008971157483756542
-1,1,-1,-1,1,-1,1,-1,1,-1,1,-1,-1,-1,-1,1,-1,1,1,1,0.008971520699560642
-1,1,-1,-1,1,-1,1,-1,1,-1,1,-1,1,-1,-1,1,-1,1,1,-1,0.008970768190920353
-1,1,-1,-1,1,-1,1,-1,1,-1,1,-1,1,-1,-1,1,1,-1,-1,1,0.008971049450337887
-1,1,-1,-1,1,-1,1,-1,1,-1,1,1,-1,1,-1,-1,-1,-1,-1,-1,0.008971537463366985
-1,1,-1,-1,1,-1,1,-1,1,-1,1,1,1,-1,1,1,-1,1,-1,-1,0.008970559574663639
-1,1,-1,-1,1,-1,1,-1,1,1,-1,1,-1,-1,1,-1,-1,1,-1,1,0.008971466682851315
-1,1,-1,-1,1,-1,1,-1,1,1,-1,1,-1,-1,1,1,-1,1,1,1,0.008971160277724266
-1,1,-1,-1,1,-1,1,-1,1,1,1,-1,1,-1,1,1,1,1,-1,1,0.008970718830823898
-1,1,-1,-1,1,-1,1,-1,1,1,1,1,-1,1,1,1,1,1,1,1,0.008971057832241058
-1,1,-1,-1,1,-1,1,-1,1,1,1,1,1,-1,1,1,-1,1,-1,1,0.008971060626208782
-1,1,-1,-1,1,-1,1,1,-1,-1,-1,-1,1,1,-1,1,-1,1,-1,1,0.008971738629043102
-1,1,-1,-1,1,-1,1,1,-1,-1,-1,1,1,1,1,1,-1,-1,-1,-1,0.008970820344984531
-1,1,-1,-1,1,-1,1,1,-1,-1,1,-1,1,-1,-1,-1,-1,1,-1,-1,0.008971326053142548
-1,1,-1,-1,1,-1,1,1,-1,-1,1,1,-1,-1,-1,1,-1,-1,-1,1,0.008971983566880226
-1,1,-1,-1,1,-1,1,1,-1,1,-1,-1,-1,1,1,-1,-1,1,1,1,0.008971546776592731
-1,1,-1,-1,1,-1,1,1,-1,1,-1,1,1,-1,-1,-1,-1,1,-1,1,0.008971884846687317
-1,1,-1,-1,1,-1,1,1,-1,1,-1,1,1,-1,1,1,1,-1,-1,-1,0.008970527909696102
-1,1,-1,-1,1,-1,1,1,-1,1,-1,1,1,1,-1,-1,-1,1,1,1,0.008971798233687878
-1,1,-1,-1,1,-1,1,1,-1,1,1,-1,-1,1,-1,-1,-1,1,1,-1,0.008971666917204857
-1,1,-1,-1,1,-1,1,1,-1,1,1,-1,1,-1,1,-1,-1,1,1,-1,0.008970699273049831
-1,1,-1,-1,1,-1,1,1,-1,1,1,-1,1,1,-1,-1,1,-1,1,-1,0.008970985189080238
-1,1,-1,-1,1,-1,1,1,-1,1,1,-1,1,1,-1,1,-1,1,1,1,0.008971644565463066
-1,1,-1,-1,1,-1,1,1,-1,1,1,1,-1,1,-1,1,1,1,1,-1,0.008971401490271091
-1,1,-1,-1,1,-1,1,1,-1,1,1,1,-1,1,1,-1,-1,-1,1,-1,0.008971162140369415
-1,1,-1,-1,1,-1,1,1,-1,1,1,1,1,-1,1,-1,-1,1,-1,1,0.008971408940851688
-1,1,-1,-1,1,-1,1,1,-1,1,1,1,1,1,1,-1,1,1,1,-1,0.008970653638243675
-1,1,-1,-1,1,-1,1,1,1,-1,-1,-1,-1,-1,-1,-1,-1,-1,-1,-1,0.008971650153398514
-1,1,-1,-1,1,-1,1,1,1,-1,-1,-1,1,1,1,1,1,-1,1,1,0.008970782160758972
-1,1,-1,-1,1,-1,1,1,1,-1,1,-1,-1,-1,-1,-1,-1,-1,1,1,0.008971882984042168
-1,1,-1,-1,1,-1,1,1,1,-1,1,-1,-1,-1,-1,1,1,-1,1,1,0.008971530944108963
-1,1,-1,-1,1,-1,1,1,1,-1,1,-1,-1,1,-1,-1,1,1,-1,-1,0.00897163338959217
-1,1,-1,-1,1,-1,1,1,1,-1,1,-1,1,1,-1,-1,1,1,1,-1,0.008971084840595722
-1,1,-1,-1,1,-1,1,1,1,-1,1,1,-1,-1,1,-1,-1,-1,1,-1,0.008971051312983036
-1,1,-1,-1,1,-1,1,1,1,-1,1,1,-1,-1,1,1,1,-1,-1,-1,0.00897090882062912
-1,1,-1,-1,1,-1,1,1,1,-1,1,1,-1,1,-1,1,-1,1,1,-1,0.00897166971117258
-1,1,-1,-1,1,-1,1,1,1,-1,1,1,1,-1,-1,1,1,1,-1,1,0.00897157471626997
-1,1,-1,-1,1,-1,1,1,1,-1,1,1,1,1,-1,1,-1,-1,-1,-1,0.008971454575657845
-1,1,-1,-1,1,-1,1,1,1,1,-1,-1,1,1,1,1,1,-1,1,1,0.008970868773758411
-1,1,-1,-1,1,-1,1,1,1,1,1,-1,1,-1,-1,1,-1,-1,-1,-1,0.008971331641077995
-1,1,-1,-1,1,-1,1,1,1,1,1,1,-1,-1,-1,1,-1,-1,1,-1,0.008971546776592731
-1,1,-1,-1,1,-1,1,1,1,1,1,1,-1,-1,1,1,1,1,-1,1,0.008971496485173702
-1,1,-1,-1,1,-1,1,1,1,1,1,1,-1,1,-1,1,-1,-1,1,-1,0.008971670642495155
-1,1,-1,-1,1,1,-1,-1,-1,-1,-1,-1,-1,1,-1,-1,-1,-1,-1,1,0.008971631526947021
-1,1,-1,-1,1,1,-1,-1,-1,-1,-1,-1,-1,1,-1,-1,1,-1,1,-1,0.008970752358436584
-1,1,-1,-1,1,1,-1,-1,-1,-1,-1,-1,1,-1,-1,-1,-1,-1,-1,-1,0.008970755152404308
-1,1,-1,-1,1,1,-1,-1,-1,-1,-1,-1,1,-1,1,1,1,1,1,-1,0.008969774469733238
-1,1,-1,-1,1,1,-1,-1,-1,-1,-1,1,-1,-1,-1,1,-1,1,1,-1,0.008970960043370724
-1,1,-1,-1,1,1,-1,-1,-1,-1,-1,1,-1,-1,-1,1,1,1,1,1,0.008971118368208408
-1,1,-1,-1,1,1,-1,-1,-1,-1,-1,1,-1,-1,1,-1,-1,1,-1,-1,0.008970762602984905
-1,1,-1,-1,1,1,-1,-1,-1,-1,-1,1,-1,1,-1,-1,-1,-1,-1,1,0.00897171813994646
-1,1,-1,-1,1,1,-1,-1,-1,-1,-1,1,1,-1,-1,-1,1,-1,-1,1,0.008970999158918858
-1,1,-1,-1,1,1,-1,-1,-1,-1,-1,1,1,-1,1,1,1,-1,1,1,0.008970188908278942
-1,1,-1,-1,1,1,-1,-1,-1,-1,-1,1,1,1,-1,-1,1,-1,1,1,0.008970913477241993
-1,1,-1,-1,1,1,-1,-1,-1,-1,1,-1,1,1,1,-1,-1,-1,-1,-1,0.008970404043793678
-1,1,-1,-1,1,1,-1,-1,-1,-1,1,-1,1,1,1,-1,-1,-1,1,1,0.008970607072114944
-1,1,-1,-1,1,1,-1,-1,-1,-1,1,1,-1,1,1,-1,1,-1,-1,-1,0.008970573544502258
-1,1,-1,-1,1,1,-1,-1,-1,-1,1,1,1,1,-1,-1,1,1,1,1,0.008971028961241245
-1,1,-1,-1,1,1,-1,-1,-1,-1,1,1,1,1,-1,1,1,-1,-1,1,0.008971056900918484
-1,1,-1,-1,1,1,-1,-1,-1,1,-1,-1,1,-1,-1,1,1,1,-1,1,0.008970990777015686
-1,1,-1,-1,1,1,-1,-1,-1,1,-1,-1,1,1,-1,-1,1,-1,1,1,0.008970914408564568
-1,1,-1,-1,1,1,-1,-1,-1,1,-1,1,1,-1,1,1,1,1,-1,1,0.008970572613179684
-1,1,-1,-1,1,1,-1,-1,-1,1,-1,1,1,1,1,1,-1,1,-1,1,0.008970951661467552
-1,1,-1,-1,1,1,-1,-1,-1,1,1,-1,-1,-1,1,-1,-1,-1,-1,-1,0.008970706723630428
-1,1,-1,-1,1,1,-1,-1,-1,1,1,-1,-1,-1,1,1,1,-1,1,1,0.00897055771201849
-1,1,-1,-1,1,1,-1,-1,-1,1,1,-1,1,-1,-1,-1,-1,1,1,1,0.00897116120904684
-1,1,-1,-1,1,1,-1,-1,-1,1,1,-1,1,-1,-1,1,1,-1,1,-1,0.008970309980213642
-1,1,-1,-1,1,1,-1,-1,-1,1,1,1,-1,1,-1,1,-1,1,1,-1,0.00897120125591755
-1,1,-1,-1,1,1,-1,-1,-1,1,1,1,-1,1,1,1,-1,-1,-1,-1,0.008970820344984531
-1,1,-1,-1,1,1,-1,-1,-1,1,1,1,1,1,-1,-1,-1,-1,-1,1,0.008971495553851128
-1,1,-1,-1,1,1,-1,-1,-1,1,1,1,1,1,-1,1,-1,-1,-1,1,0.008971399627625942
-1,1,-1,-1,1,1,-1,-1,1,-1,-1,-1,-1,-1,-1,-1,1,-1,-1,1,0.008971352130174637
-1,1,-1,-1,1,1,-1,-1,1,-1,-1,-1,1,-1,1,-1,-1,-1,1,-1,0.008970140479505062
-1,1,-1,-1,1,1,-1,-1,1,-1,-1,-1,1,1,-1,-1,1,-1,-1,1,0.0089711369946599
-1,1,-1,-1,1,1,-1,-1,1,-1,-1,-1,1,1,1,-1,-1,-1,-1,1,0.008970888331532478
-1,1,-1,-1,1,1,-1,-1,1,-1,-1,1,-1,-1,-1,-1,-1,1,1,1,0.008971570059657097
-1,1,-1,-1,1,1,-1,-1,1,-1,-1,1,-1,1,-1,-1,-1,1,-1,-1,0.008971490897238255
-1,1,-1,-1,1,1,-1,-1,1,-1,-1,1,-1,1,1,1,1,1,1,-1,0.00897042453289032
-1,1,-1,-1,1,1,-1,-1,1,-1,-1,1,1,-1,-1,1,-1,1,-1,1,0.008971345610916615
-1,1,-1,-1,1,1,-1,-1,1,-1,-1,1,1,1,-1,1,-1,-1,-1,-1,0.00897096935659647
-1,1,-1,-1,1,1,-1,-1,1,-1,1,-1,-1,-1,-1,1,-1,1,1,-1,0.008971002884209156
-1,1,-1,-1,1,1,-1,-1,1,-1,1,-1,1,1,-1,-1,1,1,-1,1,0.008971252478659153
-1,1,-1,-1,1,1,-1,-1,1,-1,1,1,1,-1,1,-1,-1,1,1,-1,0.008970342576503754
-1,1,-1,-1,1,1,-1,-1,1,1,-1,-1,-1,-1,-1,1,-1,1,1,1,0.008971475064754486
-1,1,-1,-1,1,1,-1,-1,1,1,-1,-1,1,-1,-1,1,-1,1,1,1,0.008971136063337326
-1,1,-1,-1,1,1,-1,-1,1,1,-1,1,1,-1,1,-1,1,1,-1,-1,0.008970354683697224
-1,1,-1,-1,1,1,-1,-1,1,1,1,-1,-1,-1,1,-1,-1,1,-1,-1,0.008970892988145351
-1,1,-1,-1,1,1,-1,-1,1,1,1,-1,1,-1,1,-1,1,1,1,1,0.008970500901341438
-1,1,-1,-1,1,1,-1,-1,1,1,1,-1,1,1,-1,-1,1,1,-1,-1,0.008970926515758038
-1,1,-1,-1,1,1,-1,-1,1,1,1,1,-1,-1,1,-1,-1,1,1,-1,0.008970769122242928
-1,1,-1,-1,1,1,-1,-1,1,1,1,1,1,-1,-1,-1,1,1,1,-1,0.00897067878395319
-1,1,-1,-1,1,1,-1,1,-1,-1,-1,1,-1,1,-1,1,-1,1,1,1,0.008971850387752056
-1,1,-1,-1,1,1,-1,1,-1,-1,-1,1,-1,1,1,-1,1,-1,-1,-1,0.00897089671343565
-1,1,-1,-1,1,1,-1,1,-1,-1,-1,1,1,-1,1,-1,1,-1,-1,1,0.008970847353339195
-1,1,-1,-1,1,1,-1,1,-1,-1,1,-1,1,-1,-1,1,1,1,-1,-1,0.00897087063640356
-1,1,-1,-1,1,1,-1,1,-1,-1,1,-1,1,1,-1,1,1,1,-1,1,0.008971408940851688
-1,1,-1,-1,1,1,-1,1,-1,-1,1,1,-1,-1,-1,-1,-1,1,1,-1,0.008971437811851501
-1,1,-1,-1,1,1,-1,1,-1,1,-1,-1,-1,-1,1,-1,1,-1,-1,-1,0.0089707737788558
-1,1,-1,-1,1,1,-1,1,-1,1,-1,-1,-1,1,1,-1,1,-1,1,-1,0.008970687165856361
-1,1,-1,-1,1,1,-1,1,-1,1,-1,-1,1,-1,-1,-1,1,-1,1,-1,0.008970729075372219
-1,1,-1,-1,1,1,-1,1,-1,1,-1,1,-1,1,-1,1,-1,-1,1,-1,0.008971437811851501
-1,1,-1,-1,1,1,-1,1,-1,1,-1,1,1,-1,-1,-1,-1,-1,-1,-1,0.008971281349658966
-1,1,-1,-1,1,1,-1,1,-1,1,-1,1,1,-1,1,1,-1,-1,-1,1,0.008971094153821468
-1,1,-1,-1,1,1,-1,1,-1,1,1,-1,1,1,-1,-1,-1,-1,1,-1,0.008971137925982475
-1,1,-1,-1,1,1,-1,1,-1,1,1,-1,1,1,1,1,-1,1,-1,1,0.008971246890723705
-1,1,-1,-1,1,1,-1,1,1,-1,-1,-1,-1,1,-1,-1,1,1,-1,-1,0.008971501141786575
-1,1,-1,-1,1,1,-1,1,1,-1,-1,-1,-1,1,-1,1,1,1,-1,-1,0.008971404284238815
-1,1,-1,-1,1,1,-1,1,1,-1,-1,-1,-1,1,1,1,-1,1,-1,-1,0.008971155621111393
-1,1,-1,-1,1,1,-1,1,1,-1,-1,-1,1,-1,-1,1,-1,1,1,1,0.008971400558948517
-1,1,-1,-1,1,1,-1,1,1,-1,-1,-1,1,1,-1,1,-1,-1,1,1,0.008971438743174076
-1,1,-1,-1,1,1,-1,1,1,-1,-1,1,-1,1,1,-1,-1,-1,-1,-1,0.008971252478659153
-1,1,-1,-1,1,1,-1,1,1,-1,1,-1,-1,-1,1,1,-1,1,1,1,0.008971264585852623
-1,1,-1,-1,1,1,-1,1,1,-1,1,-1,-1,1,1,-1,1,-1,-1,1,0.008971353061497211
-1,1,-1,-1,1,1,-1,1,1,-1,1,-1,1,-1,-1,-1,-1,-1,1,1,0.00897143967449665
-1,1,-1,-1,1,1,-1,1,1,-1,1,-1,1,-1,-1,1,1,-1,-1,-1,0.00897088460624218
-1,1,-1,-1,1,1,-1,1,1,-1,1,1,-1,-1,-1,1,-1,-1,-1,-1,0.008971566334366798
-1,1,-1,-1,1,1,-1,1,1,1,-1,-1,-1,1,-1,-1,-1,1,1,-1,0.00897163338959217
-1,1,-1,-1,1,1,-1,1,1,1,-1,-1,1,-1,-1,-1,-1,1,1,1,0.008971584029495716
-1,1,-1,-1,1,1,-1,1,1,1,-1,-1,1,-1,-1,-1,1,1,1,-1,0.008970914408564568
-1,1,-1,-1,1,1,-1,1,1,1,-1,-1,1,-1,-1,1,-1,-1,1,-1,0.008970987983047962
-1,1,-1,-1,1,1,-1,1,1,1,-1,1,-1,1,1,-1,-1,-1,1,-1,0.008971129544079304
-1,1,-1,-1,1,1,-1,1,1,1,-1,1,1,1,-1,-1,1,-1,1,1,0.008971452713012695
-1,1,-1,-1,1,1,-1,1,1,1,1,-1,-1,-1,-1,-1,1,1,-1,1,0.008971907198429108
-1,1,-1,-1,1,1,-1,1,1,1,1,-1,-1,1,-1,-1,1,1,-1,-1,0.008971617557108402
-1,1,-1,-1,1,1,-1,1,1,1,1,1,-1,1,1,-1,1,-1,1,1,0.008971316739916801
-1,1,-1,-1,1,1,-1,1,1,1,1,1,1,1,1,1,-1,-1,-1,-1,0.00897093303501606
-1,1,-1,-1,1,1,1,-1,-1,-1,-1,-1,1,-1,-1,-1,1,1,-1,-1,0.008970600552856922
-1,1,-1,-1,1,1,1,-1,-1,-1,-1,-1,1,1,-1,-1,-1,1,1,1,0.008971183560788631
-1,1,-1,-1,1,1,1,-1,-1,-1,-1,1,-1,-1,-1,-1,1,-1,1,-1,0.008970730006694794
-1,1,-1,-1,1,1,1,-1,-1,-1,-1,1,-1,1,-1,-1,1,1,-1,-1,0.008971150033175945
-1,1,-1,-1,1,1,1,-1,-1,-1,-1,1,-1,1,-1,1,-1,-1,1,1,0.008971426635980606
-1,1,-1,-1,1,1,1,-1,-1,-1,-1,1,-1,1,1,1,-1,1,1,-1,0.008970594964921474
-1,1,-1,-1,1,1,1,-1,-1,-1,-1,1,1,-1,1,1,1,1,1,-1,0.008969875983893871
-1,1,-1,-1,1,1,1,-1,-1,-1,1,-1,1,-1,-1,1,-1,1,1,-1,0.008970579132437706
-1,1,-1,-1,1,1,1,-1,-1,-1,1,1,-1,1,-1,-1,-1,-1,1,-1,0.00897113885730505
-1,1,-1,-1,1,1,1,-1,-1,-1,1,1,1,-1,1,-1,-1,1,1,-1,0.008970256894826889
-1,1,-1,-1,1,1,1,-1,-1,1,-1,-1,-1,-1,-1,1,1,-1,-1,1,0.0089712580665946
-1,1,-1,-1,1,1,1,-1,-1,1,-1,-1,-1,1,1,1,1,-1,1,-1,0.008970254100859165
-1,1,-1,-1,1,1,1,-1,-1,1,-1,1,-1,-1,-1,-1,1,-1,-1,-1,0.008971027098596096
-1,1,-1,-1,1,1,1,-1,-1,1,-1,1,1,1,-1,1,1,1,-1,1,0.008971215225756168
-1,1,-1,-1,1,1,1,-1,-1,1,1,-1,-1,-1,-1,-1,1,-1,-1,-1,0.008970970287919044
-1,1,-1,-1,1,1,1,-1,-1,1,1,-1,1,-1,-1,-1,-1,-1,1,-1,0.008970675989985466
-1,1,-1,-1,1,1,1,-1,-1,1,1,-1,1,-1,1,1,1,1,-1,-1,0.008970116265118122
-1,1,-1,-1,1,1,1,-1,-1,1,1,1,-1,1,-1,-1,1,-1,-1,1,0.008971594274044037
-1,1,-1,-1,1,1,1,-1,-1,1,1,1,1,-1,-1,-1,1,-1,-1,-1,0.008970716968178749
-1,1,-1,-1,1,1,1,-1,-1,1,1,1,1,-1,1,1,1,1,-1,1,0.00897061638534069
-1,1,-1,-1,1,1,1,-1,1,-1,-1,-1,-1,-1,-1,-1,-1,-1,-1,1,0.00897162314504385
-1,1,-1,-1,1,1,1,-1,1,-1,-1,-1,-1,-1,1,-1,-1,1,-1,-1,0.008970790542662144
-1,1,-1,-1,1,1,1,-1,1,-1,-1,-1,1,-1,1,1,1,1,-1,-1,0.008970099501311779
-1,1,-1,-1,1,1,1,-1,1,-1,-1,1,-1,1,-1,-1,-1,-1,1,-1,0.00897120963782072
-1,1,-1,-1,1,1,1,-1,1,-1,-1,1,-1,1,-1,-1,1,-1,1,1,0.00897136703133583
-1,1,-1,-1,1,1,1,-1,1,-1,-1,1,-1,1,1,1,-1,1,-1,1,0.00897131860256195
-1,1,-1,-1,1,1,1,-1,1,-1,-1,1,1,-1,1,-1,1,-1,1,1,0.008970399387180805
-1,1,-1,-1,1,1,1,-1,1,-1,-1,1,1,1,-1,1,1,1,-1,1,0.008971228264272213
-1,1,-1,-1,1,1,1,-1,1,-1,-1,1,1,1,1,1,1,1,1,1,0.008970513939857483
-1,1,-1,-1,1,1,1,-1,1,-1,1,-1,-1,1,-1,-1,1,1,-1,-1,0.008971192874014378
-1,1,-1,-1,1,1,1,-1,1,-1,1,-1,-1,1,-1,1,-1,-1,1,1,0.008971469476819038
-1,1,-1,-1,1,1,1,-1,1,-1,1,-1,-1,1,1,-1,1,1,-1,-1,0.008970688097178936
-1,1,-1,-1,1,1,1,-1,1,-1,1,-1,-1,1,1,1,1,1,-1,-1,0.00897059217095375
-1,1,-1,-1,1,1,1,-1,1,-1,1,-1,1,1,-1,1,-1,-1,-1,1,0.008971340954303741
-1,1,-1,-1,1,1,1,-1,1,-1,1,1,-1,-1,-1,-1,-1,1,-1,1,0.008971824310719967
-1,1,-1,-1,1,1,1,-1,1,-1,1,1,-1,1,-1,1,-1,-1,1,1,0.008971556089818478
-1,1,-1,-1,1,1,1,-1,1,-1,1,1,-1,1,1,-1,1,-1,1,-1,0.008970478549599648
-1,1,-1,-1,1,1,1,-1,1,-1,1,1,-1,1,1,1,-1,-1,1,1,0.008971051312983036
-1,1,-1,-1,1,1,1,-1,1,1,-1,-1,-1,-1,-1,-1,-1,-1,1,-1,0.008971085771918297
-1,1,-1,-1,1,1,1,-1,1,1,-1,-1,-1,-1,-1,1,1,-1,1,-1,0.008970734663307667
-1,1,-1,-1,1,1,1,-1,1,1,-1,-1,1,1,-1,-1,1,1,1,-1,0.00897070113569498
-1,1,-1,-1,1,1,1,-1,1,1,-1,1,-1,-1,-1,-1,-1,1,-1,1,0.008971882984042168
-1,1,-1,-1,1,1,1,-1,1,1,-1,1,-1,-1,-1,1,-1,1,1,1,0.00897157657891512
-1,1,-1,-1,1,1,1,-1,1,1,-1,1,1,-1,-1,1,1,1,1,-1,0.00897056795656681
-1,1,-1,-1,1,1,1,-1,1,1,-1,1,1,-1,1,1,1,-1,1,-1,0.00896997656673193
-1,1,-1,-1,1,1,1,-1,1,1,-1,1,1,-1,1,1,1,-1,1,1,0.008970391005277634
-1,1,-1,-1,1,1,1,-1,1,1,-1,1,1,1,-1,-1,1,1,1,1,0.00897120125591755
-1,1,-1,-1,1,1,1,-1,1,1,1,-1,1,-1,-1,1,-1,-1,-1,-1,0.008970890194177628
-1,1,-1,-1,1,1,1,-1,1,1,1,-1,1,1,1,1,-1,1,-1,1,0.008971009403467178
-1,1,-1,-1,1,1,1,-1,1,1,1,1,-1,-1,-1,-1,1,1,1,1,0.008971446193754673
-1,1,-1,-1,1,1,1,1,-1,-1,-1,-1,-1,-1,1,-1,1,-1,1,-1,0.008970490656793118
-1,1,-1,-1,1,1,1,1,-1,-1,-1,-1,-1,-1,1,1,1,-1,-1,1,0.008971018716692924
-1,1,-1,-1,1,1,1,1,-1,-1,-1,-1,-1,1,-1,-1,1,-1,-1,1,0.008971743285655975
-1,1,-1,-1,1,1,1,1,-1,-1,-1,-1,-1,1,-1,1,-1,-1,1,-1,0.008971278555691242
-1,1,-1,-1,1,1,1,1,-1,-1,-1,-1,-1,1,1,-1,-1,-1,1,1,0.00897128414362669
-1,1,-1,-1,1,1,1,1,-1,-1,-1,-1,1,-1,-1,1,-1,-1,-1,-1,0.008971026167273521
-1,1,-1,-1,1,1,1,1,-1,-1,-1,1,-1,-1,-1,1,1,1,1,-1,0.008971071802079678
-1,1,-1,-1,1,1,1,1,-1,-1,1,-1,-1,1,-1,1,-1,-1,1,1,0.00897172186523676
-1,1,-1,-1,1,1,1,1,-1,-1,1,-1,1,1,-1,-1,1,1,1,-1,0.008970895782113075
-1,1,-1,-1,1,1,1,1,-1,-1,1,1,-1,1,1,-1,-1,1,-1,-1,0.00897128228098154
-1,1,-1,-1,1,1,1,1,-1,-1,1,1,1,-1,1,-1,1,-1,1,1,0.008970680646598339
-1,1,-1,-1,1,1,1,1,-1,1,-1,-1,-1,-1,1,1,-1,1,-1,1,0.008971448056399822
-1,1,-1,-1,1,1,1,1,-1,1,-1,-1,-1,1,1,1,1,-1,-1,1,0.008971230126917362
-1,1,-1,-1,1,1,1,1,-1,1,-1,1,-1,-1,1,1,1,1,1,-1,0.00897065456956625
-1,1,-1,-1,1,1,1,1,-1,1,-1,1,-1,1,-1,1,1,1,1,-1,0.008971283212304115
-1,1,-1,-1,1,1,1,1,-1,1,-1,1,-1,1,1,-1,-1,1,-1,-1,0.008971340954303741
-1,1,-1,-1,1,1,1,1,-1,1,-1,1,1,-1,-1,1,-1,1,1,-1,0.008971075527369976
-1,1,-1,-1,1,1,1,1,-1,1,-1,1,1,-1,-1,1,1,1,-1,-1,0.00897102989256382
-1,1,-1,-1,1,1,1,1,-1,1,-1,1,1,1,1,1,1,-1,-1,1,0.008970976807177067
-1,1,-1,-1,1,1,1,1,-1,1,1,-1,-1,-1,1,1,1,1,-1,-1,0.008970807306468487
-1,1,-1,-1,1,1,1,1,-1,1,1,-1,-1,1,-1,1,1,-1,1,1,0.008971553295850754
-1,1,-1,-1,1,1,1,1,-1,1,1,1,1,-1,1,1,1,-1,-1,1,0.00897088274359703
-1,1,-1,-1,1,1,1,1,-1,1,1,1,1,1,-1,1,1,1,1,-1,0.008970973081886768
-1,1,-1,-1,1,1,1,1,1,-1,-1,-1,-1,1,-1,-1,-1,1,-1,-1,0.008971771225333214
-1,1,-1,-1,1,1,1,1,1,-1,-1,-1,-1,1,1,-1,1,-1,1,-1,0.0089707151055336
-1,1,-1,-1,1,1,1,1,1,-1,-1,1,-1,1,1,-1,-1,1,-1,-1,0.008971353061497211
-1,1,-1,-1,1,1,1,1,1,-1,-1,1,1,1,1,-1,1,1,1,-1,0.008970548398792744
-1,1,-1,-1,1,1,1,1,1,-1,1,-1,-1,1,-1,-1,-1,-1,1,1,0.008971917442977428
-1,1,-1,-1,1,1,1,1,1,-1,1,-1,-1,1,-1,-1,1,1,1,1,0.008971748873591423
-1,1,-1,-1,1,1,1,1,1,-1,1,1,-1,-1,-1,-1,-1,1,1,-1,0.008971553295850754
-1,1,-1,-1,1,1,1,1,1,-1,1,1,-1,1,1,-1,-1,-1,-1,-1,0.00897129625082016
-1,1,-1,-1,1,1,1,1,1,-1,1,1,-1,1,1,1,-1,1,-1,-1,0.00897128600627184
-1,1,-1,-1,1,1,1,1,1,-1,1,1,1,-1,1,-1,-1,1,1,1,0.008971123024821281
-1,1,-1,-1,1,1,1,1,1,1,-1,-1,1,-1,1,-1,1,-1,-1,1,0.008970962837338448
-1,1,-1,-1,1,1,1,1,1,1,-1,-1,1,-1,1,1,-1,-1,1,-1,0.008970498107373714
-1,1,-1,-1,1,1,1,1,1,1,-1,1,1,-1,-1,-1,1,1,1,-1,0.0089710159227252
-1,1,-1,-1,1,1,1,1,1,1,1,-1,-1,-1,-1,1,1,1,-1,1,0.008971826173365116
-1,1,-1,-1,1,1,1,1,1,1,1,1,-1,-1,-1,-1,-1,1,1,-1,0.008971639908850193
-1,1,-1,-1,1,1,1,1,1,1,1,1,-1,1,-1,-1,1,1,-1,-1,0.008971719071269035
-1,1,-1,-1,1,1,1,1,1,1,1,1,1,-1,1,-1,-1,-1,1,-1,0.008970710448920727
-1,1,-1,-1,1,1,1,1,1,1,1,1,1,1,1,1,1,1,-1,1,0.008971192874014378
-1,1,-1,1,-1,-1,-1,-1,-1,-1,-1,1,-1,-1,1,1,-1,1,1,1,0.00897173024713993
-1,1,-1,1,-1,-1,-1,-1,-1,-1,-1,1,-1,-1,1,1,1,1,1,-1,0.008971060626208782
-1,1,-1,1,-1,-1,-1,-1,-1,-1,-1,1,1,1,1,1,-1,-1,-1,-1,0.00897122547030449
-1,1,-1,1,-1,-1,-1,-1,-1,-1,1,-1,1,-1,-1,-1,-1,-1,-1,-1,0.008971644565463066
-1,1,-1,1,-1,-1,-1,-1,-1,-1,1,-1,1,-1,-1,1,-1,-1,1,1,0.008971751667559147
-1,1,-1,1,-1,-1,-1,-1,-1,-1,1,1,-1,-1,1,-1,1,1,-1,-1,0.008971396833658218
-1,1,-1,1,-1,-1,-1,-1,-1,-1,1,1,1,-1,1,-1,1,-1,1,-1,0.008970760740339756
-1,1,-1,1,-1,-1,-1,-1,-1,1,-1,-1,-1,-1,-1,1,-1,-1,-1,-1,0.008971945382654667
-1,1,-1,1,-1,-1,-1,-1,-1,1,-1,-1,-1,1,-1,1,-1,-1,1,-1,0.008971859700977802
-1,1,-1,1,-1,-1,-1,-1,-1,1,1,-1,-1,-1,-1,1,-1,-1,1,1,0.00897217821329832
-1,1,-1,1,-1,-1,-1,-1,-1,1,1,1,-1,-1,1,1,-1,1,-1,-1,0.008971643634140491
-1,1,-1,1,-1,-1,-1,-1,-1,1,1,1,-1,1,-1,-1,1,-1,1,-1,0.008971815928816795
-1,1,-1,1,-1,-1,-1,-1,-1,1,1,1,1,-1,-1,1,1,1,-1,-1,0.008971553295850754
-1,1,-1,1,-1,-1,-1,-1,-1,1,1,1,1,1,-1,-1,-1,1,-1,1,0.008972442708909512
-1,1,-1,1,-1,-1,-1,-1,-1,1,1,1,1,1,1,-1,-1,-1,1,-1,0.008971227332949638
-1,1,-1,1,-1,-1,-1,-1,1,-1,-1,-1,-1,-1,-1,1,-1,-1,1,1,0.008972161449491978
-1,1,-1,1,-1,-1,-1,-1,1,-1,-1,-1,-1,-1,1,-1,-1,-1,1,1,0.008971753530204296
-1,1,-1,1,-1,-1,-1,-1,1,-1,-1,1,-1,-1,-1,1,-1,1,1,-1,0.008971921168267727
-1,1,-1,1,-1,-1,-1,-1,1,-1,-1,1,1,1,-1,-1,-1,-1,1,-1,0.008971715345978737
-1,1,-1,1,-1,-1,-1,-1,1,-1,-1,1,1,1,-1,1,-1,1,1,1,0.00897211953997612
-1,1,-1,1,-1,-1,-1,-1,1,-1,1,1,-1,-1,-1,1,-1,-1,1,-1,0.008971864357590675
-1,1,-1,1,-1,-1,-1,-1,1,-1,1,1,1,-1,1,1,-1,-1,1,-1,0.008971020579338074
-1,1,-1,1,-1,-1,-1,-1,1,1,-1,-1,-1,1,-1,1,-1,-1,-1,-1,0.00897216983139515
-1,1,-1,1,-1,-1,-1,-1,1,1,-1,-1,-1,1,1,1,-1,-1,-1,-1,0.008971665054559708
-1,1,-1,1,-1,-1,-1,-1,1,1,-1,-1,1,1,-1,1,1,1,-1,1,0.008972074836492538
-1,1,-1,1,-1,-1,-1,-1,1,1,-1,1,-1,1,-1,-1,1,-1,1,-1,0.008971886709332466
-1,1,-1,1,-1,-1,-1,-1,1,1,-1,1,-1,1,1,-1,-1,-1,-1,1,0.008972261101007462
-1,1,-1,1,-1,-1,-1,-1,1,1,-1,1,1,1,-1,1,-1,1,1,1,0.00897220615297556
-1,1,-1,1,-1,-1,-1,-1,1,1,1,-1,-1,-1,-1,-1,-1,-1,1,-1,0.008971961215138435
-1,1,-1,1,-1,-1,-1,-1,1,1,1,-1,1,-1,-1,1,1,-1,-1,-1,0.008971480652689934
-1,1,-1,1,-1,-1,-1,-1,1,1,1,-1,1,-1,1,-1,-1,1,-1,-1,0.008971413597464561
-1,1,-1,1,-1,-1,-1,-1,1,1,1,-1,1,1,-1,-1,1,-1,-1,-1,0.008971700444817543
-1,1,-1,1,-1,-1,-1,-1,1,1,1,1,-1,1,-1,1,-1,1,-1,1,0.00897278543561697
-1,1,-1,1,-1,-1,-1,-1,1,1,1,1,1,1,1,1,1,1,1,-1,0.008971062488853931
-1,1,-1,1,-1,-1,-1,1,-1,-1,-1,-1,-1,-1,-1,1,1,-1,-1,1,0.008972368203103542
-1,1,-1,1,-1,-1,-1,1,-1,-1,-1,1,-1,-1,-1,1,-1,-1,-1,1,0.008972710929811
-1,1,-1,1,-1,-1,-1,1,-1,-1,-1,1,-1,-1,-1,1,1,1,1,1,0.008972330950200558
-1,1,-1,1,-1,-1,-1,1,-1,-1,1,-1,-1,-1,1,1,-1,-1,-1,1,0.008972149342298508
-1,1,-1,1,-1,-1,-1,1,-1,-1,1,-1,-1,1,-1,-1,-1,-1,1,1,0.008972663432359695
-1,1,-1,1,-1,-1,-1,1,-1,-1,1,-1,1,1,1,1,-1,-1,1,-1,0.00897131022065878
-1,1,-1,1,-1,-1,-1,1,-1,-1,1,1,1,-1,1,1,1,-1,-1,-1,0.008971227332949638
-1,1,-1,1,-1,-1,-1,1,-1,-1,1,1,1,1,-1,-1,1,-1,-1,1,0.008972365409135818
-1,1,-1,1,-1,-1,-1,1,-1,1,-1,-1,-1,-1,-1,1,1,1,-1,1,0.008972542360424995
-1,1,-1,1,-1,-1,-1,1,-1,1,-1,-1,-1,-1,1,1,1,1,1,1,0.00897182710468769
-1,1,-1,1,-1,-1,-1,1,-1,1,-1,-1,-1,1,-1,1,-1,-1,-1,-1,0.00897242221981287
-1,1,-1,1,-1,-1,-1,1,-1,1,-1,-1,1,-1,-1,-1,1,-1,1,-1,0.00897158868610859
-1,1,-1,1,-1,-1,-1,1,-1,1,-1,-1,1,-1,1,-1,1,1,1,-1,0.008971170522272587
-1,1,-1,1,-1,-1,-1,1,-1,1,-1,1,-1,-1,1,-1,1,1,1,-1,0.008971596136689186
-1,1,-1,1,-1,-1,-1,1,-1,1,-1,1,1,-1,1,1,-1,1,1,1,0.008971829898655415
-1,1,-1,1,-1,-1,-1,1,-1,1,1,-1,-1,-1,-1,1,1,1,1,-1,0.008971947245299816
-1,1,-1,1,-1,-1,-1,1,-1,1,1,-1,-1,1,-1,-1,-1,1,1,-1,0.008972423151135445
-1,1,-1,1,-1,-1,-1,1,-1,1,1,-1,1,-1,-1,1,-1,1,-1,-1,0.008972073905169964
-1,1,-1,1,-1,-1,-1,1,1,-1,-1,-1,-1,-1,1,-1,1,-1,-1,1,0.008972059935331345
-1,1,-1,1,-1,-1,-1,1,1,-1,-1,-1,1,-1,1,1,-1,1,-1,1,0.008971966803073883
-1,1,-1,1,-1,-1,-1,1,1,-1,-1,-1,1,1,-1,1,-1,-1,-1,1,0.00897250883281231
-1,1,-1,1,-1,-1,-1,1,1,-1,-1,1,-1,-1,-1,1,-1,1,-1,1,0.008972897194325924
-1,1,-1,1,-1,-1,-1,1,1,-1,-1,1,-1,1,-1,1,1,-1,1,1,0.0089724687859416
-1,1,-1,1,-1,-1,-1,1,1,-1,1,-1,-1,1,1,-1,1,1,-1,1,0.00897229928523302
-1,1,-1,1,-1,-1,-1,1,1,-1,1,-1,1,-1,1,-1,1,-1,-1,-1,0.008971336297690868
-1,1,-1,1,-1,-1,-1,1,1,-1,1,1,-1,1,-1,-1,1,-1,-1,-1,0.008972390554845333
-1,1,-1,1,-1,-1,-1,1,1,-1,1,1,1,-1,-1,1,-1,-1,-1,1,0.008972500450909138
-1,1,-1,1,-1,-1,-1,1,1,-1,1,1,1,1,1,-1,1,-1,-1,-1,0.008971546776592731
-1,1,-1,1,-1,-1,-1,1,1,-1,1,1,1,1,1,1,1,1,1,-1,0.008971326984465122
-1,1,-1,1,-1,-1,-1,1,1,1,-1,-1,1,-1,-1,-1,-1,1,-1,-1,0.008972241543233395
-1,1,-1,1,-1,-1,-1,1,1,1,-1,-1,1,1,-1,1,1,-1,1,-1,0.008971717208623886
-1,1,-1,1,-1,-1,-1,1,1,1,-1,-1,1,1,-1,1,1,-1,1,1,0.008972130715847015
-1,1,-1,1,-1,-1,-1,1,1,1,-1,1,1,1,-1,-1,1,1,1,-1,0.008971985429525375
-1,1,-1,1,-1,-1,-1,1,1,1,1,-1,1,-1,-1,1,-1,1,-1,1,0.008972587995231152
-1,1,-1,1,-1,-1,-1,1,1,1,1,-1,1,1,-1,1,1,1,-1,1,0.00897245667874813
-1,1,-1,1,-1,-1,-1,1,1,1,1,1,-1,1,-1,-1,1,-1,1,-1,0.008972267620265484
-1,1,-1,1,-1,-1,-1,1,1,1,1,1,1,-1,1,1,1,-1,-1,-1,0.008971414528787136
-1,1,-1,1,-1,-1,-1,1,1,1,1,1,1,1,1,-1,-1,-1,-1,-1,0.008971890434622765
-1,1,-1,1,-1,-1,1,-1,-1,-1,-1,-1,-1,1,-1,1,1,1,-1,1,0.008972241543233395
-1,1,-1,1,-1,-1,1,-1,-1,-1,-1,-1,-1,1,1,1,1,1,1,1,0.00897152628749609
-1,1,-1,1,-1,-1,1,-1,-1,-1,-1,-1,1,1,1,-1,-1,1,1,1,0.008971539326012135
-1,1,-1,1,-1,-1,1,-1,-1,-1,-1,1,-1,-1,1,-1,1,-1,1,-1,0.008971085771918297
-1,1,-1,1,-1,-1,1,-1,-1,-1,-1,1,-1,1,1,-1,1,1,-1,1,0.008971919305622578
-1,1,-1,1,-1,-1,1,-1,-1,-1,-1,1,1,1,1,-1,1,-1,1,-1,0.00897087063640356
-1,1,-1,1,-1,-1,1,-1,-1,-1,1,-1,1,1,-1,1,-1,1,1,1,0.008971977047622204
-1,1,-1,1,-1,-1,1,-1,-1,-1,1,1,-1,-1,-1,-1,-1,1,1,-1,0.008971961215138435
-1,1,-1,1,-1,-1,1,-1,-1,-1,1,1,-1,1,-1,1,-1,1,-1,1,0.008972613140940666
-1,1,-1,1,-1,-1,1,-1,-1,-1,1,1,1,1,1,1,-1,-1,-1,1,0.008971682749688625
-1,1,-1,1,-1,-1,1,-1,-1,1,-1,-1,-1,-1,1,-1,-1,-1,-1,-1,0.00897155236452818
-1,1,-1,1,-1,-1,1,-1,-1,1,-1,1,-1,-1,-1,-1,-1,1,1,-1,0.008972018957138062
-1,1,-1,1,-1,-1,1,-1,-1,1,-1,1,-1,-1,1,-1,1,-1,1,-1,0.008971172384917736
-1,1,-1,1,-1,-1,1,-1,-1,1,-1,1,-1,1,1,-1,1,-1,-1,-1,0.008971506729722023
-1,1,-1,1,-1,-1,1,-1,-1,1,-1,1,1,-1,-1,1,1,-1,-1,-1,0.00897145178169012
-1,1,-1,1,-1,-1,1,-1,-1,1,-1,1,1,1,-1,1,1,1,1,1,0.008971866220235825
-1,1,-1,1,-1,-1,1,-1,-1,1,1,-1,-1,-1,-1,1,-1,1,-1,1,0.008972490206360817
-1,1,-1,1,-1,-1,1,-1,-1,1,1,-1,-1,1,-1,-1,1,-1,1,-1,0.00897174421697855
-1,1,-1,1,-1,-1,1,-1,-1,1,1,-1,1,-1,1,1,1,1,1,1,0.008971179835498333
-1,1,-1,1,-1,-1,1,-1,-1,1,1,1,1,-1,-1,1,1,-1,1,-1,0.008971271105110645
-1,1,-1,1,-1,-1,1,-1,1,-1,-1,-1,-1,1,1,-1,1,1,-1,-1,0.008971519768238068
-1,1,-1,1,-1,-1,1,-1,1,-1,-1,-1,1,-1,1,1,1,1,-1,-1,0.008970960043370724
-1,1,-1,1,-1,-1,1,-1,1,-1,-1,-1,1,1,1,1,-1,-1,-1,-1,0.008971253409981728
-1,1,-1,1,-1,-1,1,-1,1,-1,1,-1,-1,-1,-1,-1,1,1,-1,-1,0.008971929550170898
-1,1,-1,1,-1,-1,1,-1,1,-1,1,-1,-1,-1,1,-1,-1,1,1,1,0.008971883915364742
-1,1,-1,1,-1,-1,1,-1,1,-1,1,1,-1,-1,-1,1,1,-1,-1,1,0.008972247131168842
-1,1,-1,1,-1,-1,1,-1,1,-1,1,1,-1,1,-1,-1,-1,1,-1,1,0.008972808718681335
-1,1,-1,1,-1,-1,1,-1,1,-1,1,1,1,-1,-1,1,1,1,1,1,0.008971784263849258
-1,1,-1,1,-1,-1,1,-1,1,-1,1,1,1,-1,1,1,1,-1,-1,-1,0.008970989845693111
-1,1,-1,1,-1,-1,1,-1,1,-1,1,1,1,1,-1,-1,1,-1,-1,-1,0.008971714414656162
-1,1,-1,1,-1,-1,1,-1,1,1,-1,-1,1,1,-1,1,1,1,-1,-1,0.008971676230430603
-1,1,-1,1,-1,-1,1,-1,1,1,-1,1,1,1,-1,-1,1,-1,-1,-1,0.008971772156655788
-1,1,-1,1,-1,-1,1,-1,1,1,1,-1,-1,1,1,1,-1,-1,-1,1,0.008972123265266418
-1,1,-1,1,-1,-1,1,-1,1,1,1,-1,1,1,-1,1,1,-1,-1,1,0.00897203292697668
-1,1,-1,1,-1,-1,1,-1,1,1,1,-1,1,1,1,-1,-1,-1,1,1,0.00897166971117258
-1,1,-1,1,-1,-1,1,-1,1,1,1,1,1,1,1,-1,-1,1,1,-1,0.008971428498625755
-1,1,-1,1,-1,-1,1,1,-1,-1,-1,-1,-1,-1,-1,-1,1,1,-1,1,0.00897256564348936
-1,1,-1,1,-1,-1,1,1,-1,-1,-1,-1,-1,1,-1,-1,-1,-1,-1,1,0.008972859010100365
-1,1,-1,1,-1,-1,1,1,-1,-1,1,-1,1,1,1,-1,-1,1,-1,-1,0.008971717208623886
-1,1,-1,1,-1,-1,1,1,-1,-1,1,1,1,-1,-1,-1,1,1,-1,-1,0.008971928618848324
-1,1,-1,1,-1,-1,1,1,-1,-1,1,1,1,-1,-1,1,-1,-1,-1,-1,0.008972002193331718
-1,1,-1,1,-1,-1,1,1,-1,-1,1,1,1,-1,1,-1,1,-1,1,1,0.008971541188657284
-1,1,-1,1,-1,-1,1,1,-1,-1,1,1,1,1,1,-1,-1,1,-1,-1,0.008971803821623325
-1,1,-1,1,-1,-1,1,1,-1,1,-1,1,-1,-1,1,-1,1,1,1,-1,0.00897161103785038
-1,1,-1,1,-1,-1,1,1,-1,1,-1,1,-1,-1,1,1,-1,-1,-1,-1,0.008971894159913063
-1,1,-1,1,-1,-1,1,1,-1,1,-1,1,-1,1,-1,-1,-1,1,-1,-1,0.008972705341875553
-1,1,-1,1,-1,-1,1,1,-1,1,1,-1,-1,-1,-1,-1,1,-1,1,-1,0.00897197239100933
-1,1,-1,1,-1,-1,1,1,-1,1,1,-1,1,1,1,1,-1,1,1,1,0.00897191185504198
-1,1,-1,1,-1,-1,1,1,-1,1,1,-1,1,1,1,1,1,1,-1,-1,0.008971452713012695
-1,1,-1,1,-1,-1,1,1,-1,1,1,1,-1,1,-1,-1,-1,-1,-1,1,0.00897306203842163
-1,1,-1,1,-1,-1,1,1,1,-1,-1,-1,-1,-1,-1,1,-1,1,-1,-1,0.00897241197526455
-1,1,-1,1,-1,-1,1,1,1,-1,-1,1,-1,1,1,1,1,1,1,1,0.008972065523266792
-1,1,-1,1,-1,-1,1,1,1,-1,1,-1,-1,1,1,1,1,1,-1,1,0.00897221826016903
-1,1,-1,1,-1,-1,1,1,1,-1,1,-1,1,-1,1,-1,-1,-1,-1,-1,0.008971607312560081
-1,1,-1,1,-1,-1,1,1,1,-1,1,-1,1,1,-1,-1,-1,-1,1,1,0.008972438983619213
-1,1,-1,1,-1,-1,1,1,1,1,-1,-1,-1,1,-1,-1,-1,-1,1,1,0.008972836658358574
-1,1,-1,1,-1,-1,1,1,1,1,-1,-1,-1,1,-1,1,-1,-1,1,-1,0.008972326293587685
-1,1,-1,1,-1,-1,1,1,1,1,-1,1,-1,1,1,1,1,-1,-1,-1,0.008971862494945526
-1,1,-1,1,-1,-1,1,1,1,1,1,-1,-1,1,1,1,-1,1,1,1,0.0089723514392972
-1,1,-1,1,-1,-1,1,1,1,1,1,-1,1,-1,1,1,-1,-1,1,1,0.008971801958978176
-1,1,-1,1,-1,-1,1,1,1,1,1,-1,1,1,1,1,1,1,1,-1,0.00897134281694889
-1,1,-1,1,-1,-1,1,1,1,1,1,1,-1,1,-1,1,-1,-1,1,-1,0.008972441777586937
-1,1,-1,1,-1,1,-1,-1,-1,-1,-1,-1,-1,-1,-1,1,1,-1,-1,1,0.00897192768752575
-1,1,-1,1,-1,1,-1,-1,-1,-1,-1,-1,-1,1,1,-1,-1,-1,1,-1,0.008971274830400944
-1,1,-1,1,-1,1,-1,-1,-1,-1,-1,-1,1,-1,-1,-1,-1,-1,1,1,0.00897173024713993
-1,1,-1,1,-1,1,-1,-1,-1,-1,-1,-1,1,-1,1,-1,-1,-1,-1,-1,0.008971022441983223
-1,1,-1,1,-1,1,-1,-1,-1,-1,-1,-1,1,1,1,1,-1,-1,-1,-1,0.008971050381660461
-1,1,-1,1,-1,1,-1,-1,-1,-1,-1,1,-1,-1,-1,1,-1,1,1,1,0.00897214561700821
-1,1,-1,1,-1,1,-1,-1,-1,-1,-1,1,-1,1,1,-1,-1,1,-1,-1,0.00897165760397911
-1,1,-1,1,-1,1,-1,-1,-1,-1,-1,1,1,-1,-1,1,1,1,1,1,0.00897155050188303
-1,1,-1,1,-1,1,-1,-1,-1,-1,-1,1,1,1,-1,1,-1,1,-1,1,0.008972140960395336
-1,1,-1,1,-1,1,-1,-1,-1,-1,1,-1,-1,-1,-1,-1,-1,-1,1,-1,0.008971684612333775
-1,1,-1,1,-1,1,-1,-1,-1,-1,1,-1,-1,1,1,-1,-1,1,1,-1,0.008971390314400196
-1,1,-1,1,-1,1,-1,-1,-1,-1,1,1,-1,-1,1,1,-1,-1,-1,-1,0.00897138100117445
-1,1,-1,1,-1,1,-1,-1,-1,-1,1,1,-1,1,-1,1,-1,-1,1,-1,0.008971799165010452
-1,1,-1,1,-1,1,-1,-1,-1,-1,1,1,1,-1,-1,-1,-1,-1,1,1,0.008971845731139183
-1,1,-1,1,-1,1,-1,-1,-1,1,-1,-1,1,-1,1,-1,1,1,1,-1,0.008970730006694794
-1,1,-1,1,-1,1,-1,-1,-1,1,-1,1,1,-1,1,1,-1,-1,1,1,0.008971302770078182
-1,1,-1,1,-1,1,-1,-1,-1,1,-1,1,1,1,1,-1,-1,1,1,-1,0.008971195667982101
-1,1,-1,1,-1,1,-1,-1,-1,1,1,-1,1,-1,1,1,1,-1,1,1,0.008970990777015686
-1,1,-1,1,-1,1,-1,-1,-1,1,1,-1,1,1,-1,1,-1,1,-1,1,0.008972170762717724
-1,1,-1,1,-1,1,-1,-1,-1,1,1,1,-1,1,1,1,-1,1,-1,1,0.008972091600298882
-1,1,-1,1,-1,1,-1,-1,1,-1,-1,-1,1,-1,-1,1,1,-1,1,1,0.00897147785872221
-1,1,-1,1,-1,1,-1,-1,1,-1,-1,-1,1,-1,1,-1,-1,1,1,-1,0.008970998227596283
-1,1,-1,1,-1,1,-1,-1,1,-1,-1,1,-1,1,-1,-1,1,1,-1,1,0.00897242035716772
-1,1,-1,1,-1,1,-1,-1,1,-1,1,-1,1,-1,-1,-1,1,1,-1,1,0.008971900679171085
-1,1,-1,1,-1,1,-1,-1,1,-1,1,-1,1,-1,-1,-1,1,1,1,-1,0.008971276693046093
-1,1,-1,1,-1,1,-1,-1,1,-1,1,-1,1,1,-1,1,-1,1,-1,1,0.008972183801233768
-1,1,-1,1,-1,1,-1,-1,1,-1,1,1,-1,-1,-1,1,-1,-1,1,1,0.008972188457846642
-1,1,-1,1,-1,1,-1,-1,1,1,-1,1,1,1,-1,-1,-1,-1,-1,1,0.008972338400781155
-1,1,-1,1,-1,1,-1,-1,1,1,1,-1,-1,1,-1,1,-1,-1,-1,1,0.008972523733973503
-1,1,-1,1,-1,1,-1,-1,1,1,1,-1,1,1,1,-1,-1,1,1,-1,0.008971238508820534
-1,1,-1,1,-1,1,-1,-1,1,1,1,1,-1,-1,1,-1,1,-1,1,-1,0.008971198461949825
-1,1,-1,1,-1,1,-1,-1,1,1,1,1,-1,1,-1,-1,-1,-1,1,1,0.00897249672561884
-1,1,-1,1,-1,1,-1,-1,1,1,1,1,-1,1,1,1,1,1,1,-1,0.008971312083303928
-1,1,-1,1,-1,1,-1,-1,1,1,1,1,1,1,-1,1,1,-1,-1,1,0.008972015231847763
-1,1,-1,1,-1,1,-1,1,-1,-1,-1,-1,1,-1,1,-1,1,-1,1,-1,0.00897090882062912
-1,1,-1,1,-1,1,-1,1,-1,-1,-1,1,-1,1,1,-1,-1,-1,1,1,0.008972126990556717
-1,1,-1,1,-1,1,-1,1,-1,-1,-1,1,1,-1,1,1,1,1,1,1,0.008971398696303368
-1,1,-1,1,-1,1,-1,1,-1,-1,1,-1,1,-1,-1,-1,-1,-1,-1,-1,0.008971908129751682
-1,1,-1,1,-1,1,-1,1,-1,-1,1,-1,1,-1,-1,-1,-1,-1,-1,1,0.008972321636974812
-1,1,-1,1,-1,1,-1,1,-1,-1,1,-1,1,-1,1,1,1,1,-1,-1,0.008971137925982475
-1,1,-1,1,-1,1,-1,1,-1,-1,1,-1,1,1,1,1,1,-1,-1,-1,0.008971176110208035
-1,1,-1,1,-1,1,-1,1,-1,-1,1,1,1,-1,-1,-1,-1,1,1,-1,0.008971870876848698
-1,1,-1,1,-1,1,-1,1,-1,1,-1,-1,-1,1,-1,1,-1,1,-1,-1,0.008972419425845146
-1,1,-1,1,-1,1,-1,1,-1,1,-1,-1,1,1,1,1,1,1,-1,-1,0.008971319533884525
-1,1,-1,1,-1,1,-1,1,-1,1,-1,1,1,-1,-1,-1,1,1,-1,1,0.008972296491265297
-1,1,-1,1,-1,1,-1,1,-1,1,-1,1,1,-1,1,1,-1,-1,1,-1,0.008971241302788258
-1,1,-1,1,-1,1,-1,1,-1,1,-1,1,1,1,-1,1,-1,1,-1,-1,0.008972167037427425
-1,1,-1,1,-1,1,-1,1,-1,1,1,-1,-1,-1,-1,-1,-1,1,1,-1,0.008972210809588432
-1,1,-1,1,-1,1,-1,1,-1,1,1,-1,-1,-1,-1,-1,1,1,1,1,0.008972368203103542
-1,1,-1,1,-1,1,-1,1,-1,1,1,-1,-1,1,-1,1,1,-1,-1,1,0.008972520008683205
-1,1,-1,1,-1,1,-1,1,-1,1,1,-1,1,1,-1,-1,-1,1,1,1,0.008972409181296825
-1,1,-1,1,-1,1,-1,1,-1,1,1,1,-1,-1,1,1,-1,-1,1,1,0.008972023613750935
-1,1,-1,1,-1,1,-1,1,-1,1,1,1,-1,1,1,-1,-1,1,-1,-1,0.008972126990556717
-1,1,-1,1,-1,1,-1,1,-1,1,1,1,1,-1,1,-1,-1,1,-1,1,0.008972077630460262
-1,1,-1,1,-1,1,-1,1,-1,1,1,1,1,1,1,-1,-1,-1,1,1,0.008971904404461384
-1,1,-1,1,-1,1,-1,1,-1,1,1,1,1,1,1,-1,1,1,-1,1,0.008971945382654667
-1,1,-1,1,-1,1,-1,1,-1,1,1,1,1,1,1,1,-1,-1,-1,1,0.008972018957138062
-1,1,-1,1,-1,1,-1,1,1,-1,-1,-1,-1,-1,-1,-1,1,-1,1,-1,0.008971852250397205
-1,1,-1,1,-1,1,-1,1,1,-1,-1,-1,-1,-1,-1,-1,1,1,-1,1,0.008972561918199062
-1,1,-1,1,-1,1,-1,1,1,-1,-1,-1,-1,1,-1,-1,-1,-1,1,1,0.008972645737230778
-1,1,-1,1,-1,1,-1,1,1,-1,-1,-1,1,-1,-1,1,-1,-1,-1,1,0.008972296491265297
-1,1,-1,1,-1,1,-1,1,1,-1,-1,-1,1,-1,1,1,1,-1,-1,1,0.008971535600721836
-1,1,-1,1,-1,1,-1,1,1,-1,-1,-1,1,1,-1,-1,1,-1,1,-1,0.00897163711488247
-1,1,-1,1,-1,1,-1,1,1,-1,-1,1,1,1,1,-1,-1,1,-1,1,0.008972184732556343
-1,1,-1,1,-1,1,-1,1,1,-1,1,-1,-1,1,1,-1,-1,1,-1,1,0.008972466923296452
-1,1,-1,1,-1,1,-1,1,1,-1,1,1,-1,1,1,-1,1,1,1,-1,0.00897167343646288
-1,1,-1,1,-1,1,-1,1,1,-1,1,1,1,-1,-1,-1,-1,-1,-1,1,0.008972507901489735
-1,1,-1,1,-1,1,-1,1,1,1,-1,-1,-1,1,-1,1,-1,-1,-1,1,0.008972846902906895
-1,1,-1,1,-1,1,-1,1,1,1,-1,-1,-1,1,1,1,-1,1,1,1,0.00897221826016903
-1,1,-1,1,-1,1,-1,1,1,1,-1,-1,-1,1,1,1,1,1,1,1,0.00897196214646101
-1,1,-1,1,-1,1,-1,1,1,1,-1,-1,1,1,1,-1,1,1,-1,-1,0.00897151604294777
-1,1,-1,1,-1,1,-1,1,1,1,-1,1,1,-1,1,-1,1,1,-1,-1,0.008971478790044785
-1,1,-1,1,-1,1,-1,1,1,1,-1,1,1,1,-1,-1,1,1,-1,-1,0.00897210743278265
-1,1,-1,1,-1,1,-1,1,1,1,1,-1,1,-1,1,-1,-1,-1,-1,1,0.008972004987299442
-1,1,-1,1,-1,1,-1,1,1,1,1,-1,1,1,-1,-1,1,-1,1,-1,0.008971753530204296
-1,1,-1,1,-1,1,-1,1,1,1,1,1,1,-1,-1,1,-1,-1,-1,-1,0.008972086012363434
-1,1,-1,1,-1,1,1,-1,-1,-1,-1,-1,-1,1,1,1,1,-1,-1,-1,0.008971148170530796
-1,1,-1,1,-1,1,1,-1,-1,-1,-1,-1,1,-1,-1,-1,-1,1,-1,-1,0.008971627801656723
-1,1,-1,1,-1,1,1,-1,-1,-1,-1,-1,1,-1,-1,1,1,-1,1,-1,0.00897097960114479
-1,1,-1,1,-1,1,1,-1,-1,-1,-1,-1,1,-1,1,-1,1,-1,-1,-1,0.008970781229436398
-1,1,-1,1,-1,1,1,-1,-1,-1,-1,-1,1,1,-1,-1,-1,1,-1,-1,0.008971751667559147
-1,1,-1,1,-1,1,1,-1,-1,-1,-1,1,-1,-1,-1,-1,-1,-1,1,1,0.008972170762717724
-1,1,-1,1,-1,1,1,-1,-1,-1,-1,1,-1,-1,1,-1,1,-1,-1,-1,0.008971206843852997
-1,1,-1,1,-1,1,1,-1,-1,-1,-1,1,1,-1,1,-1,1,-1,1,-1,0.008970657363533974
-1,1,-1,1,-1,1,1,-1,-1,-1,1,-1,-1,1,-1,1,1,-1,-1,-1,0.00897168181836605
-1,1,-1,1,-1,1,1,-1,-1,-1,1,-1,1,-1,1,-1,1,-1,-1,1,0.008971224538981915
-1,1,-1,1,-1,1,1,-1,-1,-1,1,-1,1,1,1,-1,1,-1,-1,-1,0.008970934897661209
-1,1,-1,1,-1,1,1,-1,-1,-1,1,1,-1,1,-1,-1,-1,-1,1,1,0.00897232349961996
-1,1,-1,1,-1,1,1,-1,-1,-1,1,1,-1,1,-1,-1,1,1,1,-1,0.008971740491688251
-1,1,-1,1,-1,1,1,-1,-1,-1,1,1,1,-1,-1,-1,1,1,1,1,0.008971691131591797
-1,1,-1,1,-1,1,1,-1,-1,-1,1,1,1,-1,-1,1,-1,1,1,1,0.008971850387752056
-1,1,-1,1,-1,1,1,-1,-1,-1,1,1,1,-1,1,-1,-1,-1,1,1,0.008971355855464935
-1,1,-1,1,-1,1,1,-1,-1,-1,1,1,1,1,1,1,-1,-1,1,-1,0.008970970287919044
-1,1,-1,1,-1,1,1,-1,-1,-1,1,1,1,1,1,1,-1,1,-1,-1,0.008971266448497772
-1,1,-1,1,-1,1,1,-1,-1,1,-1,-1,-1,-1,1,-1,1,1,1,1,0.008971497416496277
-1,1,-1,1,-1,1,1,-1,-1,1,-1,-1,1,1,-1,1,-1,1,1,-1,0.008971532806754112
-1,1,-1,1,-1,1,1,-1,-1,1,-1,-1,1,1,1,1,1,-1,1,-1,0.008970686234533787
-1,1,-1,1,-1,1,1,-1,-1,1,-1,1,-1,-1,-1,-1,-1,-1,1,-1,0.008971843868494034
-1,1,-1,1,-1,1,1,-1,-1,1,-1,1,-1,-1,1,-1,1,1,1,1,0.008971584029495716
-1,1,-1,1,-1,1,1,-1,-1,1,-1,1,-1,1,-1,1,-1,-1,1,1,0.008972285315394402
-1,1,-1,1,-1,1,1,-1,-1,1,1,-1,-1,1,1,-1,-1,-1,-1,1,0.008972030133008957
-1,1,-1,1,-1,1,1,-1,-1,1,1,-1,1,-1,-1,1,-1,-1,-1,1,0.00897197611629963
-1,1,-1,1,-1,1,1,-1,-1,1,1,1,-1,-1,1,-1,1,1,-1,-1,0.008971409872174263
-1,1,-1,1,-1,1,1,-1,-1,1,1,1,1,-1,1,-1,-1,-1,-1,-1,0.008971240371465683
-1,1,-1,1,-1,1,1,-1,-1,1,1,1,1,-1,1,1,1,-1,1,-1,0.008970677852630615
-1,1,-1,1,-1,1,1,-1,1,-1,-1,1,-1,-1,-1,-1,-1,1,-1,-1,0.008972153067588806
-1,1,-1,1,-1,1,1,-1,1,-1,-1,1,-1,-1,1,1,1,-1,-1,1,0.008971624076366425
-1,1,-1,1,-1,1,1,-1,1,-1,1,-1,-1,-1,-1,1,1,1,-1,1,0.00897215772420168
-1,1,-1,1,-1,1,1,-1,1,-1,1,1,1,-1,1,-1,-1,-1,1,-1,0.008971042931079865
-1,1,-1,1,-1,1,1,-1,1,-1,1,1,1,1,-1,-1,-1,-1,1,-1,0.008971670642495155
-1,1,-1,1,-1,1,1,-1,1,-1,1,1,1,1,-1,1,-1,1,1,1,0.008972074836492538
-1,1,-1,1,-1,1,1,-1,1,-1,1,1,1,1,1,1,1,1,1,-1,0.008970900438725948
-1,1,-1,1,-1,1,1,-1,1,1,-1,-1,-1,-1,1,-1,-1,-1,-1,-1,0.008971563540399075
-1,1,-1,1,-1,1,1,-1,1,1,-1,-1,-1,1,1,1,-1,1,1,1,0.008971881121397018
-1,1,-1,1,-1,1,1,-1,1,1,-1,-1,1,-1,-1,1,-1,-1,1,1,0.008971836417913437
-1,1,-1,1,-1,1,1,-1,1,1,-1,-1,1,1,1,-1,-1,-1,1,-1,0.008971137925982475
-1,1,-1,1,-1,1,1,-1,1,1,-1,-1,1,1,1,1,-1,1,1,1,0.008971542119979858
-1,1,-1,1,-1,1,1,-1,1,1,-1,1,-1,-1,-1,1,1,-1,-1,1,0.00897221639752388
-1,1,-1,1,-1,1,1,-1,1,1,-1,1,-1,-1,1,1,1,1,-1,-1,0.008971383795142174
-1,1,-1,1,-1,1,1,-1,1,1,1,-1,-1,1,1,1,1,1,-1,-1,0.008971450850367546
-1,1,-1,1,-1,1,1,-1,1,1,1,-1,1,-1,-1,1,-1,-1,-1,1,0.008972075767815113
-1,1,-1,1,-1,1,1,-1,1,1,1,-1,1,-1,1,-1,1,1,1,-1,0.008970874361693859
-1,1,-1,1,-1,1,1,-1,1,1,1,1,-1,-1,1,1,1,1,-1,1,0.00897182710468769
-1,1,-1,1,-1,1,1,1,-1,-1,-1,-1,-1,1,1,1,-1,1,-1,1,0.008972255513072014
-1,1,-1,1,-1,1,1,1,-1,-1,-1,-1,1,-1,1,1,1,-1,-1,1,0.008971450850367546
-1,1,-1,1,-1,1,1,1,-1,-1,-1,-1,1,-1,1,1,1,-1,1,1,0.008971240371465683
-1,1,-1,1,-1,1,1,1,-1,-1,-1,1,-1,1,1,-1,1,-1,1,1,0.008971886709332466
-1,1,-1,1,-1,1,1,1,-1,-1,-1,1,-1,1,1,1,-1,1,-1,-1,0.008971928618848324
-1,1,-1,1,-1,1,1,1,-1,-1,-1,1,1,1,1,-1,1,1,-1,1,0.008971843868494034
-1,1,-1,1,-1,1,1,1,-1,-1,1,-1,-1,-1,-1,1,-1,-1,-1,1,0.00897257961332798
-1,1,-1,1,-1,1,1,1,-1,-1,1,-1,1,-1,1,-1,1,1,-1,-1,0.008971248753368855
-1,1,-1,1,-1,1,1,1,-1,-1,1,-1,1,1,1,-1,-1,-1,1,-1,0.00897133257240057
-1,1,-1,1,-1,1,1,1,-1,-1,1,1,1,-1,1,-1,-1,-1,-1,-1,0.008971504867076874
-1,1,-1,1,-1,1,1,1,-1,-1,1,1,1,-1,1,-1,-1,1,1,1,0.00897179450839758
-1,1,-1,1,-1,1,1,1,-1,1,-1,-1,-1,-1,-1,1,-1,1,-1,-1,0.008972310461103916
-1,1,-1,1,-1,1,1,1,-1,1,-1,-1,1,1,-1,-1,-1,-1,-1,-1,0.008972104638814926
-1,1,-1,1,-1,1,1,1,-1,1,-1,-1,1,1,-1,-1,-1,-1,1,1,0.008972308598458767
-1,1,-1,1,-1,1,1,1,-1,1,-1,1,1,-1,-1,-1,-1,1,1,-1,0.008971943520009518
-1,1,-1,1,-1,1,1,1,-1,1,1,-1,1,1,-1,-1,-1,-1,1,-1,0.00897192396223545
-1,1,-1,1,-1,1,1,1,-1,1,1,-1,1,1,1,1,1,-1,1,1,0.008971481584012508
-1,1,-1,1,-1,1,1,1,-1,1,1,1,1,-1,-1,1,-1,-1,1,1,0.00897220429033041
-1,1,-1,1,-1,1,1,1,-1,1,1,1,1,-1,1,-1,-1,1,-1,1,0.008972092531621456
-1,1,-1,1,-1,1,1,1,-1,1,1,1,1,-1,1,1,1,-1,-1,1,0.008971653878688812
-1,1,-1,1,-1,1,1,1,1,-1,-1,-1,-1,-1,-1,-1,1,-1,1,1,0.008972280658781528
-1,1,-1,1,-1,1,1,1,1,-1,-1,-1,1,1,-1,-1,-1,-1,1,-1,0.008971907198429108
-1,1,-1,1,-1,1,1,1,1,-1,-1,1,-1,1,1,1,1,-1,1,-1,0.008971476927399635
-1,1,-1,1,-1,1,1,1,1,-1,-1,1,1,-1,-1,1,-1,-1,1,1,0.008972187526524067
-1,1,-1,1,-1,1,1,1,1,-1,1,-1,-1,-1,1,-1,-1,-1,1,1,0.00897206086665392
-1,1,-1,1,-1,1,1,1,1,-1,1,-1,1,1,-1,1,1,1,1,1,0.00897208508104086
-1,1,-1,1,-1,1,1,1,1,-1,1,1,-1,-1,1,-1,-1,-1,-1,1,0.008972357958555222
-1,1,-1,1,-1,1,1,1,1,-1,1,1,-1,1,1,-1,1,-1,-1,1,0.008972225710749626
-1,1,-1,1,-1,1,1,1,1,-1,1,1,1,-1,-1,-1,1,-1,1,1,0.00897205714136362
-1,1,-1,1,-1,1,1,1,1,-1,1,1,1,1,-1,1,1,-1,-1,1,0.008972295559942722
-1,1,-1,1,-1,1,1,1,1,1,-1,-1,-1,-1,-1,-1,1,1,1,1,0.008972453884780407
-1,1,-1,1,-1,1,1,1,1,1,-1,-1,1,-1,1,-1,1,-1,-1,-1,0.0089713204652071
-1,1,-1,1,-1,1,1,1,1,1,-1,-1,1,1,1,-1,1,-1,-1,-1,0.008971444331109524
-1,1,-1,1,-1,1,1,1,1,1,-1,1,-1,-1,-1,-1,-1,1,1,1,0.008972796611487865
-1,1,-1,1,-1,1,1,1,1,1,-1,1,-1,-1,-1,-1,1,-1,-1,-1,0.00897225085645914
-1,1,-1,1,-1,1,1,1,1,1,-1,1,-1,-1,1,-1,1,1,-1,-1,0.008971832692623138
-1,1,-1,1,-1,1,1,1,1,1,-1,1,1,-1,1,-1,1,-1,-1,1,0.008971820585429668
-1,1,-1,1,-1,1,1,1,1,1,-1,1,1,1,1,-1,1,1,-1,-1,0.008971617557108402
-1,1,-1,1,1,-1,-1,-1,-1,-1,-1,-1,1,-1,-1,-1,-1,1,1,-1,0.008971023373305798
-1,1,-1,1,1,-1,-1,-1,-1,-1,-1,-1,1,-1,-1,-1,1,1,-1,-1,0.008970977738499641
-1,1,-1,1,1,-1,-1,-1,-1,-1,1,-1,-1,-1,-1,1,-1,-1,-1,-1,0.00897141918540001
-1,1,-1,1,1,-1,-1,-1,-1,-1,1,-1,-1,1,-1,1,-1,1,-1,-1,0.008971629664301872
-1,1,-1,1,1,-1,-1,-1,-1,-1,1,-1,-1,1,1,-1,-1,1,1,-1,0.008971011266112328
-1,1,-1,1,1,-1,-1,-1,-1,-1,1,1,-1,-1,-1,-1,1,1,1,1,0.008971636183559895
-1,1,-1,1,1,-1,-1,-1,-1,-1,1,1,-1,1,1,1,-1,-1,-1,-1,0.00897112488746643
-1,1,-1,1,1,-1,-1,-1,-1,-1,1,1,-1,1,1,1,1,1,1,1,0.008971159346401691
-1,1,-1,1,1,-1,-1,-1,-1,-1,1,1,1,-1,1,-1,-1,1,-1,-1,0.008970844559371471
-1,1,-1,1,1,-1,-1,-1,-1,-1,1,1,1,-1,1,-1,1,-1,-1,-1,0.008970502763986588
-1,1,-1,1,1,-1,-1,-1,-1,1,-1,-1,-1,-1,1,1,-1,-1,-1,1,0.008971386589109898
-1,1,-1,1,1,-1,-1,-1,-1,1,-1,-1,-1,1,-1,1,1,-1,1,1,0.008971549570560455
-1,1,-1,1,1,-1,-1,-1,-1,1,-1,-1,1,-1,1,-1,-1,-1,1,1,0.00897093303501606
-1,1,-1,1,1,-1,-1,-1,-1,1,-1,-1,1,-1,1,1,1,-1,-1,-1,0.008970377966761589
-1,1,-1,1,1,-1,-1,-1,-1,1,-1,1,-1,-1,1,1,1,1,1,1,0.008971093222498894
-1,1,-1,1,1,-1,-1,-1,-1,1,-1,1,1,1,-1,1,-1,-1,1,-1,0.00897113885730505
-1,1,-1,1,1,-1,-1,-1,-1,1,1,-1,-1,1,-1,-1,1,-1,1,-1,0.008971260860562325
-1,1,-1,1,1,-1,-1,-1,1,-1,-1,-1,-1,-1,1,1,-1,-1,1,1,0.008971189148724079
-1,1,-1,1,1,-1,-1,-1,1,-1,-1,-1,1,1,1,1,-1,1,1,1,0.008971059694886208
-1,1,-1,1,1,-1,-1,-1,1,-1,-1,1,-1,-1,-1,-1,-1,1,1,-1,0.00897154863923788
-1,1,-1,1,1,-1,-1,-1,1,-1,-1,1,-1,-1,1,1,1,-1,-1,1,0.008971230126917362
-1,1,-1,1,1,-1,-1,-1,1,-1,1,-1,1,-1,-1,1,1,1,1,1,0.008971214294433594
-1,1,-1,1,1,-1,-1,-1,1,-1,1,-1,1,1,1,-1,1,-1,1,-1,0.008970430120825768
-1,1,-1,1,1,-1,-1,-1,1,-1,1,1,-1,-1,-1,1,1,-1,1,-1,0.008971139788627625
-1,1,-1,1,1,-1,-1,-1,1,-1,1,1,1,1,-1,-1,1,1,-1,-1,0.008971317671239376
-1,1,-1,1,1,-1,-1,-1,1,-1,1,1,1,1,-1,1,1,-1,-1,-1,0.008971135132014751
-1,1,-1,1,1,-1,-1,-1,1,1,-1,1,-1,1,-1,1,-1,-1,1,1,0.008971991017460823
-1,1,-1,1,1,-1,-1,-1,1,1,-1,1,1,1,1,-1,-1,1,-1,1,0.00897154025733471
-1,1,-1,1,1,-1,-1,-1,1,1,1,-1,-1,-1,1,-1,1,1,1,1,0.008971231989562511
-1,1,-1,1,1,-1,-1,-1,1,1,1,-1,1,-1,-1,1,1,1,-1,1,0.00897151231765747
-1,1,-1,1,1,-1,-1,-1,1,1,1,-1,1,1,1,1,1,1,-1,1,0.008971131406724453
-1,1,-1,1,1,-1,-1,-1,1,1,1,1,-1,-1,1,-1,1,-1,1,-1,0.008970819413661957
-1,1,-1,1,1,-1,-1,-1,1,1,1,1,-1,1,1,1,-1,1,1,1,0.008971602655947208
-1,1,-1,1,1,-1,-1,1,-1,-1,-1,-1,-1,-1,1,-1,-1,1,1,-1,0.00897120963782072
-1,1,-1,1,1,-1,-1,1,-1,-1,-1,-1,-1,-1,1,-1,1,-1,1,1,0.008971281349658966
-1,1,-1,1,1,-1,-1,1,-1,-1,-1,-1,1,1,-1,1,-1,-1,1,-1,0.008971316739916801
-1,1,-1,1,1,-1,-1,1,-1,-1,-1,1,-1,-1,1,-1,1,-1,1,1,0.008971367962658405
-1,1,-1,1,1,-1,-1,1,-1,-1,-1,1,-1,-1,1,1,-1,-1,1,-1,0.008971113711595535
-1,1,-1,1,1,-1,-1,1,-1,-1,-1,1,1,1,1,-1,-1,-1,1,1,0.008971408940851688
-1,1,-1,1,1,-1,-1,1,-1,-1,-1,1,1,1,1,-1,1,-1,1,1,0.008971152827143669
-1,1,-1,1,1,-1,-1,1,-1,-1,1,-1,1,1,-1,1,-1,1,1,-1,0.008971432223916054
-1,1,-1,1,1,-1,-1,1,-1,-1,1,1,-1,-1,-1,-1,1,-1,1,1,0.00897190161049366
-1,1,-1,1,1,-1,-1,1,-1,-1,1,1,1,1,-1,1,-1,-1,1,-1,0.008971432223916054
-1,1,-1,1,1,-1,-1,1,-1,1,-1,-1,1,1,1,1,1,1,-1,-1,0.008970940485596657
-1,1,-1,1,1,-1,-1,1,-1,1,-1,1,-1,-1,-1,-1,-1,1,-1,1,0.008972512558102608
-1,1,-1,1,1,-1,-1,1,-1,1,-1,1,-1,-1,-1,1,-1,-1,-1,1,0.008972330018877983
-1,1,-1,1,1,-1,-1,1,-1,1,-1,1,-1,1,-1,-1,1,1,1,-1,0.00897175632417202
-1,1,-1,1,1,-1,-1,1,-1,1,1,-1,-1,-1,1,-1,-1,1,1,1,0.008971740491688251
-1,1,-1,1,1,-1,-1,1,-1,1,1,-1,1,-1,-1,1,-1,1,-1,-1,0.008971606381237507
-1,1,-1,1,1,-1,-1,1,-1,1,1,-1,1,1,1,1,-1,1,-1,1,0.008971638977527618
-1,1,-1,1,1,-1,-1,1,-1,1,1,1,-1,1,-1,-1,-1,-1,-1,1,0.00897257961332798
-1,1,-1,1,1,-1,-1,1,-1,1,1,1,1,-1,1,1,-1,-1,1,-1,0.008970891125500202
-1,1,-1,1,1,-1,-1,1,-1,1,1,1,1,1,-1,-1,-1,-1,1,-1,0.008971616625785828
-1,1,-1,1,1,-1,-1,1,-1,1,1,1,1,1,1,-1,1,-1,1,1,0.008971269242465496
-1,1,-1,1,1,-1,-1,1,1,-1,-1,-1,-1,-1,1,1,-1,1,1,-1,0.00897121336311102
-1,1,-1,1,1,-1,-1,1,1,-1,-1,1,1,1,-1,1,-1,-1,1,1,0.008971916511654854
-1,1,-1,1,1,-1,-1,1,1,-1,-1,1,1,1,1,1,-1,1,1,-1,0.008971084840595722
-1,1,-1,1,1,-1,-1,1,1,-1,1,-1,1,-1,1,1,-1,-1,-1,1,0.0089714415371418
-1,1,-1,1,1,-1,-1,1,1,-1,1,1,1,-1,-1,1,-1,-1,-1,1,0.00897203292697668
-1,1,-1,1,1,-1,-1,1,1,1,-1,1,1,-1,-1,-1,1,1,1,1,0.00897180661559105
-1,1,-1,1,1,-1,-1,1,1,1,-1,1,1,-1,1,1,1,1,-1,-1,0.008971002884209156
-1,1,-1,1,1,-1,-1,1,1,1,1,-1,-1,1,1,1,-1,1,-1,1,0.008972078561782837
-1,1,-1,1,1,-1,-1,1,1,1,1,1,-1,-1,-1,1,-1,1,1,-1,0.008971921168267727
-1,1,-1,1,1,-1,-1,1,1,1,1,1,-1,1,-1,-1,-1,1,-1,-1,0.0089723514392972
-1,1,-1,1,1,-1,-1,1,1,1,1,1,1,-1,1,1,-1,-1,-1,-1,0.00897120125591755
-1,1,-1,1,1,-1,-1,1,1,1,1,1,1,1,-1,1,-1,1,1,1,0.00897211953997612
-1,1,-1,1,1,-1,-1,1,1,1,1,1,1,1,1,1,1,1,1,1,0.008971359580755234
-1,1,-1,1,1,-1,1,-1,-1,-1,-1,-1,-1,-1,1,-1,1,1,-1,1,0.008971241302788258
-1,1,-1,1,1,-1,1,-1,-1,-1,-1,-1,1,-1,1,1,1,1,1,-1,0.008970181457698345
-1,1,-1,1,1,-1,1,-1,-1,-1,-1,-1,1,1,-1,-1,-1,-1,-1,-1,0.00897128600627184
-1,1,-1,1,1,-1,1,-1,-1,-1,-1,1,-1,1,-1,1,1,-1,-1,1,0.008971773087978363
-1,1,-1,1,1,-1,1,-1,-1,-1,1,1,-1,1,-1,-1,1,1,-1,-1,0.008971571922302246
-1,1,-1,1,1,-1,1,-1,-1,-1,1,1,-1,1,-1,1,1,-1,1,-1,0.008971178904175758
-1,1,-1,1,1,-1,1,-1,-1,1,-1,-1,-1,1,-1,1,-1,1,1,-1,0.00897149182856083
-1,1,-1,1,1,-1,1,-1,-1,1,-1,-1,-1,1,1,1,-1,1,1,1,0.008971401490271091
-1,1,-1,1,1,-1,1,-1,-1,1,-1,-1,1,-1,-1,-1,-1,-1,-1,-1,0.00897124968469143
-1,1,-1,1,1,-1,1,-1,-1,1,-1,1,-1,-1,1,-1,1,-1,-1,1,0.008971328847110271
-1,1,-1,1,1,-1,1,-1,-1,1,-1,1,1,-1,1,1,1,1,1,1,0.008970769122242928
-1,1,-1,1,1,-1,1,-1,-1,1,-1,1,1,1,1,-1,-1,1,-1,1,0.00897145550698042
-1,1,-1,1,1,-1,1,-1,-1,1,1,-1,-1,1,-1,1,-1,-1,1,-1,0.008971435017883778
-1,1,-1,1,1,-1,1,-1,-1,1,1,-1,-1,1,-1,1,1,-1,-1,-1,0.008971390314400196
-1,1,-1,1,1,-1,1,-1,-1,1,1,1,-1,1,-1,-1,1,1,1,1,0.008971862494945526
-1,1,-1,1,1,-1,1,-1,-1,1,1,1,1,-1,1,-1,-1,-1,-1,-1,0.00897086039185524
-1,1,-1,1,1,-1,1,-1,-1,1,1,1,1,1,1,-1,-1,-1,1,-1,0.008970774710178375
-1,1,-1,1,1,-1,1,-1,1,-1,-1,-1,1,-1,-1,-1,-1,1,-1,-1,0.008971348404884338
-1,1,-1,1,1,-1,1,-1,1,-1,-1,1,-1,-1,-1,1,1,1,1,-1,0.00897121150046587
-1,1,-1,1,1,-1,1,-1,1,-1,-1,1,1,1,-1,1,-1,-1,-1,-1,0.008971376344561577
-1,1,-1,1,1,-1,1,-1,1,-1,-1,1,1,1,1,1,-1,1,1,1,0.00897116120904684
-1,1,-1,1,1,-1,1,-1,1,-1,1,-1,1,-1,-1,-1,-1,-1,-1,1,0.008971705101430416
-1,1,-1,1,1,-1,1,-1,1,-1,1,-1,1,-1,-1,1,-1,1,-1,-1,0.008971281349658966
-1,1,-1,1,1,-1,1,-1,1,-1,1,-1,1,-1,-1,1,1,1,-1,1,0.00897143967449665
-1,1,-1,1,1,-1,1,-1,1,-1,1,-1,1,1,-1,1,1,1,-1,1,0.008971563540399075
-1,1,-1,1,1,-1,1,-1,1,-1,1,1,1,-1,-1,1,-1,1,1,-1,0.008971157483756542
-1,1,-1,1,1,-1,1,-1,1,-1,1,1,1,1,1,-1,1,1,1,1,0.008971030823886395
-1,1,-1,1,1,-1,1,-1,1,-1,1,1,1,1,1,1,1,-1,1,1,0.00897084828466177
-1,1,-1,1,1,-1,1,-1,1,1,-1,-1,-1,-1,1,-1,1,-1,1,1,0.008971131406724453
-1,1,-1,1,1,-1,1,-1,1,1,-1,-1,-1,1,-1,-1,-1,-1,1,1,0.008972016163170338
-1,1,-1,1,1,-1,1,-1,1,1,-1,1,-1,1,-1,1,1,-1,1,-1,0.008971337229013443
-1,1,-1,1,1,-1,1,-1,1,1,-1,1,-1,1,1,1,1,-1,-1,1,0.008971456438302994
-1,1,-1,1,1,-1,1,-1,1,1,1,-1,-1,-1,-1,1,-1,-1,-1,1,0.008972035720944405
-1,1,-1,1,1,-1,1,-1,1,1,1,-1,1,1,-1,1,1,-1,1,1,0.008971353992819786
-1,1,-1,1,1,-1,1,-1,1,1,1,1,-1,1,1,1,1,1,1,-1,0.008970947936177254
-1,1,-1,1,1,-1,1,-1,1,1,1,1,1,1,1,1,-1,1,1,1,0.008971277624368668
-1,1,-1,1,1,-1,1,1,-1,-1,-1,-1,-1,-1,-1,1,1,1,1,-1,0.008971377275884151
-1,1,-1,1,1,-1,1,1,-1,-1,-1,-1,-1,1,1,-1,1,-1,1,1,0.008971420116722584
-1,1,-1,1,1,-1,1,1,-1,-1,-1,-1,1,-1,1,-1,1,1,1,1,0.008971043862402439
-1,1,-1,1,1,-1,1,1,-1,-1,-1,1,-1,1,-1,-1,1,-1,-1,1,0.008972221985459328
-1,1,-1,1,1,-1,1,1,-1,-1,-1,1,-1,1,1,1,1,1,-1,1,0.008971706964075565
-1,1,-1,1,1,-1,1,1,-1,-1,1,-1,-1,-1,-1,1,1,1,-1,1,0.008972031064331532
-1,1,-1,1,1,-1,1,1,-1,-1,1,-1,-1,1,1,1,1,1,-1,1,0.008971650153398514
-1,1,-1,1,1,-1,1,1,-1,-1,1,1,-1,-1,1,1,-1,1,-1,-1,0.008971454575657845
-1,1,-1,1,1,-1,1,1,-1,-1,1,1,-1,1,-1,1,-1,-1,1,1,0.008972200565040112
-1,1,-1,1,1,-1,1,1,-1,-1,1,1,1,-1,-1,-1,-1,1,-1,-1,0.008971716277301311
-1,1,-1,1,1,-1,1,1,-1,1,-1,-1,-1,-1,-1,1,1,1,-1,-1,0.008971675299108028
-1,1,-1,1,1,-1,1,1,-1,1,-1,-1,1,-1,-1,-1,-1,1,1,1,0.00897189136594534
-1,1,-1,1,1,-1,1,1,-1,1,-1,-1,1,-1,1,-1,1,1,1,1,0.008971130475401878
-1,1,-1,1,1,-1,1,1,-1,1,-1,-1,1,1,1,1,-1,1,1,1,0.008971414528787136
-1,1,-1,1,1,-1,1,1,-1,1,-1,1,1,-1,-1,1,-1,-1,-1,1,0.008972004987299442
-1,1,-1,1,1,-1,1,1,-1,1,1,-1,-1,-1,1,-1,1,1,-1,1,0.00897170975804329
-1,1,-1,1,1,-1,1,1,-1,1,1,-1,-1,1,-1,-1,1,1,1,1,0.008972127921879292
-1,1,-1,1,1,-1,1,1,-1,1,1,-1,-1,1,-1,1,1,1,-1,-1,0.008971828036010265
-1,1,-1,1,1,-1,1,1,-1,1,1,-1,-1,1,1,-1,1,-1,-1,-1,0.008971333503723145
-1,1,-1,1,1,-1,1,1,-1,1,1,-1,1,1,-1,1,-1,-1,1,-1,0.008971448056399822
-1,1,-1,1,1,-1,1,1,-1,1,1,1,-1,-1,1,1,-1,-1,-1,-1,0.00897145550698042
-1,1,-1,1,1,-1,1,1,-1,1,1,1,-1,1,-1,-1,1,-1,1,1,0.008972127921879292
-1,1,-1,1,1,-1,1,1,-1,1,1,1,1,-1,1,-1,1,1,1,-1,0.008970833383500576
-1,1,-1,1,1,-1,1,1,1,-1,-1,-1,-1,-1,-1,1,-1,-1,1,1,0.00897206086665392
-1,1,-1,1,1,-1,1,1,1,-1,-1,-1,1,-1,-1,-1,-1,-1,1,-1,0.008971404284238815
-1,1,-1,1,1,-1,1,1,1,-1,-1,-1,1,-1,-1,-1,-1,1,1,1,0.00897190347313881
-1,1,-1,1,1,-1,1,1,1,-1,-1,-1,1,-1,1,-1,1,-1,-1,1,0.008971267379820347
-1,1,-1,1,1,-1,1,1,1,-1,-1,-1,1,-1,1,1,-1,-1,-1,1,0.008971426635980606
-1,1,-1,1,1,-1,1,1,1,-1,-1,-1,1,1,1,-1,-1,1,-1,1,0.008971733041107655
-1,1,-1,1,1,-1,1,1,1,-1,-1,-1,1,1,1,-1,1,-1,1,-1,0.008970767259597778
-1,1,-1,1,1,-1,1,1,1,-1,1,-1,-1,-1,-1,-1,1,1,-1,-1,0.008971813134849072
-1,1,-1,1,1,-1,1,1,1,-1,1,-1,-1,1,1,1,-1,1,1,-1,0.008971381932497025
-1,1,-1,1,1,-1,1,1,1,-1,1,-1,1,-1,-1,1,1,-1,1,-1,0.008971081115305424
-1,1,-1,1,1,-1,1,1,1,-1,1,-1,1,-1,1,-1,-1,1,1,-1,0.008971014991402626
-1,1,-1,1,1,-1,1,1,1,-1,1,1,-1,-1,-1,-1,-1,-1,1,-1,0.008971858769655228
-1,1,-1,1,1,-1,1,1,1,-1,1,1,-1,1,1,-1,1,1,-1,-1,0.008971518836915493
-1,1,-1,1,1,-1,1,1,1,1,-1,1,-1,-1,1,1,1,-1,-1,-1,0.00897127017378807
-1,1,-1,1,1,-1,1,1,1,1,1,-1,-1,-1,-1,1,-1,1,1,1,0.00897226296365261
-1,1,-1,1,1,-1,1,1,1,1,1,-1,-1,-1,1,-1,-1,1,1,1,0.00897185504436493
-1,1,-1,1,1,-1,1,1,1,1,1,-1,-1,1,-1,1,-1,1,1,1,0.00897238776087761
-1,1,-1,1,1,-1,1,1,1,1,1,-1,1,-1,1,-1,-1,-1,1,1,0.00897142942994833
-1,1,-1,1,1,-1,1,1,1,1,1,-1,1,1,-1,1,-1,1,1,1,0.008972047828137875
-1,1,-1,1,1,-1,1,1,1,1,1,1,1,1,-1,1,-1,1,1,1,0.008972134441137314
-1,1,-1,1,1,-1,1,1,1,1,1,1,1,1,1,-1,-1,1,-1,-1,0.008971522562205791
-1,1,-1,1,1,1,-1,-1,-1,-1,-1,-1,-1,1,1,1,1,-1,1,-1,0.008970455266535282
-1,1,-1,1,1,1,-1,-1,-1,-1,-1,1,-1,1,-1,-1,1,-1,1,1,0.008971556089818478
-1,1,-1,1,1,1,-1,-1,-1,-1,-1,1,1,-1,-1,1,-1,1,1,-1,0.008970924653112888
-1,1,-1,1,1,1,-1,-1,-1,-1,-1,1,1,1,1,1,-1,-1,-1,-1,0.008970668539404869
-1,1,-1,1,1,1,-1,-1,-1,-1,1,-1,-1,-1,1,1,1,1,-1,1,0.008971069939434528
-1,1,-1,1,1,1,-1,-1,-1,-1,1,1,-1,-1,1,1,-1,1,1,1,0.008971202187240124
-1,1,-1,1,1,1,-1,-1,-1,1,-1,-1,1,1,1,1,-1,1,-1,1,0.008971168659627438
-1,1,-1,1,1,1,-1,-1,-1,1,-1,1,-1,1,-1,1,1,1,1,-1,0.008971219882369041
-1,1,-1,1,1,1,-1,-1,-1,1,-1,1,-1,1,1,1,1,1,1,1,0.008971128612756729
-1,1,-1,1,1,1,-1,-1,-1,1,-1,1,1,1,-1,-1,1,-1,1,-1,0.008970890194177628
-1,1,-1,1,1,1,-1,-1,-1,1,-1,1,1,1,1,1,1,1,-1,1,0.008971000090241432
-1,1,-1,1,1,1,-1,-1,-1,1,1,-1,-1,-1,1,-1,1,-1,1,-1,0.00897054374217987
-1,1,-1,1,1,1,-1,-1,-1,1,1,-1,-1,1,-1,-1,1,1,-1,1,0.008971882052719593
-1,1,-1,1,1,1,-1,-1,-1,1,1,1,-1,-1,-1,1,1,1,1,1,0.00897153839468956
-1,1,-1,1,1,1,-1,-1,-1,1,1,1,-1,-1,1,-1,1,1,1,-1,0.008970716036856174
-1,1,-1,1,1,1,-1,-1,-1,1,1,1,1,-1,-1,-1,1,-1,-1,-1,0.00897100567817688
-1,1,-1,1,1,1,-1,-1,-1,1,1,1,1,1,-1,-1,1,1,1,1,0.00897141918540001
-1,1,-1,1,1,1,-1,-1,1,-1,-1,-1,-1,-1,1,1,1,1,-1,-1,0.00897072721272707
-1,1,-1,1,1,1,-1,-1,1,-1,-1,-1,1,-1,1,1,1,-1,1,1,0.008970505557954311
-1,1,-1,1,1,1,-1,-1,1,-1,-1,-1,1,1,-1,1,-1,-1,1,1,0.008971389383077621
-1,1,-1,1,1,1,-1,-1,1,-1,-1,-1,1,1,-1,1,-1,1,1,1,0.00897147599607706
-1,1,-1,1,1,1,-1,-1,1,-1,-1,1,-1,-1,-1,-1,1,-1,-1,1,0.0089717423543334
-1,1,-1,1,1,1,-1,-1,1,-1,-1,1,-1,-1,1,-1,1,-1,1,1,0.008971027098596096
-1,1,-1,1,1,1,-1,-1,1,-1,-1,1,1,-1,-1,1,1,-1,1,-1,0.008970682509243488
-1,1,-1,1,1,1,-1,-1,1,-1,-1,1,1,-1,1,-1,1,1,1,1,0.008970774710178375
-1,1,-1,1,1,1,-1,-1,1,-1,-1,1,1,1,1,-1,-1,-1,-1,-1,0.008970864117145538
-1,1,-1,1,1,1,-1,-1,1,-1,1,-1,1,-1,-1,-1,-1,-1,1,-1,0.008970977738499641
-1,1,-1,1,1,1,-1,-1,1,-1,1,-1,1,-1,-1,-1,1,1,-1,1,0.008971432223916054
-1,1,-1,1,1,1,-1,-1,1,-1,1,-1,1,1,1,-1,1,1,1,1,0.008970840834081173
-1,1,-1,1,1,1,-1,-1,1,-1,1,1,-1,1,-1,1,1,1,-1,1,0.008971884846687317
-1,1,-1,1,1,1,-1,-1,1,1,-1,-1,-1,-1,-1,-1,-1,-1,-1,1,0.00897199846804142
-1,1,-1,1,1,1,-1,-1,1,1,-1,-1,-1,-1,1,-1,-1,1,-1,1,0.008971580304205418
-1,1,-1,1,1,1,-1,-1,1,1,-1,-1,-1,-1,1,1,-1,1,-1,-1,0.008971069939434528
-1,1,-1,1,1,1,-1,-1,1,1,-1,1,-1,-1,-1,1,1,1,-1,-1,0.00897140521556139
-1,1,-1,1,1,1,-1,-1,1,1,-1,1,1,-1,-1,1,1,1,-1,1,0.008971480652689934
-1,1,-1,1,1,1,-1,-1,1,1,-1,1,1,-1,1,1,1,-1,1,-1,0.00897026527673006
-1,1,-1,1,1,1,-1,-1,1,1,-1,1,1,1,-1,-1,-1,1,1,1,0.0089717460796237
-1,1,-1,1,1,1,-1,-1,1,1,1,1,-1,1,1,1,-1,-1,-1,1,0.00897163711488247
-1,1,-1,1,1,1,-1,-1,1,1,1,1,-1,1,1,1,-1,-1,1,-1,0.008971014060080051
-1,1,-1,1,1,1,-1,1,-1,-1,-1,-1,-1,-1,-1,-1,-1,1,-1,1,0.008972249925136566
-1,1,-1,1,1,1,-1,1,-1,-1,-1,-1,-1,1,1,-1,-1,1,-1,-1,0.00897145550698042
-1,1,-1,1,1,1,-1,1,-1,-1,-1,-1,1,1,1,-1,1,1,-1,1,0.00897127389907837
-1,1,-1,1,1,1,-1,1,-1,-1,-1,1,-1,1,1,1,1,-1,-1,-1,0.008971103467047215
-1,1,-1,1,1,1,-1,1,-1,-1,1,-1,-1,-1,-1,-1,1,1,-1,-1,0.00897160917520523
-1,1,-1,1,1,1,-1,1,-1,-1,1,-1,-1,1,1,-1,1,-1,1,-1,0.00897093303501606
-1,1,-1,1,1,1,-1,1,-1,-1,1,-1,1,-1,-1,-1,-1,-1,1,1,0.008971643634140491
-1,1,-1,1,1,1,-1,1,-1,-1,1,-1,1,-1,1,1,1,1,-1,1,0.008971082977950573
-1,1,-1,1,1,1,-1,1,-1,-1,1,-1,1,1,-1,-1,1,-1,1,1,0.008971511386334896
-1,1,-1,1,1,1,-1,1,-1,-1,1,1,1,-1,1,1,1,1,1,-1,0.00897054560482502
-1,1,-1,1,1,1,-1,1,-1,1,-1,-1,-1,-1,-1,-1,1,1,-1,1,0.00897208135575056
-1,1,-1,1,1,1,-1,1,-1,1,-1,-1,1,-1,-1,1,1,1,1,-1,0.008971022441983223
-1,1,-1,1,1,1,-1,1,-1,1,-1,-1,1,-1,1,1,-1,1,-1,1,0.008971396833658218
-1,1,-1,1,1,1,-1,1,-1,1,-1,1,-1,1,-1,1,1,1,1,1,0.008971985429525375
-1,1,-1,1,1,1,-1,1,-1,1,-1,1,-1,1,1,-1,-1,1,-1,-1,0.008971628732979298
-1,1,-1,1,1,1,-1,1,-1,1,-1,1,1,-1,1,-1,1,-1,-1,1,0.00897123757749796
-1,1,-1,1,1,1,-1,1,-1,1,1,-1,-1,1,1,-1,1,-1,-1,-1,0.008971230126917362
-1,1,-1,1,1,1,-1,1,-1,1,1,1,1,-1,-1,-1,1,-1,1,1,0.008971561677753925
-1,1,-1,1,1,1,-1,1,-1,1,1,1,1,-1,1,-1,-1,1,-1,1,0.00897160917520523
-1,1,-1,1,1,1,-1,1,-1,1,1,1,1,1,1,1,-1,1,-1,1,0.00897163711488247
-1,1,-1,1,1,1,-1,1,1,-1,-1,-1,-1,-1,-1,1,-1,1,-1,-1,0.00897183921188116
-1,1,-1,1,1,1,-1,1,1,-1,-1,-1,1,1,-1,-1,1,-1,-1,1,0.00897179264575243
-1,1,-1,1,1,1,-1,1,1,-1,1,-1,-1,-1,1,-1,1,-1,1,1,0.00897132232785225
-1,1,-1,1,1,1,-1,1,1,-1,1,-1,-1,1,-1,-1,1,-1,1,1,0.008971950970590115
-1,1,-1,1,1,1,-1,1,1,-1,1,-1,-1,1,1,1,-1,-1,1,1,0.008971605449914932
-1,1,-1,1,1,1,-1,1,1,-1,1,1,-1,-1,-1,-1,-1,1,1,1,0.008972255513072014
-1,1,-1,1,1,1,-1,1,1,-1,1,1,-1,1,1,-1,1,1,1,-1,0.008971204981207848
-1,1,-1,1,1,1,-1,1,1,-1,1,1,1,1,-1,-1,1,1,1,-1,0.00897137075662613
-1,1,-1,1,1,1,-1,1,1,1,-1,1,-1,-1,-1,1,-1,1,-1,-1,0.008972013369202614
-1,1,-1,1,1,1,-1,1,1,1,-1,1,-1,-1,1,1,-1,1,-1,1,0.008971922099590302
-1,1,-1,1,1,1,-1,1,1,1,-1,1,-1,1,-1,1,-1,1,-1,1,0.008972550742328167
-1,1,-1,1,1,1,-1,1,1,1,-1,1,-1,1,1,1,-1,-1,1,1,0.008971749804913998
-1,1,-1,1,1,1,-1,1,1,1,1,-1,-1,-1,-1,-1,-1,1,-1,-1,0.008972052484750748
-1,1,-1,1,1,1,-1,1,1,1,1,-1,-1,-1,1,-1,-1,-1,1,-1,0.008971251547336578
-1,1,-1,1,1,1,-1,1,1,1,1,-1,-1,1,1,-1,-1,1,-1,-1,0.00897167157381773
-1,1,-1,1,1,1,-1,1,1,1,1,-1,-1,1,1,-1,1,1,-1,-1,0.008971416391432285
-1,1,-1,1,1,1,-1,1,1,1,1,-1,1,-1,1,1,-1,-1,-1,-1,0.008971026167273521
-1,1,-1,1,1,1,-1,1,1,1,1,-1,1,1,1,-1,-1,1,1,-1,0.008971123024821281
-1,1,-1,1,1,1,-1,1,1,1,1,1,1,-1,1,1,1,-1,-1,1,0.008971271105110645
-1,1,-1,1,1,1,1,-1,-1,-1,-1,-1,-1,-1,-1,-1,-1,1,-1,-1,0.008971498347818851
-1,1,-1,1,1,1,1,-1,-1,-1,-1,-1,-1,1,-1,1,-1,1,-1,-1,0.00897152628749609
-1,1,-1,1,1,1,1,-1,-1,-1,-1,-1,-1,1,-1,1,1,1,1,1,0.008971474133431911
-1,1,-1,1,1,1,1,-1,-1,-1,-1,-1,1,-1,1,1,-1,-1,-1,1,0.008970886468887329
-1,1,-1,1,1,1,1,-1,-1,-1,-1,-1,1,1,-1,-1,-1,1,1,1,0.008971487171947956
-1,1,-1,1,1,1,1,-1,-1,-1,-1,1,-1,-1,1,-1,1,-1,1,1,0.008970942348241806
-1,1,-1,1,1,1,1,-1,-1,-1,-1,1,-1,1,-1,1,-1,1,-1,-1,0.00897161290049553
-1,1,-1,1,1,1,1,-1,-1,-1,1,-1,1,1,-1,1,-1,-1,-1,1,0.008971543982625008
-1,1,-1,1,1,1,1,-1,-1,-1,1,1,-1,-1,-1,1,1,-1,1,-1,0.008970966562628746
-1,1,-1,1,1,1,1,-1,-1,1,-1,-1,-1,-1,1,1,1,1,1,-1,0.00897051952779293
-1,1,-1,1,1,1,1,-1,-1,1,-1,-1,-1,1,-1,-1,1,1,-1,1,0.008971868082880974
-1,1,-1,1,1,1,1,-1,-1,1,-1,-1,-1,1,1,1,1,1,1,-1,0.008970643393695354
-1,1,-1,1,1,1,1,-1,-1,1,-1,-1,1,-1,1,1,-1,1,1,-1,0.008970435708761215
-1,1,-1,1,1,1,1,-1,-1,1,-1,-1,1,-1,1,1,1,-1,1,-1,0.008970093913376331
-1,1,-1,1,1,1,1,-1,-1,1,-1,1,-1,1,-1,1,1,-1,-1,1,0.008971772156655788
-1,1,-1,1,1,1,1,-1,-1,1,-1,1,1,-1,-1,1,-1,-1,1,-1,0.008970940485596657
-1,1,-1,1,1,1,1,-1,-1,1,1,-1,-1,1,-1,-1,-1,-1,1,-1,0.008971442468464375
-1,1,-1,1,1,1,1,-1,-1,1,1,-1,-1,1,-1,-1,-1,1,1,1,0.008971942588686943
-1,1,-1,1,1,1,1,-1,-1,1,1,-1,1,-1,-1,1,-1,-1,1,1,0.008971297182142735
-1,1,-1,1,1,1,1,-1,-1,1,1,1,-1,-1,1,1,-1,-1,1,1,0.008971218019723892
-1,1,-1,1,1,1,1,-1,-1,1,1,1,-1,-1,1,1,1,-1,-1,1,0.008971172384917736
-1,1,-1,1,1,1,1,-1,-1,1,1,1,1,-1,1,-1,-1,-1,1,1,0.008970974944531918
-1,1,-1,1,1,1,1,-1,-1,1,1,1,1,1,1,-1,1,1,-1,-1,0.008970726281404495
-1,1,-1,1,1,1,1,-1,-1,1,1,1,1,1,1,1,1,1,1,-1,0.008970419876277447
-1,1,-1,1,1,1,1,-1,1,-1,-1,-1,1,1,-1,-1,1,1,1,-1,0.008970917202532291
-1,1,-1,1,1,1,1,-1,1,-1,-1,1,-1,1,-1,-1,-1,1,1,1,0.00897201243788004
-1,1,-1,1,1,1,1,-1,1,-1,-1,1,-1,1,1,1,-1,-1,-1,-1,0.008971122093498707
-1,1,-1,1,1,1,1,-1,1,-1,-1,1,1,1,1,1,1,-1,1,-1,0.008970317430794239
-1,1,-1,1,1,1,1,-1,1,-1,1,-1,-1,-1,1,-1,1,-1,1,1,0.008970985189080238
-1,1,-1,1,1,1,1,-1,1,-1,1,-1,-1,1,1,1,1,-1,-1,1,0.008971222676336765
-1,1,-1,1,1,1,1,-1,1,-1,1,-1,1,1,-1,1,1,-1,-1,1,0.008971388451755047
-1,1,-1,1,1,1,1,-1,1,-1,1,1,-1,1,-1,-1,1,1,-1,1,0.00897199660539627
-1,1,-1,1,1,1,1,-1,1,1,-1,-1,-1,-1,1,-1,1,1,1,1,0.008971129544079304
-1,1,-1,1,1,1,1,-1,1,1,-1,-1,-1,1,1,1,1,-1,-1,1,0.008971281349658966
-1,1,-1,1,1,1,1,-1,1,1,-1,-1,1,1,-1,-1,1,-1,-1,-1,0.008971128612756729
-1,1,-1,1,1,1,1,-1,1,1,-1,1,-1,-1,-1,1,-1,1,1,1,0.00897187925875187
-1,1,-1,1,1,1,1,-1,1,1,-1,1,1,1,1,-1,-1,1,-1,1,0.008971466682851315
-1,1,-1,1,1,1,1,-1,1,1,1,-1,-1,1,1,-1,1,-1,1,-1,0.008970782160758972
-1,1,-1,1,1,1,1,-1,1,1,1,-1,1,-1,-1,-1,1,-1,1,1,0.00897123757749796
-1,1,-1,1,1,1,1,-1,1,1,1,-1,1,-1,-1,1,-1,1,-1,-1,0.008971279487013817
-1,1,-1,1,1,1,1,-1,1,1,1,1,-1,-1,1,1,-1,-1,1,-1,0.008970904164016247
-1,1,-1,1,1,1,1,-1,1,1,1,1,1,-1,-1,1,1,-1,1,1,0.008971228264272213
-1,1,-1,1,1,1,1,1,-1,-1,-1,-1,1,-1,-1,1,1,-1,1,-1,0.008970863185822964
-1,1,-1,1,1,1,1,1,-1,-1,-1,1,-1,-1,-1,1,-1,-1,1,-1,0.008971544913947582
-1,1,-1,1,1,1,1,1,-1,-1,-1,1,1,-1,-1,-1,-1,-1,-1,1,0.0089719258248806
-1,1,-1,1,1,1,1,1,-1,-1,1,-1,-1,-1,-1,1,1,1,1,-1,0.008971317671239376
-1,1,-1,1,1,1,1,1,-1,-1,1,-1,1,1,-1,-1,1,-1,1,1,0.00897152628749609
-1,1,-1,1,1,1,1,1,-1,-1,1,-1,1,1,-1,-1,1,1,1,1,0.00897161290049553
-1,1,-1,1,1,1,1,1,-1,-1,1,1,-1,-1,1,1,-1,1,1,-1,0.008971155621111393
-1,1,-1,1,1,1,1,1,-1,-1,1,1,-1,-1,1,1,-1,1,1,1,0.008971569128334522
-1,1,-1,1,1,1,1,1,-1,-1,1,1,1,1,-1,-1,-1,1,-1,-1,0.008971751667559147
-1,1,-1,1,1,1,1,1,-1,-1,1,1,1,1,1,-1,-1,1,-1,1,0.008971660397946835
-1,1,-1,1,1,1,1,1,-1,1,-1,-1,-1,1,1,-1,-1,-1,1,-1,0.008971260860562325
-1,1,-1,1,1,1,1,1,-1,1,-1,-1,1,-1,1,1,-1,1,-1,1,0.008971411734819412
-1,1,-1,1,1,1,1,1,-1,1,-1,-1,1,1,-1,-1,1,1,-1,1,0.008971881121397018
-1,1,-1,1,1,1,1,1,-1,1,-1,-1,1,1,1,-1,1,-1,1,1,0.008971080183982849
-1,1,-1,1,1,1,1,1,-1,1,-1,1,-1,1,-1,-1,-1,1,-1,1,0.008972561918199062
-1,1,-1,1,1,1,1,1,-1,1,-1,1,-1,1,-1,1,-1,-1,1,-1,0.008971755392849445
-1,1,-1,1,1,1,1,1,-1,1,-1,1,-1,1,1,1,1,-1,-1,1,0.008971619419753551
-1,1,-1,1,1,1,1,1,-1,1,-1,1,1,-1,1,1,-1,-1,-1,1,0.008971411734819412
-1,1,-1,1,1,1,1,1,-1,1,1,-1,1,1,1,1,-1,1,-1,-1,0.008971151895821095
-1,1,-1,1,1,1,1,1,-1,1,1,1,-1,-1,-1,1,1,1,1,-1,0.00897149182856083
-1,1,-1,1,1,1,1,1,-1,1,1,1,-1,-1,1,1,-1,1,-1,1,0.0089718671515584
-1,1,-1,1,1,1,1,1,-1,1,1,1,-1,-1,1,1,1,-1,1,1,0.008971314877271652
-1,1,-1,1,1,1,1,1,-1,1,1,1,-1,1,-1,-1,-1,-1,1,-1,0.008971881121397018
-1,1,-1,1,1,1,1,1,-1,1,1,1,1,1,-1,-1,-1,1,1,1,0.008972042240202427
-1,1,-1,1,1,1,1,1,1,-1,-1,-1,-1,-1,1,1,1,1,1,-1,0.008970883674919605
-1,1,-1,1,1,1,1,1,1,-1,-1,-1,-1,1,-1,-1,1,1,-1,-1,0.00897181872278452
-1,1,-1,1,1,1,1,1,1,-1,-1,-1,-1,1,-1,1,-1,-1,-1,-1,0.008971892297267914
-1,1,-1,1,1,1,1,1,1,-1,-1,-1,1,-1,1,-1,1,1,-1,1,0.008971264585852623
-1,1,-1,1,1,1,1,1,1,-1,-1,1,-1,-1,1,-1,-1,1,-1,1,0.008971946313977242
-1,1,-1,1,1,1,1,1,1,-1,-1,1,-1,1,-1,1,1,1,-1,-1,0.008971809409558773
-1,1,-1,1,1,1,1,1,1,-1,1,-1,1,-1,1,1,1,-1,1,-1,0.008970487862825394
-1,1,-1,1,1,1,1,1,1,-1,1,-1,1,1,-1,-1,1,-1,1,1,0.008971626870334148
-1,1,-1,1,1,1,1,1,1,-1,1,1,1,-1,1,-1,-1,-1,-1,-1,0.0089711369946599
-1,1,-1,1,1,1,1,1,1,1,-1,-1,-1,-1,-1,-1,-1,-1,1,-1,0.008971741423010826
-1,1,-1,1,1,1,1,1,1,1,-1,-1,-1,-1,-1,1,-1,1,1,1,0.00897214561700821
-1,1,-1,1,1,1,1,1,1,1,-1,-1,-1,1,-1,-1,-1,1,-1,-1,0.008972162380814552
-1,1,-1,1,1,1,1,1,1,1,-1,-1,1,1,-1,-1,1,-1,1,1,0.008971684612333775
-1,1,-1,1,1,1,1,1,1,1,1,-1,-1,-1,1,1,1,1,1,-1,0.008971001021564007
-1,1,-1,1,1,1,1,1,1,1,1,-1,-1,1,-1,-1,1,-1,-1,1,0.00897226296365261
-1,1,-1,1,1,1,1,1,1,1,1,-1,1,-1,1,1,-1,1,1,-1,0.008970917202532291
-1,1,1,-1,-1,-1,-1,-1,-1,-1,-1,1,-1,1,1,-1,1,1,1,-1,0.008971290662884712
-1,1,1,-1,-1,-1,-1,-1,-1,-1,1,1,-1,-1,1,1,-1,-1,-1,1,0.008971893228590488
-1,1,1,-1,-1,-1,-1,-1,-1,-1,1,1,-1,1,-1,1,-1,-1,1,-1,0.008971897885203362
-1,1,1,-1,-1,-1,-1,-1,-1,-1,1,1,-1,1,1,-1,1,1,-1,1,0.008971944451332092
-1,1,1,-1,-1,-1,-1,-1,-1,-1,1,1,1,1,-1,-1,-1,-1,-1,1,0.00897227879613638
-1,1,1,-1,-1,-1,-1,-1,-1,1,-1,-1,1,-1,-1,-1,-1,-1,1,-1,0.008971503004431725
-1,1,1,-1,-1,-1,-1,-1,-1,1,-1,-1,1,-1,-1,-1,1,1,1,-1,0.008971333503723145
-1,1,1,-1,-1,-1,-1,-1,-1,1,-1,1,-1,1,-1,-1,-1,-1,1,1,0.008972465991973877
-1,1,1,-1,-1,-1,-1,-1,-1,1,1,-1,-1,-1,-1,1,-1,1,-1,1,0.008972485549747944
-1,1,1,-1,-1,-1,-1,-1,-1,1,1,-1,-1,1,1,1,1,-1,-1,1,0.008971762843430042
-1,1,1,-1,-1,-1,-1,-1,-1,1,1,-1,1,-1,-1,-1,1,1,1,1,0.008971776813268661
-1,1,1,-1,-1,-1,-1,-1,-1,1,1,-1,1,-1,-1,1,-1,-1,1,-1,0.008971435949206352
-1,1,1,-1,-1,-1,-1,-1,-1,1,1,-1,1,-1,1,-1,1,-1,1,1,0.00897118542343378
-1,1,1,-1,-1,-1,-1,-1,-1,1,1,-1,1,1,1,-1,-1,-1,-1,-1,0.008971361443400383
-1,1,1,-1,-1,-1,-1,-1,-1,1,1,1,-1,1,1,1,1,-1,-1,-1,0.008971435949206352
-1,1,1,-1,-1,-1,-1,-1,-1,1,1,1,1,-1,1,-1,1,-1,1,-1,0.00897085852921009
-1,1,1,-1,-1,-1,-1,-1,-1,1,1,1,1,-1,1,1,-1,1,1,1,0.008971517905592918
-1,1,1,-1,-1,-1,-1,-1,1,-1,-1,-1,-1,-1,-1,-1,1,-1,-1,1,0.008972222916781902
-1,1,1,-1,-1,-1,-1,-1,1,-1,-1,-1,1,1,-1,-1,-1,1,-1,1,0.00897234957665205
-1,1,1,-1,-1,-1,-1,-1,1,-1,-1,1,1,-1,-1,1,-1,-1,-1,-1,0.008971716277301311
-1,1,1,-1,-1,-1,-1,-1,1,-1,-1,1,1,-1,1,1,-1,1,-1,1,0.008971711620688438
-1,1,1,-1,-1,-1,-1,-1,1,-1,-1,1,1,1,1,1,1,-1,-1,1,0.008971493691205978
-1,1,1,-1,-1,-1,-1,-1,1,-1,1,-1,-1,-1,1,1,1,1,-1,1,0.008971737697720528
-1,1,1,-1,-1,-1,-1,-1,1,-1,1,-1,1,1,1,1,-1,-1,1,-1,0.008971068076789379
-1,1,1,-1,-1,-1,-1,-1,1,-1,1,1,-1,1,-1,-1,-1,-1,-1,1,0.008972718380391598
-1,1,1,-1,-1,-1,-1,-1,1,-1,1,1,1,1,-1,-1,-1,1,1,-1,0.00897184107452631
-1,1,1,-1,-1,-1,-1,-1,1,1,1,1,-1,-1,1,-1,-1,-1,1,1,0.008971966803073883
-1,1,1,-1,-1,-1,-1,-1,1,1,1,1,-1,-1,1,1,1,-1,-1,-1,0.008971411734819412
-1,1,1,-1,-1,-1,-1,-1,1,1,1,1,1,-1,-1,-1,-1,-1,-1,-1,0.008971928618848324
-1,1,1,-1,-1,-1,-1,-1,1,1,1,1,1,-1,-1,1,1,1,1,-1,0.008971452713012695
-1,1,1,-1,-1,-1,-1,-1,1,1,1,1,1,-1,1,1,1,-1,1,-1,0.008970862254500389
-1,1,1,-1,-1,-1,-1,1,-1,-1,-1,1,-1,-1,-1,1,-1,1,1,-1,0.008972182869911194
-1,1,1,-1,-1,-1,-1,1,-1,-1,1,-1,-1,-1,-1,-1,-1,-1,1,-1,0.008972136303782463
-1,1,1,-1,-1,-1,-1,1,-1,-1,1,-1,1,-1,1,1,1,-1,-1,-1,0.00897115096449852
-1,1,1,-1,-1,-1,-1,1,-1,-1,1,1,-1,-1,1,-1,1,-1,1,1,0.008971876464784145
-1,1,1,-1,-1,-1,-1,1,-1,1,-1,-1,-1,-1,1,1,1,1,1,1,0.008971837349236012
-1,1,1,-1,-1,-1,-1,1,-1,1,-1,1,1,1,1,-1,1,1,-1,1,0.008972015231847763
-1,1,1,-1,-1,-1,-1,1,1,-1,-1,-1,1,-1,-1,-1,1,-1,-1,1,0.008972235955297947
-1,1,1,-1,-1,-1,-1,1,1,-1,-1,1,-1,-1,-1,-1,1,-1,-1,1,0.008972661569714546
-1,1,1,-1,-1,-1,-1,1,1,-1,-1,1,-1,-1,-1,1,-1,1,1,1,0.008972696959972382
-1,1,1,-1,-1,-1,-1,1,1,-1,-1,1,-1,-1,1,-1,1,-1,-1,-1,0.008971743285655975
-1,1,1,-1,-1,-1,-1,1,1,-1,-1,1,1,1,1,1,-1,-1,1,1,0.00897189136594534
-1,1,1,-1,-1,-1,-1,1,1,-1,1,-1,-1,1,-1,-1,1,-1,-1,1,0.008972728624939919
-1,1,1,-1,-1,-1,-1,1,1,-1,1,-1,-1,1,1,1,-1,-1,1,-1,0.008971759118139744
-1,1,1,-1,-1,-1,-1,1,1,-1,1,-1,1,-1,1,-1,1,1,-1,1,0.008971846662461758
-1,1,1,-1,-1,-1,-1,1,1,-1,1,-1,1,1,-1,1,1,-1,-1,1,0.008972292765974998
-1,1,1,-1,-1,-1,-1,1,1,-1,1,1,1,-1,1,1,1,1,1,1,0.008971626870334148
-1,1,1,-1,-1,-1,-1,1,1,-1,1,1,1,1,-1,1,1,1,1,1,0.008972255513072014
-1,1,1,-1,-1,-1,-1,1,1,1,-1,-1,1,-1,1,1,-1,-1,1,1,0.008971767500042915
-1,1,1,-1,-1,-1,-1,1,1,1,-1,1,-1,-1,-1,-1,1,1,-1,1,0.008972834795713425
-1,1,1,-1,-1,-1,-1,1,1,1,1,-1,-1,1,-1,1,-1,1,1,-1,0.008972437120974064
-1,1,1,-1,-1,-1,-1,1,1,1,1,1,-1,-1,1,1,1,-1,1,-1,0.008971553295850754
-1,1,1,-1,-1,-1,-1,1,1,1,1,1,-1,1,-1,1,1,-1,1,-1,0.00897218193858862
-1,1,1,-1,-1,-1,-1,1,1,1,1,1,1,-1,-1,-1,1,-1,-1,-1,0.008972025476396084
-1,1,1,-1,-1,-1,1,-1,-1,-1,-1,-1,-1,-1,-1,-1,-1,1,1,-1,0.008971855975687504
-1,1,1,-1,-1,-1,1,-1,-1,-1,-1,-1,1,-1,1,-1,-1,-1,1,1,0.008971339091658592
-1,1,1,-1,-1,-1,1,-1,-1,-1,-1,-1,1,-1,1,-1,-1,1,-1,1,0.008971636183559895
-1,1,1,-1,-1,-1,1,-1,-1,-1,-1,1,1,-1,-1,-1,1,-1,-1,-1,0.008971471339464188
-1,1,1,-1,-1,-1,1,-1,-1,-1,-1,1,1,-1,1,-1,-1,1,1,1,0.00897151231765747
-1,1,1,-1,-1,-1,1,-1,-1,-1,1,-1,1,1,-1,-1,1,-1,-1,1,0.00897195190191269
-1,1,1,-1,-1,-1,1,-1,-1,-1,1,1,-1,-1,-1,-1,-1,-1,1,1,0.00897229928523302
-1,1,1,-1,-1,-1,1,-1,-1,-1,1,1,-1,-1,1,1,1,1,1,-1,0.00897111464291811
-1,1,1,-1,-1,-1,1,-1,-1,-1,1,1,-1,1,1,-1,-1,1,-1,-1,0.008971801027655602
-1,1,1,-1,-1,-1,1,-1,-1,1,-1,-1,-1,-1,-1,1,1,-1,-1,1,0.008972128853201866
-1,1,1,-1,-1,-1,1,-1,-1,1,-1,-1,1,-1,-1,1,-1,1,-1,1,0.00897213164716959
-1,1,1,-1,-1,-1,1,-1,-1,1,-1,-1,1,1,1,-1,-1,1,1,1,0.00897163711488247
-1,1,1,-1,-1,-1,1,-1,-1,1,-1,1,-1,-1,1,1,1,-1,-1,1,0.008971710689365864
-1,1,1,-1,-1,-1,1,-1,-1,1,-1,1,1,-1,1,-1,1,1,-1,-1,0.008971140719950199
-1,1,1,-1,-1,-1,1,-1,-1,1,1,-1,-1,1,-1,-1,-1,-1,1,-1,0.00897201057523489
-1,1,1,-1,-1,-1,1,-1,-1,1,1,-1,-1,1,1,1,1,1,-1,1,0.0089718634262681
-1,1,1,-1,-1,-1,1,-1,-1,1,1,-1,1,-1,-1,1,-1,1,1,-1,0.008971537463366985
-1,1,1,-1,-1,-1,1,-1,-1,1,1,-1,1,1,-1,1,-1,-1,-1,-1,0.008971785195171833
-1,1,1,-1,-1,-1,1,-1,-1,1,1,1,-1,-1,1,-1,1,1,-1,-1,0.008971508592367172
-1,1,1,-1,-1,-1,1,-1,-1,1,1,1,-1,-1,1,-1,1,1,1,1,0.008971712552011013
-1,1,1,-1,-1,-1,1,-1,-1,1,1,1,-1,1,-1,1,1,-1,1,-1,0.008971745148301125
-1,1,1,-1,-1,-1,1,-1,-1,1,1,1,-1,1,1,1,-1,-1,-1,-1,0.00897170603275299
-1,1,1,-1,-1,-1,1,-1,1,-1,-1,-1,-1,1,1,-1,1,1,1,1,0.008971733041107655
-1,1,1,-1,-1,-1,1,-1,1,-1,-1,-1,1,1,1,1,1,-1,1,1,0.00897121150046587
-1,1,1,-1,-1,-1,1,-1,1,-1,-1,1,1,-1,-1,-1,-1,1,-1,-1,0.008971912786364555
-1,1,1,-1,-1,-1,1,-1,1,-1,-1,1,1,-1,1,1,-1,1,1,-1,0.00897110253572464
-1,1,1,-1,-1,-1,1,-1,1,-1,1,-1,-1,1,1,-1,-1,-1,-1,1,0.00897214189171791
-1,1,1,-1,-1,-1,1,-1,1,-1,1,-1,1,1,-1,1,1,-1,-1,-1,0.008971542119979858
-1,1,1,-1,-1,-1,1,-1,1,-1,1,-1,1,1,-1,1,1,1,1,1,0.008971831761300564
-1,1,1,-1,-1,-1,1,-1,1,-1,1,1,-1,1,1,-1,1,-1,1,-1,0.008971349336206913
-1,1,1,-1,-1,-1,1,-1,1,-1,1,1,1,1,-1,-1,-1,1,-1,1,0.008972479961812496
-1,1,1,-1,-1,-1,1,-1,1,1,1,-1,-1,-1,-1,1,1,1,-1,-1,0.008971930481493473
-1,1,1,-1,-1,-1,1,-1,1,1,1,-1,-1,1,1,1,1,1,1,-1,0.008971340022981167
-1,1,1,-1,-1,-1,1,-1,1,1,1,1,-1,1,-1,1,1,1,1,1,0.008972344920039177
-1,1,1,-1,-1,-1,1,-1,1,1,1,1,1,-1,-1,-1,1,1,1,-1,0.00897156447172165
-1,1,1,-1,-1,-1,1,1,-1,-1,-1,-1,-1,-1,1,1,-1,1,-1,1,0.008972231298685074
-1,1,1,-1,-1,-1,1,1,-1,-1,-1,-1,-1,1,-1,1,-1,1,1,-1,0.008972235955297947
-1,1,1,-1,-1,-1,1,1,-1,-1,-1,-1,1,1,1,1,1,1,1,-1,0.008971136063337326
-1,1,1,-1,-1,-1,1,1,-1,-1,-1,1,-1,1,-1,-1,1,1,-1,1,0.008972786366939545
-1,1,1,-1,-1,-1,1,1,-1,-1,-1,1,1,-1,1,-1,-1,-1,-1,-1,0.00897157471626997
-1,1,1,-1,-1,-1,1,1,-1,-1,-1,1,1,1,-1,-1,-1,1,1,-1,0.008972079493105412
-1,1,1,-1,-1,-1,1,1,-1,-1,-1,1,1,1,-1,1,-1,1,-1,-1,0.008972193114459515
-1,1,1,-1,-1,-1,1,1,-1,-1,1,-1,-1,-1,-1,1,-1,-1,1,1,0.0089724687859416
-1,1,1,-1,-1,-1,1,1,-1,-1,1,-1,1,-1,-1,1,1,1,1,-1,0.008971545845270157
-1,1,1,-1,-1,-1,1,1,-1,-1,1,-1,1,-1,1,-1,-1,1,1,1,0.008971807546913624
-1,1,1,-1,-1,-1,1,1,-1,-1,1,1,1,1,-1,1,-1,-1,1,-1,0.0089719258248806
-1,1,1,-1,-1,-1,1,1,-1,1,-1,-1,-1,-1,1,1,1,1,-1,1,0.008972062729299068
-1,1,1,-1,-1,-1,1,1,-1,1,-1,1,1,-1,-1,-1,1,-1,1,-1,0.008971700444817543
-1,1,1,-1,-1,-1,1,1,-1,1,1,-1,-1,-1,-1,-1,-1,1,-1,1,0.008972948417067528
-1,1,1,-1,-1,-1,1,1,-1,1,1,1,-1,-1,-1,1,1,-1,1,1,0.008972386829555035
-1,1,1,-1,-1,-1,1,1,-1,1,1,1,1,-1,-1,1,1,-1,1,1,0.008972047828137875
-1,1,1,-1,-1,-1,1,1,1,-1,-1,-1,-1,-1,-1,1,1,-1,-1,1,0.008972493931651115
-1,1,1,-1,-1,-1,1,1,1,-1,-1,-1,-1,1,-1,-1,-1,1,-1,1,0.008973055519163609
-1,1,1,-1,-1,-1,1,1,1,-1,-1,-1,1,-1,-1,-1,1,1,1,-1,0.008971712552011013
-1,1,1,-1,-1,-1,1,1,1,-1,-1,1,-1,1,1,-1,-1,-1,-1,-1,0.008972137235105038
-1,1,1,-1,-1,-1,1,1,1,-1,-1,1,-1,1,1,-1,1,-1,1,1,0.00897208508104086
-1,1,1,-1,-1,-1,1,1,1,-1,1,1,1,1,-1,1,1,-1,1,-1,0.00897177029401064
-1,1,1,-1,-1,-1,1,1,1,1,-1,-1,1,-1,-1,-1,-1,-1,1,1,0.008972383104264736
-1,1,1,-1,-1,-1,1,1,1,1,-1,1,-1,-1,-1,1,-1,1,-1,1,0.008973008953034878
-1,1,1,-1,-1,-1,1,1,1,1,-1,1,-1,-1,1,1,1,1,-1,1,0.008972248993813992
-1,1,1,-1,-1,-1,1,1,1,1,-1,1,1,-1,-1,-1,-1,1,-1,-1,0.008972352370619774
-1,1,1,-1,-1,-1,1,1,1,1,1,-1,-1,1,1,-1,1,1,1,-1,0.008971787989139557
-1,1,1,-1,-1,-1,1,1,1,1,1,1,-1,-1,-1,1,1,1,-1,-1,0.008972369134426117
-1,1,1,-1,-1,-1,1,1,1,1,1,1,-1,1,-1,-1,1,-1,-1,1,0.00897291675209999
-1,1,1,-1,-1,-1,1,1,1,1,1,1,1,-1,1,1,1,1,-1,-1,0.008971525356173515
-1,1,1,-1,-1,-1,1,1,1,1,1,1,1,1,-1,1,1,1,-1,1,0.00897256750613451
-1,1,1,-1,-1,-1,1,1,1,1,1,1,1,1,1,1,1,1,1,-1,0.00897143967449665
-1,1,1,-1,-1,1,-1,-1,-1,-1,-1,1,-1,1,1,1,-1,1,-1,1,0.008971985429525375
-1,1,1,-1,-1,1,-1,-1,-1,-1,-1,1,1,-1,-1,1,1,-1,1,1,0.008971475064754486
-1,1,1,-1,-1,1,-1,-1,-1,-1,1,-1,-1,-1,-1,1,1,-1,1,1,0.008971757255494595
-1,1,1,-1,-1,1,-1,-1,-1,-1,1,-1,-1,1,1,-1,1,-1,-1,-1,0.008971269242465496
-1,1,1,-1,-1,1,-1,-1,-1,-1,1,-1,-1,1,1,1,-1,-1,-1,1,0.008971842005848885
-1,1,1,-1,-1,1,-1,-1,-1,-1,1,1,-1,-1,1,1,-1,-1,-1,1,0.0089718047529459
-1,1,1,-1,-1,1,-1,-1,-1,-1,1,1,1,1,1,1,-1,1,-1,1,0.008971676230430603
-1,1,1,-1,-1,1,-1,-1,-1,1,-1,-1,-1,1,1,1,-1,-1,1,1,0.008971690200269222
-1,1,1,-1,-1,1,-1,-1,-1,1,-1,-1,1,-1,-1,-1,-1,-1,1,-1,0.008971414528787136
-1,1,1,-1,-1,1,-1,-1,-1,1,-1,-1,1,-1,-1,1,-1,1,1,-1,0.008971404284238815
-1,1,1,-1,-1,1,-1,-1,-1,1,-1,-1,1,-1,1,-1,-1,-1,-1,1,0.008971533738076687
-1,1,1,-1,-1,1,-1,-1,-1,1,-1,1,-1,1,1,-1,-1,-1,1,-1,0.008971459232270718
-1,1,1,-1,-1,1,-1,-1,-1,1,1,-1,-1,-1,1,-1,-1,1,-1,1,0.0089719882234931
-1,1,1,-1,-1,1,-1,-1,-1,1,1,-1,-1,1,1,-1,1,-1,1,-1,0.008971146307885647
-1,1,1,-1,-1,1,-1,-1,-1,1,1,-1,-1,1,1,1,1,-1,-1,-1,0.008971260860562325
-1,1,1,-1,-1,1,-1,-1,-1,1,1,-1,1,1,-1,1,-1,1,1,-1,0.008971557021141052
-1,1,1,-1,-1,1,-1,-1,-1,1,1,-1,1,1,1,-1,1,1,1,-1,0.008970892988145351
-1,1,1,-1,-1,1,-1,-1,-1,1,1,1,1,1,-1,1,1,-1,1,-1,0.008971301838755608
-1,1,1,-1,-1,1,-1,-1,1,-1,-1,-1,1,-1,-1,-1,-1,1,1,1,0.008971926756203175
-1,1,1,-1,-1,1,-1,-1,1,-1,-1,-1,1,1,1,-1,-1,-1,1,1,0.008971460163593292
-1,1,1,-1,-1,1,-1,-1,1,-1,1,-1,-1,1,-1,-1,-1,-1,1,-1,0.008971919305622578
-1,1,1,-1,-1,1,-1,-1,1,-1,1,-1,1,-1,1,-1,1,1,-1,-1,0.008970992639660835
-1,1,1,-1,-1,1,-1,-1,1,-1,1,1,-1,-1,-1,-1,-1,1,1,1,0.008972381241619587
-1,1,1,-1,-1,1,-1,-1,1,1,-1,-1,-1,-1,1,1,-1,-1,-1,-1,0.008971462957561016
-1,1,1,-1,-1,1,-1,-1,1,1,-1,-1,-1,1,-1,-1,-1,-1,1,1,0.008972390554845333
-1,1,1,-1,-1,1,-1,-1,1,1,-1,-1,-1,1,-1,1,1,1,-1,-1,0.008971922099590302
-1,1,1,-1,-1,1,-1,-1,1,1,-1,-1,1,1,-1,1,1,1,-1,-1,0.008971583098173141
-1,1,1,-1,-1,1,-1,-1,1,1,-1,1,-1,-1,-1,-1,-1,1,-1,-1,0.008972235955297947
-1,1,1,-1,-1,1,-1,-1,1,1,-1,1,-1,1,-1,1,1,1,-1,1,0.00897242221981287
-1,1,1,-1,-1,1,-1,-1,1,1,-1,1,1,-1,1,1,-1,1,1,1,0.008971499279141426
-1,1,1,-1,-1,1,-1,-1,1,1,1,-1,-1,-1,-1,1,1,1,1,1,0.008972030133008957
-1,1,1,-1,-1,1,-1,-1,1,1,1,-1,-1,-1,1,1,-1,1,1,-1,0.008971367962658405
-1,1,1,-1,-1,1,-1,-1,1,1,1,-1,1,-1,-1,1,-1,-1,1,-1,0.008971447125077248
-1,1,1,-1,-1,1,-1,-1,1,1,1,1,1,1,-1,-1,1,1,1,-1,0.008971584029495716
-1,1,1,-1,-1,1,-1,-1,1,1,1,1,1,1,1,1,-1,1,-1,-1,0.008971449919044971
-1,1,1,-1,-1,1,-1,1,-1,-1,-1,-1,1,1,1,-1,1,1,1,-1,0.008971128612756729
-1,1,1,-1,-1,1,-1,1,-1,-1,-1,1,-1,1,-1,-1,-1,1,1,-1,0.008972314186394215
-1,1,1,-1,-1,1,-1,1,-1,-1,-1,1,1,1,-1,-1,1,-1,1,1,0.0089720468968153
-1,1,1,-1,-1,1,-1,1,-1,-1,-1,1,1,1,-1,1,-1,-1,1,1,0.008972207084298134
-1,1,1,-1,-1,1,-1,1,-1,-1,-1,1,1,1,1,1,1,-1,-1,-1,0.008971243165433407
-1,1,1,-1,-1,1,-1,1,-1,-1,1,-1,1,-1,1,1,-1,1,1,1,0.008971607312560081
-1,1,1,-1,-1,1,-1,1,-1,-1,1,-1,1,-1,1,1,1,1,1,1,0.008971352130174637
-1,1,1,-1,-1,1,-1,1,-1,-1,1,-1,1,1,-1,-1,1,1,-1,-1,0.008971872739493847
-1,1,1,-1,-1,1,-1,1,-1,-1,1,1,-1,1,1,-1,-1,-1,-1,-1,0.008971963077783585
-1,1,1,-1,-1,1,-1,1,-1,-1,1,1,1,1,-1,1,-1,1,-1,-1,0.008972118608653545
-1,1,1,-1,-1,1,-1,1,-1,1,-1,-1,-1,-1,-1,-1,-1,1,-1,-1,0.008972401730716228
-1,1,1,-1,-1,1,-1,1,-1,1,-1,1,1,-1,1,-1,-1,1,1,1,0.008971847593784332
-1,1,1,-1,-1,1,-1,1,-1,1,-1,1,1,1,-1,-1,-1,-1,-1,-1,0.008972186595201492
-1,1,1,-1,-1,1,-1,1,-1,1,1,-1,-1,-1,-1,-1,-1,-1,-1,1,0.008972758427262306
-1,1,1,-1,-1,1,-1,1,-1,1,1,1,-1,-1,-1,-1,1,1,1,-1,0.008972051553428173
-1,1,1,-1,-1,1,-1,1,-1,1,1,1,-1,-1,-1,1,1,1,-1,1,0.00897257961332798
-1,1,1,-1,-1,1,-1,1,-1,1,1,1,1,-1,-1,1,-1,-1,1,-1,0.008971786126494408
-1,1,1,-1,-1,1,-1,1,1,-1,-1,-1,-1,-1,-1,-1,-1,1,1,1,0.00897261779755354
-1,1,1,-1,-1,1,-1,1,1,-1,-1,-1,1,1,-1,-1,1,1,-1,1,0.008972357027232647
-1,1,1,-1,-1,1,-1,1,1,-1,-1,1,-1,1,-1,-1,-1,1,1,-1,0.008972414769232273
-1,1,1,-1,-1,1,-1,1,1,-1,1,-1,-1,-1,-1,1,1,-1,-1,-1,0.008972005918622017
-1,1,1,-1,-1,1,-1,1,1,-1,1,-1,-1,-1,1,1,1,-1,1,1,0.008971704170107841
-1,1,1,-1,-1,1,-1,1,1,-1,1,-1,-1,1,1,-1,-1,-1,-1,1,0.008972390554845333
-1,1,1,-1,-1,1,-1,1,1,-1,1,-1,1,1,-1,-1,-1,-1,-1,-1,0.008972142823040485
-1,1,1,-1,-1,1,-1,1,1,-1,1,-1,1,1,-1,-1,1,-1,1,-1,0.008971676230430603
-1,1,1,-1,-1,1,-1,1,1,-1,1,-1,1,1,1,-1,-1,1,1,-1,0.00897151418030262
-1,1,1,-1,-1,1,-1,1,1,-1,1,1,1,-1,-1,1,1,-1,-1,1,0.008972167037427425
-1,1,1,-1,-1,1,-1,1,1,-1,1,1,1,1,1,-1,-1,-1,1,-1,0.00897151418030262
-1,1,1,-1,-1,1,-1,1,1,1,-1,-1,-1,1,1,1,1,1,-1,1,0.008972182869911194
-1,1,1,-1,-1,1,-1,1,1,1,-1,-1,1,-1,1,-1,-1,-1,-1,-1,0.008971571922302246
-1,1,1,-1,-1,1,-1,1,1,1,-1,1,-1,1,-1,1,1,-1,1,1,0.008972477167844772
-1,1,1,-1,-1,1,-1,1,1,1,-1,1,1,1,1,1,1,-1,-1,1,0.008971843868494034
-1,1,1,-1,-1,1,-1,1,1,1,1,-1,1,-1,1,-1,1,1,1,1,0.00897163525223732
-1,1,1,-1,-1,1,-1,1,1,1,1,1,-1,1,-1,1,1,-1,-1,1,0.008972717449069023
-1,1,1,-1,-1,1,-1,1,1,1,1,1,-1,1,-1,1,1,-1,1,-1,0.00897209346294403
-1,1,1,-1,-1,1,-1,1,1,1,1,1,1,-1,-1,-1,1,-1,1,-1,0.008971726521849632
-1,1,1,-1,-1,1,-1,1,1,1,1,1,1,-1,1,1,-1,1,1,1,0.008971881121397018
-1,1,1,-1,-1,1,1,-1,-1,-1,-1,-1,-1,1,-1,-1,-1,1,1,1,0.008972304873168468
-1,1,1,-1,-1,1,1,-1,-1,-1,-1,-1,-1,1,1,-1,-1,1,-1,-1,0.008971596136689186
-1,1,1,-1,-1,1,1,-1,-1,-1,-1,-1,1,-1,1,-1,-1,1,-1,1,0.008971546776592731
-1,1,1,-1,-1,1,1,-1,-1,-1,-1,-1,1,-1,1,1,-1,-1,1,-1,0.008970741182565689
-1,1,1,-1,-1,1,1,-1,-1,-1,-1,1,-1,-1,-1,1,-1,-1,-1,1,0.008972294628620148
-1,1,1,-1,-1,1,1,-1,-1,-1,-1,1,-1,-1,-1,1,-1,-1,1,1,0.00897208508104086
-1,1,1,-1,-1,1,1,-1,-1,-1,-1,1,1,-1,1,1,1,1,-1,-1,0.008970867842435837
-1,1,1,-1,-1,1,1,-1,-1,-1,-1,1,1,1,1,1,1,1,1,1,0.008971195667982101
-1,1,1,-1,-1,1,1,-1,-1,-1,1,-1,-1,-1,-1,1,-1,1,1,-1,0.008971700444817543
-1,1,1,-1,-1,1,1,-1,-1,1,-1,-1,-1,1,1,1,-1,1,-1,1,0.008972001262009144
-1,1,1,-1,-1,1,1,-1,-1,1,-1,-1,1,1,-1,1,1,-1,-1,-1,0.008971411734819412
-1,1,1,-1,-1,1,1,-1,-1,1,-1,-1,1,1,1,-1,-1,-1,-1,-1,0.008971258997917175
-1,1,1,-1,-1,1,1,-1,-1,1,-1,1,1,-1,1,-1,1,-1,1,-1,0.008970755152404308
-1,1,1,-1,-1,1,1,-1,-1,1,-1,1,1,1,-1,1,1,-1,-1,1,0.00897191185504198
-1,1,1,-1,-1,1,1,-1,-1,1,-1,1,1,1,-1,1,1,-1,1,-1,0.008971287868916988
-1,1,1,-1,-1,1,1,-1,-1,1,-1,1,1,1,1,-1,1,1,-1,1,0.008971589617431164
-1,1,1,-1,-1,1,1,-1,-1,1,1,-1,-1,-1,-1,-1,1,-1,-1,1,0.00897216610610485
-1,1,1,-1,-1,1,1,-1,-1,1,1,-1,-1,-1,1,-1,-1,-1,1,1,0.008971706964075565
-1,1,1,-1,-1,1,1,-1,-1,1,1,-1,1,1,-1,1,-1,-1,1,1,0.00897189974784851
-1,1,1,-1,-1,1,1,-1,-1,1,1,1,-1,-1,-1,-1,1,1,-1,-1,0.008971924893558025
-1,1,1,-1,-1,1,1,-1,-1,1,1,1,-1,-1,1,-1,1,1,-1,1,0.008971833623945713
-1,1,1,-1,-1,1,1,-1,-1,1,1,1,-1,1,-1,1,-1,1,-1,-1,0.008972208015620708
-1,1,1,-1,-1,1,1,-1,-1,1,1,1,-1,1,1,-1,1,1,1,1,0.008971747942268848
-1,1,1,-1,-1,1,1,-1,-1,1,1,1,1,1,-1,-1,-1,-1,-1,-1,0.00897187925875187
-1,1,1,-1,-1,1,1,-1,1,-1,-1,1,-1,-1,-1,1,1,-1,-1,-1,0.008971725590527058
-1,1,1,-1,-1,1,1,-1,1,-1,-1,1,1,1,-1,-1,1,-1,1,1,0.008971810340881348
-1,1,1,-1,-1,1,1,-1,1,-1,1,-1,-1,-1,-1,1,-1,1,1,1,0.008972213603556156
-1,1,1,-1,-1,1,1,-1,1,-1,1,-1,-1,1,-1,1,1,-1,1,-1,0.008971582166850567
-1,1,1,-1,-1,1,1,-1,1,-1,1,-1,-1,1,1,-1,1,-1,1,-1,0.008971174247562885
-1,1,1,-1,-1,1,1,-1,1,-1,1,-1,-1,1,1,1,1,-1,-1,1,0.008971701376140118
-1,1,1,-1,-1,1,1,-1,1,-1,1,-1,1,-1,1,1,-1,1,-1,1,0.008971580304205418
-1,1,1,-1,-1,1,1,-1,1,-1,1,-1,1,1,1,-1,1,-1,-1,-1,0.008971044793725014
-1,1,1,-1,-1,1,1,-1,1,-1,1,1,1,1,-1,1,-1,-1,1,-1,0.00897158496081829
-1,1,1,-1,-1,1,1,-1,1,1,-1,-1,-1,1,1,1,-1,1,-1,-1,0.008971687406301498
-1,1,1,-1,-1,1,1,-1,1,1,-1,-1,1,1,-1,-1,1,-1,-1,1,0.00897202081978321
-1,1,1,-1,-1,1,1,-1,1,1,-1,1,-1,-1,-1,1,1,1,1,-1,0.008971689268946648
-1,1,1,-1,-1,1,1,-1,1,1,1,-1,-1,-1,1,-1,-1,1,1,1,0.008971892297267914
-1,1,1,-1,-1,1,1,-1,1,1,1,-1,1,1,1,-1,-1,-1,1,-1,0.008971177972853184
-1,1,1,-1,-1,1,1,-1,1,1,1,-1,1,1,1,-1,-1,1,1,1,0.008971677161753178
-1,1,1,-1,-1,1,1,-1,1,1,1,1,-1,-1,1,1,1,-1,1,-1,0.008971127681434155
-1,1,1,-1,-1,1,1,-1,1,1,1,1,1,-1,1,1,-1,1,1,-1,0.008971130475401878
-1,1,1,-1,-1,1,1,1,-1,-1,-1,-1,-1,-1,1,-1,-1,1,1,1,0.008972028270363808
-1,1,1,-1,-1,1,1,1,-1,-1,-1,-1,1,1,1,1,-1,-1,1,-1,0.008971217088401318
-1,1,1,-1,-1,1,1,1,-1,-1,-1,1,-1,-1,1,1,1,1,1,1,0.008971762843430042
-1,1,1,-1,-1,1,1,1,-1,-1,-1,1,1,-1,-1,-1,-1,1,1,-1,0.008971866220235825
-1,1,1,-1,-1,1,1,1,-1,-1,-1,1,1,-1,1,-1,-1,1,1,1,0.008971775881946087
-1,1,1,-1,-1,1,1,1,-1,-1,1,-1,-1,1,-1,-1,1,1,-1,1,0.008972641080617905
-1,1,1,-1,-1,1,1,1,-1,-1,1,-1,1,-1,1,-1,-1,-1,1,1,0.008971632458269596
-1,1,1,-1,-1,1,1,1,-1,-1,1,1,-1,-1,1,-1,-1,1,1,-1,0.00897173024713993
-1,1,1,-1,-1,1,1,1,-1,-1,1,1,-1,1,-1,1,1,-1,-1,-1,0.008972130715847015
-1,1,1,-1,-1,1,1,1,-1,-1,1,1,-1,1,1,-1,-1,1,1,-1,0.008971854113042355
-1,1,1,-1,-1,1,1,1,-1,-1,1,1,1,1,1,-1,-1,1,-1,1,0.008972139097750187
-1,1,1,-1,-1,1,1,1,-1,1,-1,-1,1,-1,-1,-1,1,-1,1,-1,0.008971525356173515
-1,1,1,-1,-1,1,1,1,-1,1,-1,1,-1,1,1,-1,1,1,1,1,0.008972070179879665
-1,1,1,-1,-1,1,1,1,-1,1,-1,1,1,1,-1,-1,-1,-1,1,-1,0.008971991017460823
-1,1,1,-1,-1,1,1,1,-1,1,1,-1,-1,-1,1,1,-1,-1,1,-1,0.00897154863923788
-1,1,1,-1,-1,1,1,1,-1,1,1,1,-1,1,-1,-1,-1,1,1,-1,0.00897244643419981
-1,1,1,-1,-1,1,1,1,-1,1,1,1,-1,1,1,-1,-1,1,1,-1,0.008971941657364368
-1,1,1,-1,-1,1,1,1,-1,1,1,1,-1,1,1,-1,-1,1,1,1,0.008972355164587498
-1,1,1,-1,-1,1,1,1,-1,1,1,1,1,-1,-1,-1,-1,1,1,1,0.008972397074103355
-1,1,1,-1,-1,1,1,1,-1,1,1,1,1,-1,1,1,-1,1,-1,-1,0.008971592411398888
-1,1,1,-1,-1,1,1,1,1,-1,-1,-1,-1,-1,-1,1,-1,1,-1,-1,0.008972332812845707
-1,1,1,-1,-1,1,1,1,1,-1,-1,-1,-1,1,1,1,1,-1,-1,1,0.00897202454507351
-1,1,1,-1,-1,1,1,1,1,-1,-1,1,1,-1,1,1,1,1,1,1,0.008971523493528366
-1,1,1,-1,-1,1,1,1,1,-1,-1,1,1,1,-1,-1,1,-1,-1,-1,0.008971958421170712
-1,1,1,-1,-1,1,1,1,1,-1,1,-1,-1,-1,-1,-1,-1,-1,-1,1,0.008972786366939545
-1,1,1,-1,-1,1,1,1,1,-1,1,-1,-1,1,1,1,-1,1,1,-1,0.008971771225333214
-1,1,1,-1,-1,1,1,1,1,-1,1,1,-1,-1,-1,1,-1,-1,1,1,0.00897256564348936
-1,1,1,-1,-1,1,1,1,1,-1,1,1,1,-1,1,-1,1,-1,1,1,0.0089715626090765
-1,1,1,-1,-1,1,1,1,1,1,-1,-1,1,1,-1,-1,1,1,-1,1,0.008972459472715855
-1,1,1,-1,-1,1,1,1,1,1,-1,-1,1,1,-1,1,-1,-1,-1,1,0.00897253304719925
-1,1,1,-1,-1,1,1,1,1,1,1,-1,-1,1,-1,1,-1,-1,-1,-1,0.008972487412393093
-1,1,1,-1,-1,1,1,1,1,1,1,1,1,1,1,1,1,-1,-1,-1,0.008971474133431911
-1,1,1,-1,-1,1,1,1,1,1,1,1,1,1,1,1,1,-1,1,-1,0.008971264585852623
-1,1,1,-1,1,-1,-1,-1,-1,-1,-1,-1,1,1,-1,-1,-1,1,-1,1,0.008971781469881535
-1,1,1,-1,1,-1,-1,-1,-1,-1,-1,1,-1,1,-1,1,1,1,-1,-1,0.0089714415371418
-1,1,1,-1,1,-1,-1,-1,-1,-1,-1,1,1,-1,1,-1,-1,-1,-1,-1,0.00897073931992054
-1,1,1,-1,1,-1,-1,-1,-1,-1,-1,1,1,-1,1,-1,1,1,-1,1,0.008970983326435089
-1,1,1,-1,1,-1,-1,-1,-1,-1,-1,1,1,1,1,-1,1,1,1,1,0.008970897644758224
-1,1,1,-1,1,-1,-1,-1,-1,-1,-1,1,1,1,1,1,1,-1,1,1,0.0089707151055336
-1,1,1,-1,1,-1,-1,-1,-1,-1,1,1,-1,1,1,1,-1,-1,1,-1,0.008970925584435463
-1,1,1,-1,1,-1,-1,-1,-1,-1,1,1,-1,1,1,1,-1,1,1,1,0.008971425704658031
-1,1,1,-1,1,-1,-1,-1,-1,-1,1,1,1,-1,-1,1,-1,1,-1,-1,0.008971263654530048
-1,1,1,-1,1,-1,-1,-1,-1,-1,1,1,1,1,-1,1,-1,-1,1,-1,0.00897109042853117
-1,1,1,-1,1,-1,-1,-1,-1,-1,1,1,1,1,-1,1,1,-1,1,-1,0.008970835246145725
-1,1,1,-1,1,-1,-1,-1,-1,-1,1,1,1,1,1,1,-1,-1,1,-1,0.008970586583018303
-1,1,1,-1,1,-1,-1,-1,-1,1,-1,-1,-1,1,-1,-1,-1,-1,1,1,0.00897191185504198
-1,1,1,-1,1,-1,-1,-1,-1,1,-1,-1,1,1,-1,1,-1,1,-1,-1,0.00897135864943266
-1,1,1,-1,1,-1,-1,-1,-1,1,-1,1,1,-1,-1,-1,-1,1,1,-1,0.008971206843852997
-1,1,1,-1,1,-1,-1,-1,-1,1,-1,1,1,-1,-1,1,1,-1,-1,-1,0.00897097960114479
-1,1,1,-1,1,-1,-1,-1,-1,1,-1,1,1,1,-1,1,1,1,-1,-1,0.008971189148724079
-1,1,1,-1,1,-1,-1,-1,-1,1,-1,1,1,1,1,-1,1,1,-1,1,0.008971194736659527
-1,1,1,-1,1,-1,-1,-1,-1,1,-1,1,1,1,1,1,-1,1,1,1,0.008971144445240498
-1,1,1,-1,1,-1,-1,-1,-1,1,1,-1,-1,1,-1,1,1,1,-1,1,0.008971885778009892
-1,1,1,-1,1,-1,-1,-1,-1,1,1,1,1,-1,-1,1,-1,1,-1,1,0.008971764706075191
-1,1,1,-1,1,-1,-1,-1,-1,1,1,1,1,-1,1,1,1,1,1,1,0.008970794267952442
-1,1,1,-1,1,-1,-1,-1,-1,1,1,1,1,1,-1,-1,-1,1,1,-1,0.008971360512077808
-1,1,1,-1,1,-1,-1,-1,-1,1,1,1,1,1,1,1,1,1,-1,1,0.008971127681434155
-1,1,1,-1,1,-1,-1,-1,1,-1,-1,-1,-1,-1,-1,-1,-1,-1,1,1,0.008971800096333027
-1,1,1,-1,1,-1,-1,-1,1,-1,-1,-1,-1,-1,-1,1,-1,-1,1,-1,0.008971289731562138
-1,1,1,-1,1,-1,-1,-1,1,-1,-1,-1,-1,1,-1,-1,-1,-1,1,1,0.00897192396223545
-1,1,1,-1,1,-1,-1,-1,1,-1,-1,-1,1,1,1,-1,-1,1,-1,1,0.008971376344561577
-1,1,1,-1,1,-1,-1,-1,1,-1,-1,1,-1,-1,1,1,-1,-1,-1,1,0.008971495553851128
-1,1,1,-1,1,-1,-1,-1,1,-1,-1,1,1,-1,-1,1,1,1,-1,1,0.00897149182856083
-1,1,1,-1,1,-1,-1,-1,1,-1,-1,1,1,1,1,-1,1,-1,-1,-1,0.008970707654953003
-1,1,1,-1,1,-1,-1,-1,1,-1,1,-1,-1,-1,-1,1,-1,1,1,-1,0.008971406146883965
-1,1,1,-1,1,-1,-1,-1,1,-1,1,-1,1,1,1,1,1,-1,1,-1,0.008970344439148903
-1,1,1,-1,1,-1,-1,-1,1,-1,1,-1,1,1,1,1,1,1,1,-1,0.008970430120825768
-1,1,1,-1,1,-1,-1,-1,1,-1,1,1,-1,1,-1,1,1,-1,-1,-1,0.008971484377980232
-1,1,1,-1,1,-1,-1,-1,1,-1,1,1,1,-1,-1,-1,-1,-1,-1,-1,0.008971373550593853
-1,1,1,-1,1,-1,-1,-1,1,1,-1,-1,-1,-1,-1,1,1,1,1,-1,0.008971207775175571
-1,1,1,-1,1,-1,-1,-1,1,1,-1,-1,1,-1,1,-1,1,-1,1,1,0.00897078774869442
-1,1,1,-1,1,-1,-1,-1,1,1,-1,-1,1,1,1,1,-1,1,1,1,0.008971157483756542
-1,1,1,-1,1,-1,-1,-1,1,1,1,-1,1,-1,1,1,-1,1,1,1,0.008971063420176506
-1,1,1,-1,1,-1,-1,-1,1,1,1,-1,1,-1,1,1,1,-1,-1,1,0.00897093117237091
-1,1,1,-1,1,-1,-1,-1,1,1,1,1,-1,-1,1,-1,1,1,-1,-1,0.008971125818789005
-1,1,1,-1,1,-1,-1,-1,1,1,1,1,1,-1,-1,-1,-1,1,-1,-1,0.008971546776592731
-1,1,1,-1,1,-1,-1,1,-1,-1,-1,-1,-1,-1,1,-1,-1,1,1,-1,0.008971219882369041
-1,1,1,-1,1,-1,-1,1,-1,-1,-1,-1,-1,-1,1,1,1,-1,-1,-1,0.008970992639660835
-1,1,1,-1,1,-1,-1,1,-1,-1,-1,-1,-1,1,1,-1,1,1,1,-1,0.00897108856588602
-1,1,1,-1,1,-1,-1,1,-1,-1,-1,-1,1,-1,-1,-1,1,-1,-1,1,0.008971667848527431
-1,1,1,-1,1,-1,-1,1,-1,-1,-1,1,-1,-1,1,-1,-1,1,-1,-1,0.008971516974270344
-1,1,1,-1,1,-1,-1,1,-1,-1,-1,1,-1,-1,1,1,-1,1,-1,1,0.008971834555268288
-1,1,1,-1,1,-1,-1,1,-1,-1,-1,1,1,-1,-1,-1,1,1,-1,1,0.008971840143203735
-1,1,1,-1,1,-1,-1,1,-1,-1,1,-1,-1,-1,-1,1,1,1,1,1,0.008971815928816795
-1,1,1,-1,1,-1,-1,1,-1,-1,1,-1,1,1,1,-1,1,-1,-1,-1,0.008970902301371098
-1,1,1,-1,1,-1,-1,1,-1,-1,1,1,-1,-1,-1,-1,-1,-1,1,1,0.00897216796875
-1,1,1,-1,1,-1,-1,1,-1,-1,1,1,1,-1,1,-1,-1,1,1,-1,0.008970996364951134
-1,1,1,-1,1,-1,-1,1,-1,1,-1,-1,-1,1,-1,-1,1,-1,1,1,0.008972007781267166
-1,1,1,-1,1,-1,-1,1,-1,1,-1,-1,1,-1,-1,-1,-1,1,-1,1,0.00897209718823433
-1,1,1,-1,1,-1,-1,1,-1,1,-1,-1,1,1,-1,-1,-1,1,-1,1,0.008972221054136753
-1,1,1,-1,1,-1,-1,1,-1,1,-1,-1,1,1,1,1,-1,1,1,1,0.008971409872174263
-1,1,1,-1,1,-1,-1,1,-1,1,-1,1,1,-1,-1,1,-1,1,1,1,0.008971876464784145
-1,1,1,-1,1,-1,-1,1,-1,1,-1,1,1,-1,1,-1,1,-1,1,-1,0.00897071324288845
-1,1,1,-1,1,-1,-1,1,-1,1,-1,1,1,1,1,1,-1,-1,-1,1,0.008971620351076126
-1,1,1,-1,1,-1,-1,1,-1,1,1,-1,-1,-1,1,1,1,1,-1,-1,0.008971195667982101
-1,1,1,-1,1,-1,-1,1,-1,1,1,1,-1,1,-1,1,-1,-1,1,1,0.008972283452749252
-1,1,1,-1,1,-1,-1,1,-1,1,1,1,1,-1,1,1,1,-1,1,-1,0.008970646187663078
-1,1,1,-1,1,-1,-1,1,-1,1,1,1,1,1,1,1,1,1,-1,1,0.00897147972136736
-1,1,1,-1,1,-1,-1,1,-1,1,1,1,1,1,1,1,1,1,1,-1,0.008970856666564941
-1,1,1,-1,1,-1,-1,1,1,-1,-1,-1,-1,-1,1,1,1,-1,1,-1,0.008970881812274456
-1,1,1,-1,1,-1,-1,1,1,-1,-1,-1,1,-1,-1,1,1,1,-1,1,0.008971757255494595
-1,1,1,-1,1,-1,-1,1,1,-1,-1,1,1,1,-1,-1,1,1,1,1,0.008971854113042355
-1,1,1,-1,1,-1,-1,1,1,-1,-1,1,1,1,1,-1,-1,-1,-1,-1,0.008971315808594227
-1,1,1,-1,1,-1,-1,1,1,-1,1,-1,-1,1,1,-1,1,1,1,-1,0.008971218019723892
-1,1,1,-1,1,-1,-1,1,1,-1,1,1,1,-1,-1,-1,1,-1,1,1,0.00897167343646288
-1,1,1,-1,1,-1,-1,1,1,-1,1,1,1,-1,-1,-1,1,1,-1,-1,0.008971556089818478
-1,1,1,-1,1,-1,-1,1,1,1,-1,-1,1,-1,-1,-1,1,1,1,1,0.008971731178462505
-1,1,1,-1,1,-1,-1,1,1,1,-1,-1,1,-1,1,-1,-1,-1,1,1,0.008971395902335644
-1,1,1,-1,1,-1,-1,1,1,1,-1,-1,1,-1,1,-1,1,-1,1,-1,0.008970726281404495
-1,1,1,-1,1,-1,-1,1,1,1,-1,1,-1,-1,-1,-1,1,-1,-1,1,0.008972280658781528
-1,1,1,-1,1,-1,-1,1,1,1,-1,1,1,-1,-1,-1,1,-1,-1,-1,0.00897152815014124
-1,1,1,-1,1,-1,-1,1,1,1,-1,1,1,-1,1,-1,1,1,-1,1,0.008971523493528366
-1,1,1,-1,1,-1,-1,1,1,1,1,-1,-1,-1,1,1,-1,-1,1,1,0.008971667848527431
-1,1,1,-1,1,-1,-1,1,1,1,1,-1,-1,1,-1,-1,-1,1,-1,-1,0.008972276002168655
-1,1,1,-1,1,-1,-1,1,1,1,1,1,-1,-1,1,-1,1,1,1,1,0.008971680887043476
-1,1,1,-1,1,-1,-1,1,1,1,1,1,1,1,-1,-1,-1,1,1,1,0.0089722266420722
-1,1,1,-1,1,-1,1,-1,-1,-1,-1,-1,1,-1,-1,-1,1,-1,1,1,0.008971120230853558
-1,1,1,-1,1,-1,1,-1,-1,-1,-1,-1,1,1,1,1,1,1,-1,-1,0.008970526047050953
-1,1,1,-1,1,-1,1,-1,-1,-1,-1,1,-1,-1,-1,-1,-1,1,-1,1,0.008972098119556904
-1,1,1,-1,1,-1,1,-1,-1,-1,-1,1,1,1,-1,-1,-1,1,1,-1,0.008971258997917175
-1,1,1,-1,1,-1,1,-1,-1,-1,1,1,-1,-1,-1,-1,-1,1,1,-1,0.008971503004431725
-1,1,1,-1,1,-1,1,-1,-1,-1,1,1,-1,-1,-1,1,1,-1,-1,1,0.008971689268946648
-1,1,1,-1,1,-1,1,-1,-1,-1,1,1,-1,-1,1,1,-1,1,1,-1,0.008970902301371098
-1,1,1,-1,1,-1,1,-1,-1,-1,1,1,-1,1,-1,1,-1,-1,1,-1,0.008971444331109524
-1,1,1,-1,1,-1,1,-1,-1,-1,1,1,1,1,1,1,1,-1,1,1,0.008970758877694607
-1,1,1,-1,1,-1,1,-1,-1,1,-1,-1,-1,-1,1,-1,-1,-1,-1,-1,0.008971094153821468
-1,1,1,-1,1,-1,1,-1,-1,1,-1,-1,-1,-1,1,-1,-1,1,-1,1,0.008971594274044037
-1,1,1,-1,1,-1,1,-1,-1,1,-1,-1,-1,1,-1,-1,1,1,1,1,0.00897175632417202
-1,1,1,-1,1,-1,1,-1,-1,1,-1,-1,-1,1,1,-1,1,-1,-1,-1,0.008970962837338448
-1,1,1,-1,1,-1,1,-1,-1,1,-1,1,-1,-1,1,-1,-1,-1,-1,1,0.008971594274044037
-1,1,1,-1,1,-1,1,-1,-1,1,-1,1,1,-1,-1,-1,-1,1,1,1,0.008971636183559895
-1,1,1,-1,1,-1,1,-1,-1,1,1,-1,-1,-1,1,1,-1,-1,-1,1,0.008971440605819225
-1,1,1,-1,1,-1,1,-1,-1,1,1,-1,-1,1,-1,-1,-1,1,1,-1,0.008971627801656723
-1,1,1,-1,1,-1,1,-1,-1,1,1,-1,1,1,1,-1,1,-1,-1,1,0.00897106621414423
-1,1,1,-1,1,-1,1,-1,-1,1,1,1,1,-1,1,-1,-1,-1,1,1,0.008971074596047401
-1,1,1,-1,1,-1,1,-1,1,-1,-1,-1,1,-1,-1,1,1,1,1,1,0.00897120963782072
-1,1,1,-1,1,-1,1,-1,1,-1,-1,-1,1,1,1,-1,-1,-1,1,1,0.008971095085144043
-1,1,1,-1,1,-1,1,-1,1,-1,-1,-1,1,1,1,-1,1,1,1,-1,0.008970512077212334
-1,1,1,-1,1,-1,1,-1,1,-1,-1,1,-1,-1,1,1,1,1,1,-1,0.008970716968178749
-1,1,1,-1,1,-1,1,-1,1,-1,-1,1,-1,1,1,-1,1,1,1,-1,0.008970937691628933
-1,1,1,-1,1,-1,1,-1,1,-1,1,-1,-1,-1,-1,1,-1,1,1,-1,0.008971420116722584
-1,1,1,-1,1,-1,1,-1,1,-1,1,-1,-1,-1,1,1,1,-1,1,1,0.008970987983047962
-1,1,1,-1,1,-1,1,-1,1,-1,1,-1,1,-1,-1,1,-1,-1,-1,1,0.008971619419753551
-1,1,1,-1,1,-1,1,-1,1,-1,1,-1,1,1,-1,1,-1,1,-1,1,0.00897182896733284
-1,1,1,-1,1,-1,1,-1,1,-1,1,-1,1,1,1,-1,1,-1,-1,-1,0.008970665745437145
-1,1,1,-1,1,-1,1,-1,1,-1,1,1,1,-1,-1,1,1,1,1,-1,0.008970912545919418
-1,1,1,-1,1,-1,1,-1,1,-1,1,1,1,1,1,1,-1,-1,-1,-1,0.008970911614596844
-1,1,1,-1,1,-1,1,-1,1,1,-1,-1,-1,-1,1,1,-1,-1,1,-1,0.008970887400209904
-1,1,1,-1,1,-1,1,-1,1,1,-1,-1,1,1,-1,1,1,1,-1,1,0.008971631526947021
-1,1,1,-1,1,-1,1,-1,1,1,-1,1,1,-1,1,-1,-1,1,1,-1,0.008970817551016808
-1,1,1,-1,1,-1,1,-1,1,1,1,-1,-1,-1,1,-1,1,-1,1,-1,0.008970757946372032
-1,1,1,-1,1,-1,1,-1,1,1,1,-1,1,1,1,-1,1,1,-1,1,0.008971252478659153
-1,1,1,-1,1,-1,1,-1,1,1,1,1,-1,-1,-1,1,-1,-1,1,-1,0.008971507661044598
-1,1,1,-1,1,-1,1,-1,1,1,1,1,-1,-1,-1,1,-1,-1,1,1,0.008971922099590302
-1,1,1,-1,1,-1,1,-1,1,1,1,1,1,1,1,-1,1,-1,1,1,0.008971042931079865
-1,1,1,-1,1,-1,1,1,-1,-1,-1,-1,1,1,-1,-1,-1,1,1,-1,0.00897152442485094
-1,1,1,-1,1,-1,1,1,-1,-1,-1,-1,1,1,-1,1,-1,1,1,-1,0.008971428498625755
-1,1,1,-1,1,-1,1,1,-1,-1,-1,-1,1,1,1,-1,-1,1,-1,1,0.008971643634140491
-1,1,1,-1,1,-1,1,1,-1,-1,-1,1,-1,-1,-1,-1,1,1,1,-1,0.008971570059657097
-1,1,1,-1,1,-1,1,1,-1,-1,-1,1,1,1,-1,-1,1,1,1,1,0.00897176843136549
-1,1,1,-1,1,-1,1,1,-1,-1,1,-1,-1,-1,1,-1,1,-1,-1,1,0.008971546776592731
-1,1,1,-1,1,-1,1,1,-1,-1,1,-1,-1,1,-1,-1,-1,1,-1,1,0.00897251721471548
-1,1,1,-1,1,-1,1,1,-1,-1,1,-1,-1,1,1,-1,1,1,-1,1,0.00897175632417202
-1,1,1,-1,1,-1,1,1,-1,-1,1,-1,1,-1,-1,-1,-1,-1,1,-1,0.008971343748271465
-1,1,1,-1,1,-1,1,1,-1,-1,1,-1,1,-1,1,-1,1,1,-1,-1,0.008970879949629307
-1,1,1,-1,1,-1,1,1,-1,-1,1,1,-1,1,-1,-1,-1,-1,1,-1,0.008971893228590488
-1,1,1,-1,1,-1,1,1,-1,-1,1,1,-1,1,-1,1,-1,1,1,-1,0.008971882984042168
-1,1,1,-1,1,-1,1,1,-1,1,-1,-1,-1,-1,1,-1,1,-1,1,-1,0.008970980532467365
-1,1,1,-1,1,-1,1,1,-1,1,-1,-1,-1,1,1,1,1,1,-1,-1,0.008971304632723331
-1,1,1,-1,1,-1,1,1,-1,1,-1,1,-1,-1,-1,-1,1,-1,-1,-1,0.008971781469881535
-1,1,1,-1,1,-1,1,1,-1,1,-1,1,1,1,1,1,1,1,-1,1,0.00897146575152874
-1,1,1,-1,1,-1,1,1,-1,1,1,-1,-1,1,1,1,-1,-1,-1,1,0.008971917442977428
-1,1,1,-1,1,-1,1,1,-1,1,1,-1,1,-1,1,-1,1,-1,1,-1,0.008970670402050018
-1,1,1,-1,1,-1,1,1,-1,1,1,1,1,-1,-1,-1,1,-1,-1,-1,0.008971472270786762
-1,1,1,-1,1,-1,1,1,-1,1,1,1,1,1,-1,-1,1,-1,-1,1,0.008972009643912315
-1,1,1,-1,1,-1,1,1,1,-1,-1,-1,1,1,-1,1,-1,1,1,1,0.008971941657364368
-1,1,1,-1,1,-1,1,1,1,-1,-1,-1,1,1,1,1,1,-1,-1,-1,0.008970892056822777
-1,1,1,-1,1,-1,1,1,1,-1,-1,1,-1,1,1,1,-1,-1,-1,-1,0.00897157285362482
-1,1,1,-1,1,-1,1,1,1,-1,1,-1,-1,-1,1,1,1,1,-1,1,0.008971636183559895
-1,1,1,-1,1,-1,1,1,1,-1,1,-1,1,1,-1,1,-1,1,1,1,0.008971971459686756
-1,1,1,-1,1,-1,1,1,1,-1,1,-1,1,1,1,1,1,1,-1,1,0.008971421048045158
-1,1,1,-1,1,-1,1,1,1,-1,1,1,-1,-1,1,1,-1,1,1,1,0.00897176843136549
-1,1,1,-1,1,-1,1,1,1,1,-1,-1,1,-1,1,-1,1,-1,1,-1,0.008970741182565689
-1,1,1,-1,1,-1,1,1,1,1,-1,1,-1,1,-1,1,-1,1,-1,-1,0.00897225085645914
-1,1,1,-1,1,-1,1,1,1,1,-1,1,1,1,-1,-1,-1,1,1,-1,0.008971798233687878
-1,1,1,-1,1,-1,1,1,1,1,1,1,-1,-1,-1,-1,1,1,-1,-1,0.008971997536718845
-1,1,1,-1,1,-1,1,1,1,1,1,1,-1,-1,1,1,-1,1,1,1,0.008971855975687504
-1,1,1,-1,1,-1,1,1,1,1,1,1,-1,1,-1,-1,-1,1,1,1,0.008972580544650555
-1,1,1,-1,1,-1,1,1,1,1,1,1,-1,1,-1,1,1,-1,1,1,0.00897214189171791
-1,1,1,-1,1,-1,1,1,1,1,1,1,-1,1,1,-1,1,1,1,-1,0.008971406146883965
-1,1,1,-1,1,-1,1,1,1,1,1,1,1,1,1,-1,-1,-1,-1,1,0.008971860632300377
-1,1,1,-1,1,1,-1,-1,-1,-1,-1,-1,1,-1,1,1,-1,-1,-1,-1,0.008970468305051327
-1,1,1,-1,1,1,-1,-1,-1,-1,-1,1,-1,-1,1,1,1,-1,-1,1,0.008971051312983036
-1,1,1,-1,1,1,-1,-1,-1,-1,-1,1,-1,1,1,-1,1,1,-1,-1,0.008970944210886955
-1,1,1,-1,1,1,-1,-1,-1,-1,1,-1,-1,-1,-1,-1,-1,-1,-1,-1,0.008971436880528927
-1,1,1,-1,1,1,-1,-1,-1,-1,1,-1,-1,-1,1,-1,1,-1,-1,1,0.00897109042853117
-1,1,1,-1,1,1,-1,-1,-1,-1,1,-1,1,1,1,-1,1,-1,-1,-1,0.008970461785793304
-1,1,1,-1,1,1,-1,-1,-1,-1,1,1,-1,-1,-1,1,1,-1,1,-1,0.008970961906015873
-1,1,1,-1,1,1,-1,-1,-1,-1,1,1,1,1,-1,1,1,1,-1,-1,0.008971042931079865
-1,1,1,-1,1,1,-1,-1,-1,1,-1,-1,1,1,-1,-1,1,1,-1,-1,0.008971110917627811
-1,1,1,-1,1,1,-1,-1,-1,1,-1,-1,1,1,1,-1,1,-1,-1,1,0.008970933966338634
-1,1,1,-1,1,1,-1,-1,-1,1,-1,1,-1,-1,1,-1,-1,1,1,1,0.00897136703133583
-1,1,1,-1,1,1,-1,-1,-1,1,-1,1,1,1,-1,-1,1,1,-1,-1,0.008971196599304676
-1,1,1,-1,1,1,-1,-1,-1,1,-1,1,1,1,1,-1,1,1,1,1,0.008970895782113075
-1,1,1,-1,1,1,-1,-1,-1,1,1,-1,-1,-1,-1,1,-1,1,-1,1,0.008971928618848324
-1,1,1,-1,1,1,-1,-1,-1,1,1,-1,-1,-1,1,1,-1,-1,1,1,0.008971127681434155
-1,1,1,-1,1,1,-1,-1,-1,1,1,-1,-1,1,1,-1,-1,1,-1,-1,0.008971230126917362
-1,1,1,-1,1,1,-1,-1,-1,1,1,-1,-1,1,1,1,-1,-1,-1,1,0.008971461094915867
-1,1,1,-1,1,1,-1,-1,-1,1,1,-1,1,-1,-1,1,-1,-1,1,1,0.008971292525529861
-1,1,1,-1,1,1,-1,-1,-1,1,1,1,-1,1,1,-1,1,1,-1,-1,0.008971060626208782
-1,1,1,-1,1,1,-1,-1,-1,1,1,1,1,-1,-1,1,1,1,-1,-1,0.008971006609499454
-1,1,1,-1,1,1,-1,-1,-1,1,1,1,1,1,-1,-1,1,1,1,1,0.00897142942994833
-1,1,1,-1,1,1,-1,-1,1,-1,-1,-1,-1,-1,1,1,1,1,1,-1,0.008970526978373528
-1,1,1,-1,1,1,-1,-1,1,-1,-1,-1,-1,1,-1,1,1,1,1,-1,0.008971155621111393
-1,1,1,-1,1,1,-1,-1,1,-1,-1,-1,1,-1,1,1,1,-1,1,-1,0.008970102295279503
-1,1,1,-1,1,1,-1,-1,1,-1,-1,-1,1,1,-1,1,1,-1,1,1,0.008971144445240498
-1,1,1,-1,1,1,-1,-1,1,-1,-1,1,-1,1,1,-1,1,-1,-1,1,0.008971371687948704
-1,1,1,-1,1,1,-1,-1,1,-1,1,-1,-1,-1,1,1,-1,1,1,1,0.008971226401627064
-1,1,1,-1,1,1,-1,-1,1,-1,1,-1,-1,1,1,1,-1,1,-1,1,0.008971559815108776
-1,1,1,-1,1,1,-1,-1,1,-1,1,-1,1,1,-1,-1,1,-1,1,1,0.00897127017378807
-1,1,1,-1,1,1,-1,-1,1,-1,1,1,-1,-1,-1,-1,1,1,-1,1,0.008971868082880974
-1,1,1,-1,1,1,-1,-1,1,-1,1,1,-1,1,-1,-1,-1,1,-1,1,0.008972247131168842
-1,1,1,-1,1,1,-1,-1,1,1,-1,-1,-1,-1,-1,1,1,1,1,-1,0.008971119299530983
-1,1,1,-1,1,1,-1,-1,1,1,-1,-1,-1,1,1,1,1,1,-1,-1,0.008970948867499828
-1,1,1,-1,1,1,-1,-1,1,1,-1,-1,-1,1,1,1,1,1,1,-1,0.008970738388597965
-1,1,1,-1,1,1,-1,-1,1,1,1,1,1,1,-1,-1,1,1,-1,-1,0.008971326053142548
-1,1,1,-1,1,1,-1,1,-1,-1,-1,-1,-1,-1,-1,-1,1,1,-1,-1,0.008971590548753738
-1,1,1,-1,1,1,-1,1,-1,-1,-1,-1,-1,1,1,-1,1,-1,-1,-1,0.008971123956143856
-1,1,1,-1,1,1,-1,1,-1,-1,-1,-1,1,1,-1,-1,1,-1,-1,1,0.008971703238785267
-1,1,1,-1,1,1,-1,1,-1,-1,1,-1,-1,1,-1,-1,1,1,-1,-1,0.00897174421697855
-1,1,1,-1,1,1,-1,1,-1,-1,1,-1,1,1,1,-1,1,1,1,-1,0.008970689959824085
-1,1,1,-1,1,1,-1,1,-1,-1,1,1,-1,-1,-1,-1,-1,1,-1,-1,0.00897196214646101
-1,1,1,-1,1,1,-1,1,-1,-1,1,1,-1,1,1,-1,-1,1,-1,-1,0.008971581235527992
-1,1,1,-1,1,1,-1,1,-1,-1,1,1,-1,1,1,1,-1,1,-1,1,0.008971898816525936
-1,1,1,-1,1,1,-1,1,-1,-1,1,1,1,1,-1,-1,-1,-1,-1,1,0.008972073905169964
-1,1,1,-1,1,1,-1,1,-1,1,-1,-1,-1,-1,1,1,-1,-1,-1,1,0.008971660397946835
-1,1,1,-1,1,1,-1,1,-1,1,-1,-1,-1,1,1,-1,-1,-1,1,1,0.008971670642495155
-1,1,1,-1,1,1,-1,1,-1,1,-1,-1,-1,1,1,1,1,-1,-1,1,0.00897152815014124
-1,1,1,-1,1,1,-1,1,-1,1,-1,-1,1,-1,1,1,-1,1,-1,-1,0.00897099357098341
-1,1,1,-1,1,1,-1,1,-1,1,-1,1,1,-1,1,-1,-1,-1,-1,1,0.0089715039357543
-1,1,1,-1,1,1,-1,1,-1,1,1,-1,-1,-1,-1,1,-1,-1,1,1,0.008971983566880226
-1,1,1,-1,1,1,-1,1,-1,1,1,-1,-1,1,-1,-1,1,-1,-1,1,0.008972158655524254
-1,1,1,-1,1,1,-1,1,-1,1,1,-1,-1,1,-1,1,-1,-1,-1,-1,0.008971904404461384
-1,1,1,-1,1,1,-1,1,-1,1,1,1,-1,1,-1,-1,1,-1,1,-1,0.0089716212823987
-1,1,1,-1,1,1,-1,1,-1,1,1,1,1,1,-1,1,-1,-1,1,1,0.00897185504436493
-1,1,1,-1,1,1,-1,1,1,-1,-1,-1,1,1,1,-1,1,1,1,-1,0.008970760740339756
-1,1,1,-1,1,1,-1,1,1,-1,-1,1,-1,-1,-1,-1,1,-1,-1,-1,0.008971691131591797
-1,1,1,-1,1,1,-1,1,1,-1,-1,1,-1,1,-1,1,-1,1,-1,-1,0.008972059935331345
-1,1,1,-1,1,1,-1,1,1,-1,-1,1,-1,1,1,-1,1,-1,1,1,0.008971513248980045
-1,1,1,-1,1,1,-1,1,1,-1,-1,1,1,-1,1,-1,1,-1,-1,1,0.008971260860562325
-1,1,1,-1,1,1,-1,1,1,-1,1,-1,-1,-1,-1,1,-1,-1,1,1,0.00897199660539627
-1,1,1,-1,1,1,-1,1,1,-1,1,-1,-1,1,-1,-1,-1,-1,-1,1,0.008972426876425743
-1,1,1,-1,1,1,-1,1,1,-1,1,-1,-1,1,-1,-1,-1,1,1,-1,0.00897188950330019
-1,1,1,-1,1,1,-1,1,1,-1,1,-1,1,1,-1,1,1,-1,-1,1,0.008971735835075378
-1,1,1,-1,1,1,-1,1,1,-1,1,1,-1,1,-1,1,1,-1,-1,1,0.008972161449491978
-1,1,1,-1,1,1,-1,1,1,-1,1,1,-1,1,1,1,1,-1,-1,-1,0.008971243165433407
-1,1,1,-1,1,1,-1,1,1,-1,1,1,1,1,-1,-1,1,1,-1,-1,0.008971591480076313
-1,1,1,-1,1,1,-1,1,1,1,-1,-1,-1,-1,-1,-1,1,-1,-1,1,0.0089721055701375
-1,1,1,-1,1,1,-1,1,1,1,-1,-1,-1,-1,1,1,-1,1,-1,1,0.008971846662461758
-1,1,1,-1,1,1,-1,1,1,1,-1,-1,-1,1,-1,-1,-1,1,1,-1,0.008971947245299816
-1,1,1,-1,1,1,-1,1,1,1,-1,-1,1,1,1,1,-1,-1,1,1,0.00897133443504572
-1,1,1,-1,1,1,-1,1,1,1,-1,1,1,-1,1,-1,-1,1,1,-1,0.00897106621414423
-1,1,1,-1,1,1,-1,1,1,1,-1,1,1,-1,1,1,-1,1,1,1,0.008971383795142174
-1,1,1,-1,1,1,-1,1,1,1,1,-1,-1,1,-1,1,1,1,-1,1,0.008972248993813992
-1,1,1,-1,1,1,-1,1,1,1,1,1,-1,-1,-1,1,1,1,-1,-1,0.008971797302365303
-1,1,1,-1,1,1,-1,1,1,1,1,1,-1,1,1,-1,1,-1,1,1,0.008971630595624447
-1,1,1,-1,1,1,1,-1,-1,-1,-1,-1,-1,1,-1,-1,1,-1,1,1,0.008971494622528553
-1,1,1,-1,1,1,1,-1,-1,-1,-1,-1,1,1,-1,-1,1,1,1,-1,0.008970827795565128
-1,1,1,-1,1,1,1,-1,-1,-1,-1,1,-1,-1,1,-1,1,1,1,-1,0.008970624767243862
-1,1,1,-1,1,1,1,-1,-1,-1,1,-1,-1,-1,1,-1,1,-1,-1,-1,0.008970691822469234
-1,1,1,-1,1,1,1,-1,-1,-1,1,-1,1,-1,1,-1,1,1,1,1,0.00897064246237278
-1,1,1,-1,1,1,1,-1,-1,-1,1,1,-1,1,1,1,-1,1,1,1,0.008971351198852062
-1,1,1,-1,1,1,1,-1,-1,-1,1,1,1,-1,-1,1,1,-1,1,-1,0.008970636874437332
-1,1,1,-1,1,1,1,-1,-1,-1,1,1,1,1,-1,1,1,1,1,-1,0.008970847353339195
-1,1,1,-1,1,1,1,-1,-1,1,-1,-1,-1,1,1,-1,-1,1,1,1,0.00897141918540001
-1,1,1,-1,1,1,1,-1,-1,1,-1,1,-1,-1,-1,-1,1,-1,1,-1,0.008971130475401878
-1,1,1,-1,1,1,1,-1,-1,1,-1,1,1,-1,1,-1,1,-1,-1,1,0.008970910683274269
-1,1,1,-1,1,1,1,-1,-1,1,-1,1,1,-1,1,1,-1,-1,1,-1,0.008970445953309536
-1,1,1,-1,1,1,1,-1,-1,1,-1,1,1,1,1,-1,1,-1,1,1,0.008970825001597404
-1,1,1,-1,1,1,1,-1,-1,1,1,-1,-1,-1,-1,-1,1,1,1,1,0.008971573784947395
-1,1,1,-1,1,1,1,-1,-1,1,1,1,1,1,-1,-1,-1,1,-1,-1,0.008971496485173702
-1,1,1,-1,1,1,1,-1,-1,1,1,1,1,1,1,1,-1,-1,1,1,0.008971013128757477
-1,1,1,-1,1,1,1,-1,-1,1,1,1,1,1,1,1,-1,1,1,-1,0.008970686234533787
-1,1,1,-1,1,1,1,-1,1,-1,-1,-1,1,-1,-1,1,1,1,-1,-1,0.008970918133854866
-1,1,1,-1,1,1,1,-1,1,-1,-1,1,-1,1,-1,-1,-1,1,-1,1,0.008972233161330223
-1,1,1,-1,1,1,1,-1,1,-1,1,-1,-1,-1,-1,1,-1,1,1,-1,0.008971331641077995
-1,1,1,-1,1,1,1,-1,1,-1,1,-1,-1,-1,1,-1,1,-1,1,-1,0.00897058192640543
-1,1,1,-1,1,1,1,-1,1,-1,1,1,-1,-1,-1,-1,1,-1,-1,1,0.008971796371042728
-1,1,1,-1,1,1,1,-1,1,-1,1,1,-1,-1,1,-1,-1,-1,1,-1,0.008970923721790314
-1,1,1,-1,1,1,1,-1,1,-1,1,1,-1,-1,1,1,1,1,-1,-1,0.008970867842435837
-1,1,1,-1,1,1,1,-1,1,-1,1,1,1,-1,-1,1,-1,1,1,-1,0.008971079252660275
-1,1,1,-1,1,1,1,-1,1,-1,1,1,1,-1,1,-1,-1,-1,1,1,0.008970998227596283
-1,1,1,-1,1,1,1,-1,1,-1,1,1,1,1,-1,1,-1,1,-1,1,0.00897182710468769
-1,1,1,-1,1,1,1,-1,1,1,-1,-1,-1,-1,-1,1,1,-1,-1,1,0.00897167157381773
-1,1,1,-1,1,1,1,-1,1,1,-1,-1,-1,-1,1,1,1,-1,-1,1,0.008971167728304863
-1,1,1,-1,1,1,1,-1,1,1,-1,-1,-1,-1,1,1,1,1,1,-1,0.008970629423856735
-1,1,1,-1,1,1,1,-1,1,1,-1,-1,-1,1,1,1,1,1,-1,1,0.008971377275884151
-1,1,1,-1,1,1,1,-1,1,1,-1,1,-1,-1,1,-1,1,-1,1,1,0.008971139788627625
-1,1,1,-1,1,1,1,-1,1,1,-1,1,1,-1,-1,-1,1,1,1,-1,0.008970977738499641
-1,1,1,-1,1,1,1,-1,1,1,-1,1,1,-1,1,-1,1,-1,-1,1,0.008971010334789753
-1,1,1,-1,1,1,1,-1,1,1,1,-1,1,-1,1,-1,-1,-1,-1,-1,0.008970796130597591
-1,1,1,-1,1,1,1,-1,1,1,1,-1,1,1,-1,1,1,1,-1,1,0.008971571922302246
-1,1,1,-1,1,1,1,-1,1,1,1,1,1,-1,-1,-1,-1,1,-1,-1,0.008971473202109337
-1,1,1,-1,1,1,1,-1,1,1,1,1,1,1,-1,1,1,-1,-1,-1,0.008971158415079117
-1,1,1,-1,1,1,1,1,-1,-1,-1,-1,-1,1,-1,-1,-1,1,1,-1,0.008971774950623512
-1,1,1,-1,1,1,1,1,-1,-1,-1,-1,1,-1,1,1,1,-1,1,-1,0.008970368653535843
-1,1,1,-1,1,1,1,1,-1,-1,-1,-1,1,1,-1,-1,-1,-1,1,-1,0.008971349336206913
-1,1,1,-1,1,1,1,1,-1,-1,-1,1,-1,-1,1,-1,1,-1,1,-1,0.008970891125500202
-1,1,1,-1,1,1,1,1,-1,-1,-1,1,-1,1,1,-1,-1,-1,-1,1,0.008971894159913063
-1,1,1,-1,1,1,1,1,-1,-1,-1,1,1,1,-1,1,-1,-1,1,-1,0.008971340022981167
-1,1,1,-1,1,1,1,1,-1,-1,1,-1,-1,1,-1,-1,-1,1,1,-1,0.008971803821623325
-1,1,1,-1,1,1,1,1,-1,-1,1,-1,1,1,-1,-1,1,-1,-1,1,0.008971747010946274
-1,1,1,-1,1,1,1,1,-1,-1,1,1,-1,1,1,-1,1,1,-1,1,0.00897175446152687
-1,1,1,-1,1,1,1,1,-1,-1,1,1,1,1,-1,-1,1,-1,1,-1,0.00897120963782072
-1,1,1,-1,1,1,1,1,-1,1,-1,-1,-1,-1,-1,1,-1,-1,-1,1,0.00897218007594347
-1,1,1,-1,1,1,1,1,-1,1,-1,-1,1,1,-1,1,-1,1,1,-1,0.008971426635980606
-1,1,1,-1,1,1,1,1,-1,1,-1,1,1,-1,1,1,1,1,-1,-1,0.008970838971436024
-1,1,1,-1,1,1,1,1,-1,1,1,-1,1,1,1,1,-1,-1,1,-1,0.008970865048468113
-1,1,1,-1,1,1,1,1,-1,1,1,1,-1,1,-1,-1,-1,1,1,-1,0.008971977978944778
-1,1,1,-1,1,1,1,1,1,-1,-1,-1,-1,1,1,-1,1,1,-1,-1,0.008971325121819973
-1,1,1,-1,1,1,1,1,1,-1,-1,-1,1,-1,1,-1,-1,-1,-1,1,0.008971444331109524
-1,1,1,-1,1,1,1,1,1,-1,-1,-1,1,-1,1,-1,-1,1,-1,-1,0.008971117436885834
-1,1,1,-1,1,1,1,1,1,-1,-1,1,-1,-1,1,1,-1,-1,1,1,0.008971563540399075
-1,1,1,-1,1,1,1,1,1,-1,-1,1,-1,-1,1,1,-1,1,-1,-1,0.008971447125077248
-1,1,1,-1,1,1,1,1,1,-1,-1,1,-1,-1,1,1,-1,1,1,-1,0.008971236646175385
-1,1,1,-1,1,1,1,1,1,-1,-1,1,-1,1,1,-1,-1,-1,-1,-1,0.008971580304205418
-1,1,1,-1,1,1,1,1,1,-1,1,-1,-1,-1,-1,-1,-1,-1,-1,1,0.008972317911684513
-1,1,1,-1,1,1,1,1,1,-1,1,-1,-1,-1,1,1,-1,-1,1,-1,0.008971093222498894
-1,1,1,-1,1,1,1,1,1,-1,1,-1,-1,1,-1,1,-1,1,1,-1,0.008971807546913624
-1,1,1,-1,1,1,1,1,1,-1,1,-1,1,-1,-1,-1,1,-1,-1,1,0.008971722796559334
-1,1,1,-1,1,1,1,1,1,-1,1,-1,1,1,1,1,-1,1,1,1,0.008971378207206726
-1,1,1,-1,1,1,1,1,1,-1,1,-1,1,1,1,1,1,1,-1,-1,0.00897091906517744
-1,1,1,-1,1,1,1,1,1,-1,1,1,-1,-1,1,1,1,1,1,1,0.008971423842012882
-1,1,1,-1,1,1,1,1,1,1,-1,1,1,-1,1,-1,1,1,1,1,0.008971238508820534
-1,1,1,-1,1,1,1,1,1,1,1,-1,-1,-1,-1,-1,1,-1,1,1,0.008971938863396645
-1,1,1,-1,1,1,1,1,1,1,1,-1,-1,-1,1,1,-1,-1,-1,1,0.0089718047529459
-1,1,1,-1,1,1,1,1,1,1,1,-1,-1,1,-1,-1,1,-1,1,-1,0.00897164922207594
-1,1,1,-1,1,1,1,1,1,1,1,-1,-1,1,-1,-1,1,1,-1,-1,0.008971946313977242
-1,1,1,-1,1,1,1,1,1,1,1,-1,-1,1,1,-1,1,-1,1,-1,0.008971145376563072
-1,1,1,-1,1,1,1,1,1,1,1,-1,-1,1,1,1,1,-1,1,1,0.008971462026238441
-1,1,1,-1,1,1,1,1,1,1,1,-1,1,-1,-1,1,1,1,1,-1,0.008971176110208035
-1,1,1,-1,1,1,1,1,1,1,1,-1,1,1,1,1,1,-1,-1,-1,0.008970919996500015
-1,1,1,-1,1,1,1,1,1,1,1,1,-1,-1,1,-1,-1,1,1,-1,0.008971448987722397
-1,1,1,-1,1,1,1,1,1,1,1,1,1,-1,-1,1,-1,-1,-1,1,0.008972056210041046
-1,1,1,-1,1,1,1,1,1,1,1,1,1,-1,1,1,-1,-1,1,-1,0.008970927447080612
-1,1,1,1,-1,-1,-1,-1,-1,-1,-1,-1,-1,1,1,1,-1,1,1,1,0.00897208135575056
-1,1,1,1,-1,-1,-1,-1,-1,-1,-1,1,-1,-1,-1,-1,-1,1,-1,1,0.008972854353487492
-1,1,1,1,-1,-1,-1,-1,-1,-1,-1,1,1,-1,-1,1,1,1,-1,1,0.008972163312137127
-1,1,1,1,-1,-1,-1,-1,-1,-1,1,-1,1,-1,-1,-1,1,-1,-1,-1,0.008971703238785267
-1,1,1,1,-1,-1,-1,-1,-1,-1,1,1,-1,-1,1,-1,1,1,-1,1,0.008972123265266418
-1,1,1,1,-1,-1,-1,-1,-1,1,-1,-1,-1,1,1,1,1,-1,-1,-1,0.00897162314504385
-1,1,1,1,-1,-1,-1,-1,-1,1,-1,-1,1,-1,1,1,-1,1,-1,-1,0.00897150207310915
-1,1,1,1,-1,-1,-1,-1,-1,1,-1,1,-1,-1,-1,-1,-1,1,1,1,0.008972731418907642
-1,1,1,1,-1,-1,-1,-1,-1,1,-1,1,1,1,1,-1,1,1,1,1,0.00897175632417202
-1,1,1,1,-1,-1,-1,-1,-1,1,-1,1,1,1,1,1,1,-1,1,1,0.008971573784947395
-1,1,1,1,-1,-1,-1,-1,-1,1,1,-1,1,-1,-1,-1,-1,1,-1,1,0.008972546085715294
-1,1,1,1,-1,-1,-1,-1,-1,1,1,-1,1,1,-1,-1,1,1,-1,-1,0.00897200033068657
-1,1,1,1,-1,-1,-1,-1,-1,1,1,1,-1,1,-1,1,-1,1,1,-1,0.008972374722361565
-1,1,1,1,-1,-1,-1,-1,-1,1,1,1,1,-1,1,1,1,-1,-1,-1,0.008971275761723518
-1,1,1,1,-1,-1,-1,-1,1,-1,-1,-1,-1,-1,-1,-1,-1,-1,-1,-1,0.008972368203103542
-1,1,1,1,-1,-1,-1,-1,1,-1,-1,-1,-1,1,-1,-1,-1,1,1,-1,0.008972368203103542
-1,1,1,1,-1,-1,-1,-1,1,-1,-1,-1,1,1,1,-1,-1,-1,-1,-1,0.008971648290753365
-1,1,1,1,-1,-1,-1,-1,1,-1,-1,1,-1,-1,-1,1,1,-1,-1,1,0.008972516283392906
-1,1,1,1,-1,-1,-1,-1,1,-1,-1,1,-1,-1,1,-1,-1,1,1,-1,0.008971826173365116
-1,1,1,1,-1,-1,-1,-1,1,-1,-1,1,-1,1,-1,1,1,-1,-1,-1,0.0089722266420722
-1,1,1,1,-1,-1,-1,-1,1,-1,-1,1,1,-1,-1,-1,-1,-1,-1,1,0.00897252932190895
-1,1,1,1,-1,-1,-1,-1,1,-1,-1,1,1,-1,1,-1,-1,-1,-1,-1,0.00897161103785038
-1,1,1,1,-1,-1,-1,-1,1,-1,1,-1,-1,-1,-1,1,-1,1,-1,-1,0.00897238776087761
-1,1,1,1,-1,-1,-1,-1,1,-1,1,-1,-1,-1,1,1,1,-1,1,-1,0.00897133070975542
-1,1,1,1,-1,-1,-1,-1,1,-1,1,-1,-1,1,1,-1,1,-1,1,1,0.008971964940428734
-1,1,1,1,-1,-1,-1,-1,1,-1,1,-1,-1,1,1,-1,1,1,-1,1,0.008972261101007462
-1,1,1,1,-1,-1,-1,-1,1,-1,1,-1,-1,1,1,-1,1,1,1,1,0.008972050622105598
-1,1,1,1,-1,-1,-1,-1,1,-1,1,-1,1,-1,1,-1,-1,-1,1,-1,0.008971343748271465
-1,1,1,1,-1,-1,-1,-1,1,-1,1,-1,1,1,-1,1,-1,-1,1,1,0.008972289972007275
-1,1,1,1,-1,-1,-1,-1,1,-1,1,1,-1,-1,-1,-1,1,1,1,-1,0.008972104638814926
-1,1,1,1,-1,-1,-1,-1,1,-1,1,1,-1,1,-1,1,-1,1,-1,1,0.008973011747002602
-1,1,1,1,-1,-1,-1,-1,1,-1,1,1,1,1,1,1,1,1,1,-1,0.008971288800239563
-1,1,1,1,-1,-1,-1,-1,1,1,-1,-1,-1,1,-1,1,-1,-1,-1,-1,0.008972483687102795
-1,1,1,1,-1,-1,-1,-1,1,1,-1,1,-1,-1,-1,1,1,-1,-1,1,0.00897260382771492
-1,1,1,1,-1,-1,-1,-1,1,1,-1,1,-1,-1,1,-1,1,1,1,1,0.00897207111120224
-1,1,1,1,-1,-1,-1,-1,1,1,-1,1,-1,1,-1,1,-1,1,1,1,0.008972859010100365
-1,1,1,1,-1,-1,-1,-1,1,1,-1,1,-1,1,1,-1,-1,1,1,-1,0.008972037583589554
-1,1,1,1,-1,-1,-1,-1,1,1,-1,1,1,-1,-1,1,1,1,-1,1,0.008972350507974625
-1,1,1,1,-1,-1,-1,-1,1,1,-1,1,1,1,-1,-1,-1,-1,-1,-1,0.00897232722491026
-1,1,1,1,-1,-1,-1,-1,1,1,-1,1,1,1,-1,1,1,-1,1,1,0.00897217821329832
-1,1,1,1,-1,-1,-1,-1,1,1,1,-1,-1,-1,-1,-1,1,-1,1,-1,0.008972018957138062
-1,1,1,1,-1,-1,-1,-1,1,1,1,-1,-1,1,-1,1,-1,-1,1,1,0.008972716517746449
-1,1,1,1,-1,-1,-1,-1,1,1,1,-1,1,1,1,-1,1,1,1,-1,0.008971385657787323
-1,1,1,1,-1,-1,-1,1,-1,-1,-1,-1,-1,-1,-1,1,1,-1,1,1,0.008972471579909325
-1,1,1,1,-1,-1,-1,1,-1,-1,-1,-1,-1,-1,1,-1,-1,1,1,-1,0.008971991948783398
-1,1,1,1,-1,-1,-1,1,-1,-1,-1,-1,-1,1,-1,1,-1,1,1,-1,0.008972523733973503
-1,1,1,1,-1,-1,-1,1,-1,-1,-1,1,-1,-1,1,-1,1,-1,-1,-1,0.008971946313977242
-1,1,1,1,-1,-1,-1,1,-1,-1,-1,1,-1,-1,1,-1,1,1,-1,1,0.00897244643419981
-1,1,1,1,-1,-1,-1,1,-1,-1,-1,1,-1,-1,1,1,-1,1,1,-1,0.008971981704235077
-1,1,1,1,-1,-1,-1,1,-1,-1,-1,1,-1,1,-1,1,1,1,1,1,0.008972768671810627
-1,1,1,1,-1,-1,-1,1,-1,-1,-1,1,1,1,1,-1,1,-1,-1,-1,0.008971731178462505
-1,1,1,1,-1,-1,-1,1,-1,-1,1,-1,-1,-1,-1,-1,-1,1,-1,1,0.008973149582743645
-1,1,1,1,-1,-1,-1,1,-1,-1,1,-1,-1,1,-1,1,1,-1,1,1,0.008972625248134136
-1,1,1,1,-1,-1,-1,1,-1,-1,1,-1,1,-1,1,1,1,-1,1,1,0.00897165760397911
-1,1,1,1,-1,-1,-1,1,-1,-1,1,1,-1,1,-1,-1,1,1,1,1,0.0089728944003582
-1,1,1,1,-1,-1,-1,1,-1,-1,1,1,1,1,-1,-1,-1,1,1,1,0.008972810581326485
-1,1,1,1,-1,-1,-1,1,-1,1,-1,1,1,-1,-1,1,1,1,-1,1,0.008972602896392345
-1,1,1,1,-1,-1,-1,1,-1,1,1,-1,-1,1,-1,-1,1,-1,1,1,0.008972808718681335
-1,1,1,1,-1,-1,-1,1,-1,1,1,-1,-1,1,-1,1,1,-1,1,-1,0.00897229928523302
-1,1,1,1,-1,-1,-1,1,-1,1,1,-1,1,1,1,1,1,-1,1,-1,0.00897145550698042
-1,1,1,1,-1,-1,-1,1,-1,1,1,1,-1,1,1,-1,-1,-1,1,-1,0.008972232230007648
-1,1,1,1,-1,-1,-1,1,-1,1,1,1,1,-1,-1,-1,1,-1,1,-1,0.008972018957138062
-1,1,1,1,-1,-1,-1,1,-1,1,1,1,1,-1,1,-1,-1,-1,-1,-1,0.008971979841589928
-1,1,1,1,-1,-1,-1,1,-1,1,1,1,1,-1,1,-1,1,-1,-1,1,0.008972138166427612
-1,1,1,1,-1,-1,-1,1,-1,1,1,1,1,1,-1,-1,-1,1,1,-1,0.00897248461842537
-1,1,1,1,-1,-1,-1,1,1,-1,-1,-1,-1,1,-1,1,-1,-1,-1,1,0.008973161689937115
-1,1,1,1,-1,-1,-1,1,1,-1,-1,-1,-1,1,1,-1,1,1,1,-1,0.00897196028381586
-1,1,1,1,-1,-1,-1,1,1,-1,-1,1,-1,-1,-1,-1,-1,-1,1,1,0.008973009884357452
-1,1,1,1,-1,-1,-1,1,1,-1,-1,1,-1,1,-1,-1,1,1,1,-1,0.008972550742328167
-1,1,1,1,-1,-1,-1,1,1,-1,-1,1,-1,1,-1,1,1,-1,-1,-1,0.008972578682005405
-1,1,1,1,-1,-1,-1,1,1,-1,-1,1,-1,1,1,-1,-1,-1,1,-1,0.00897221639752388
-1,1,1,1,-1,-1,-1,1,1,-1,1,-1,-1,1,1,1,1,1,-1,-1,0.008972103707492352
-1,1,1,1,-1,-1,-1,1,1,-1,1,-1,1,-1,-1,1,-1,1,1,1,0.00897260382771492
-1,1,1,1,-1,-1,-1,1,1,-1,1,-1,1,-1,-1,1,1,1,1,1,0.008972348645329475
-1,1,1,1,-1,-1,-1,1,1,-1,1,1,-1,-1,1,1,-1,-1,-1,-1,0.008972235023975372
-1,1,1,1,-1,-1,-1,1,1,-1,1,1,-1,1,-1,-1,1,1,-1,1,0.008973204530775547
-1,1,1,1,-1,-1,-1,1,1,-1,1,1,1,-1,1,1,1,1,1,1,0.008971930481493473
-1,1,1,1,-1,-1,-1,1,1,1,-1,-1,-1,1,-1,-1,1,1,1,1,0.008972966112196445
-1,1,1,1,-1,-1,-1,1,1,1,-1,-1,-1,1,1,-1,-1,1,-1,1,0.008972926996648312
-1,1,1,1,-1,-1,-1,1,1,1,-1,-1,1,-1,-1,1,1,1,1,-1,0.008971992880105972
-1,1,1,1,-1,-1,-1,1,1,1,-1,1,-1,-1,-1,-1,1,1,1,1,0.008972927927970886
-1,1,1,1,-1,-1,-1,1,1,1,-1,1,-1,-1,1,-1,1,-1,-1,-1,0.00897213350981474
-1,1,1,1,-1,-1,-1,1,1,1,-1,1,-1,1,-1,-1,-1,-1,-1,-1,0.008973018266260624
-1,1,1,1,-1,-1,-1,1,1,1,-1,1,-1,1,-1,1,-1,-1,-1,-1,0.008972922340035439
-1,1,1,1,-1,-1,-1,1,1,1,1,-1,-1,1,1,-1,-1,-1,1,1,0.008972659707069397
-1,1,1,1,-1,-1,-1,1,1,1,1,-1,-1,1,1,1,-1,1,-1,1,0.00897285994142294
-1,1,1,1,-1,-1,-1,1,1,1,1,-1,1,-1,-1,1,-1,-1,-1,-1,0.008972401730716228
-1,1,1,1,-1,-1,-1,1,1,1,1,1,-1,-1,1,1,1,-1,1,1,0.008972270414233208
-1,1,1,1,-1,-1,-1,1,1,1,1,1,1,-1,1,-1,1,-1,1,-1,0.008971613831818104
-1,1,1,1,-1,-1,1,-1,-1,-1,-1,-1,-1,-1,1,-1,-1,1,-1,-1,0.008971864357590675
-1,1,1,1,-1,-1,1,-1,-1,-1,-1,-1,1,1,-1,-1,1,-1,-1,1,0.008972225710749626
-1,1,1,1,-1,-1,1,-1,-1,-1,1,-1,-1,-1,-1,-1,1,-1,-1,-1,0.00897205714136362
-1,1,1,1,-1,-1,1,-1,-1,-1,1,-1,-1,-1,-1,1,1,1,-1,-1,0.0089720468968153
-1,1,1,1,-1,-1,1,-1,-1,-1,1,1,-1,-1,-1,1,1,-1,-1,1,0.00897246040403843
-1,1,1,1,-1,-1,1,-1,-1,-1,1,1,-1,1,1,1,-1,1,1,1,0.008972211740911007
-1,1,1,1,-1,-1,1,-1,-1,1,-1,-1,-1,-1,-1,-1,1,-1,-1,-1,0.008972114883363247
-1,1,1,1,-1,-1,1,-1,-1,1,-1,-1,-1,1,-1,-1,-1,-1,-1,1,0.00897290837019682
-1,1,1,1,-1,-1,1,-1,-1,1,-1,-1,1,1,-1,1,1,1,-1,-1,0.00897188950330019
-1,1,1,1,-1,-1,1,-1,-1,1,-1,1,-1,-1,1,-1,-1,-1,1,1,0.00897215586155653
-1,1,1,1,-1,-1,1,-1,-1,1,-1,1,-1,1,1,1,-1,1,1,-1,0.008971855975687504
-1,1,1,1,-1,-1,1,-1,-1,1,-1,1,1,-1,1,-1,-1,1,1,-1,0.008971489034593105
-1,1,1,1,-1,-1,1,-1,-1,1,1,-1,-1,1,1,1,1,1,-1,-1,0.008971753530204296
-1,1,1,1,-1,-1,1,-1,-1,1,1,-1,1,-1,-1,1,1,-1,-1,-1,0.008971708826720715
-1,1,1,1,-1,-1,1,-1,-1,1,1,-1,1,1,-1,1,1,-1,-1,1,0.008972246199846268
-1,1,1,1,-1,-1,1,-1,-1,1,1,1,-1,-1,1,-1,-1,-1,1,-1,0.008971771225333214
-1,1,1,1,-1,-1,1,-1,-1,1,1,1,-1,-1,1,1,1,-1,1,1,0.008971833623945713
-1,1,1,1,-1,-1,1,-1,-1,1,1,1,1,-1,1,-1,1,1,1,-1,0.008971262723207474
-1,1,1,1,-1,-1,1,-1,1,-1,-1,1,-1,-1,1,1,1,1,1,-1,0.008971489034593105
-1,1,1,1,-1,-1,1,-1,1,-1,-1,1,-1,1,1,1,-1,1,-1,1,0.00897249300032854
-1,1,1,1,-1,-1,1,-1,1,-1,-1,1,1,1,-1,1,1,1,-1,1,0.008972402662038803
-1,1,1,1,-1,-1,1,-1,1,-1,1,-1,-1,1,1,1,-1,1,1,-1,0.008971811272203922
-1,1,1,1,-1,-1,1,-1,1,-1,1,-1,1,1,-1,1,-1,-1,1,-1,0.008971890434622765
-1,1,1,1,-1,-1,1,-1,1,-1,1,1,-1,-1,-1,1,1,1,-1,-1,0.008972233161330223
-1,1,1,1,-1,-1,1,-1,1,-1,1,1,-1,-1,1,1,1,-1,1,1,0.008971845731139183
-1,1,1,1,-1,-1,1,-1,1,-1,1,1,-1,1,1,-1,1,-1,1,-1,0.008971652016043663
-1,1,1,1,-1,-1,1,-1,1,1,-1,-1,-1,-1,-1,-1,-1,1,-1,-1,0.008972556330263615
-1,1,1,1,-1,-1,1,-1,1,1,-1,-1,-1,-1,1,1,-1,-1,1,-1,0.00897165946662426
-1,1,1,1,-1,-1,1,-1,1,1,-1,-1,-1,1,1,1,1,-1,-1,1,0.008972151204943657
-1,1,1,1,-1,-1,1,-1,1,1,-1,-1,1,-1,1,1,1,1,-1,1,0.008971774950623512
-1,1,1,1,-1,-1,1,-1,1,1,-1,-1,1,1,1,1,-1,1,-1,-1,0.008971740491688251
-1,1,1,1,-1,-1,1,-1,1,1,-1,1,1,-1,-1,1,-1,-1,-1,-1,0.00897212140262127
-1,1,1,1,-1,-1,1,-1,1,1,-1,1,1,-1,-1,1,1,1,-1,-1,0.00897195190191269
-1,1,1,1,-1,-1,1,-1,1,1,-1,1,1,-1,1,1,-1,1,-1,-1,0.008971703238785267
-1,1,1,1,-1,-1,1,-1,1,1,-1,1,1,1,-1,1,-1,-1,1,1,0.008972449228167534
-1,1,1,1,-1,-1,1,-1,1,1,1,-1,-1,1,1,-1,1,-1,-1,1,0.00897227693349123
-1,1,1,1,-1,-1,1,-1,1,1,1,-1,1,-1,1,-1,-1,-1,-1,1,0.008972070179879665
-1,1,1,1,-1,-1,1,-1,1,1,1,-1,1,1,1,-1,-1,1,1,-1,0.008971655741333961
-1,1,1,1,-1,-1,1,-1,1,1,1,1,1,-1,1,1,-1,-1,-1,1,0.008972059935331345
-1,1,1,1,-1,-1,1,-1,1,1,1,1,1,1,1,1,1,1,1,1,0.008971803821623325
-1,1,1,1,-1,-1,1,1,-1,-1,-1,-1,-1,-1,1,-1,1,1,-1,1,0.008972374722361565
-1,1,1,1,-1,-1,1,1,-1,-1,-1,-1,1,1,1,-1,1,1,1,-1,0.008971535600721836
-1,1,1,1,-1,-1,1,1,-1,-1,-1,1,-1,-1,-1,1,-1,1,-1,1,0.008973125368356705
-1,1,1,1,-1,-1,1,1,-1,-1,-1,1,-1,1,-1,-1,-1,-1,1,1,0.008973048999905586
-1,1,1,1,-1,-1,1,1,-1,-1,-1,1,1,1,-1,1,-1,-1,1,-1,0.008972199633717537
-1,1,1,1,-1,-1,1,1,-1,-1,1,-1,1,-1,-1,-1,1,-1,1,1,0.008972273208200932
-1,1,1,1,-1,-1,1,1,-1,-1,1,-1,1,-1,1,1,1,-1,-1,1,0.008971882984042168
-1,1,1,1,-1,-1,1,1,-1,-1,1,-1,1,-1,1,1,1,1,-1,-1,0.008971555158495903
-1,1,1,1,-1,-1,1,1,-1,-1,1,-1,1,1,1,-1,-1,-1,1,-1,0.008971734903752804
-1,1,1,1,-1,-1,1,1,-1,-1,1,1,-1,1,-1,-1,-1,1,-1,-1,0.008972961455583572
-1,1,1,1,-1,-1,1,1,-1,-1,1,1,-1,1,1,-1,1,-1,1,1,0.008972317911684513
-1,1,1,1,-1,-1,1,1,-1,-1,1,1,1,1,1,-1,1,1,1,1,0.008972065523266792
-1,1,1,1,-1,-1,1,1,-1,1,-1,-1,-1,-1,1,1,-1,-1,1,-1,0.00897191185504198
-1,1,1,1,-1,-1,1,1,-1,1,-1,-1,-1,1,1,-1,1,1,-1,1,0.008972586132586002
-1,1,1,1,-1,-1,1,1,-1,1,-1,1,-1,1,1,1,-1,1,-1,-1,0.008972418494522572
-1,1,1,1,-1,-1,1,1,-1,1,1,-1,-1,-1,1,1,1,1,-1,1,0.008972395211458206
-1,1,1,1,-1,-1,1,1,-1,1,1,-1,1,-1,1,1,1,-1,-1,-1,0.008971556089818478
-1,1,1,1,-1,-1,1,1,-1,1,1,-1,1,1,1,-1,-1,-1,-1,1,0.008972445502877235
-1,1,1,1,-1,-1,1,1,-1,1,1,1,1,1,-1,1,1,-1,-1,-1,0.008972271345555782
-1,1,1,1,-1,-1,1,1,1,-1,-1,-1,-1,-1,1,1,-1,-1,1,-1,0.00897192396223545
-1,1,1,1,-1,-1,1,1,1,-1,-1,-1,-1,1,1,1,1,1,-1,1,0.008972502313554287
-1,1,1,1,-1,-1,1,1,1,-1,-1,1,-1,-1,-1,1,-1,-1,1,-1,0.008972515352070332
-1,1,1,1,-1,-1,1,1,1,-1,-1,1,-1,-1,1,1,-1,1,1,-1,0.00897209718823433
-1,1,1,1,-1,-1,1,1,1,-1,-1,1,1,-1,1,1,1,1,1,-1,0.00897150207310915
-1,1,1,1,-1,-1,1,1,1,-1,1,1,-1,-1,-1,1,1,-1,-1,1,0.008972913026809692
-1,1,1,1,-1,-1,1,1,1,-1,1,1,-1,1,1,1,-1,1,1,1,0.008972663432359695
-1,1,1,1,-1,-1,1,1,1,1,-1,-1,-1,-1,-1,-1,1,1,1,-1,0.008972442708909512
-1,1,1,1,-1,-1,1,1,1,1,-1,1,1,-1,-1,-1,-1,-1,1,-1,0.00897235982120037
-1,1,1,1,-1,-1,1,1,1,1,-1,1,1,-1,1,-1,1,1,1,-1,0.00897168554365635
-1,1,1,1,-1,-1,1,1,1,1,-1,1,1,-1,1,1,1,1,1,1,0.008972003124654293
-1,1,1,1,-1,-1,1,1,1,1,-1,1,1,1,-1,-1,1,1,1,1,0.008972727693617344
-1,1,1,1,-1,-1,1,1,1,1,-1,1,1,1,-1,1,1,-1,1,-1,0.00897213164716959
-1,1,1,1,-1,-1,1,1,1,1,1,-1,-1,1,1,-1,-1,1,-1,1,0.008972970768809319
-1,1,1,1,-1,-1,1,1,1,1,1,-1,1,1,-1,-1,-1,-1,1,1,0.008972840383648872
-1,1,1,1,-1,-1,1,1,1,1,1,-1,1,1,-1,-1,-1,1,-1,-1,0.00897272303700447
-1,1,1,1,-1,-1,1,1,1,1,1,-1,1,1,1,-1,-1,-1,-1,1,0.008972546085715294
-1,1,1,1,-1,-1,1,1,1,1,1,1,-1,-1,-1,-1,-1,1,-1,1,0.008973438292741776
-1,1,1,1,-1,-1,1,1,1,1,1,1,1,1,-1,1,1,-1,-1,1,0.008972784504294395
-1,1,1,1,-1,1,-1,-1,-1,-1,-1,-1,1,-1,1,-1,-1,1,-1,-1,0.008971421979367733
-1,1,1,1,-1,1,-1,-1,-1,-1,-1,-1,1,-1,1,1,1,1,1,-1,0.008970859460532665
-1,1,1,1,-1,1,-1,-1,-1,-1,-1,-1,1,1,1,1,1,-1,-1,-1,0.008971108123660088
-1,1,1,1,-1,1,-1,-1,-1,-1,-1,1,-1,1,1,-1,1,-1,-1,-1,0.008971629664301872
-1,1,1,1,-1,1,-1,-1,-1,-1,1,-1,1,-1,1,1,-1,1,1,-1,0.008971144445240498
-1,1,1,1,-1,1,-1,-1,-1,-1,1,-1,1,1,-1,-1,-1,1,-1,1,0.008972493931651115
-1,1,1,1,-1,1,-1,-1,-1,-1,1,1,-1,-1,1,1,-1,-1,-1,1,0.008972108364105225
-1,1,1,1,-1,1,-1,-1,-1,-1,1,1,-1,-1,1,1,1,1,-1,1,0.008971938863396645
-1,1,1,1,-1,1,-1,-1,-1,-1,1,1,1,-1,1,-1,-1,1,1,1,0.008971741423010826
-1,1,1,1,-1,1,-1,-1,-1,-1,1,1,1,-1,1,1,1,1,-1,1,0.008971599861979485
-1,1,1,1,-1,1,-1,-1,-1,1,-1,-1,-1,1,-1,-1,-1,-1,1,1,0.008972594514489174
-1,1,1,1,-1,1,-1,-1,-1,1,-1,-1,-1,1,1,-1,1,-1,1,-1,0.008971420116722584
-1,1,1,1,-1,1,-1,-1,-1,1,-1,-1,-1,1,1,1,-1,-1,1,1,0.008971993811428547
-1,1,1,1,-1,1,-1,-1,-1,1,-1,-1,1,1,1,-1,1,-1,-1,-1,0.008971291594207287
-1,1,1,1,-1,1,-1,-1,-1,1,1,-1,-1,-1,-1,1,1,-1,-1,1,0.008972357958555222
-1,1,1,1,-1,1,-1,-1,-1,1,1,-1,1,1,1,-1,-1,-1,-1,1,0.008971990086138248
-1,1,1,1,-1,1,-1,-1,-1,1,1,1,1,-1,-1,1,-1,1,-1,1,0.008972447365522385
-1,1,1,1,-1,1,-1,-1,-1,1,1,1,1,1,1,1,-1,-1,-1,1,0.008971980772912502
-1,1,1,1,-1,1,-1,-1,-1,1,1,1,1,1,1,1,1,1,1,-1,0.00897118728607893
-1,1,1,1,-1,1,-1,-1,1,-1,-1,-1,-1,-1,-1,-1,-1,-1,-1,1,0.008972693234682083
-1,1,1,1,-1,1,-1,-1,1,-1,-1,1,-1,-1,1,-1,-1,-1,1,-1,0.008971651084721088
-1,1,1,1,-1,1,-1,-1,1,-1,-1,1,1,-1,-1,1,1,-1,1,1,0.008971878327429295
-1,1,1,1,-1,1,-1,-1,1,-1,-1,1,1,1,-1,-1,-1,1,-1,1,0.00897265039384365
-1,1,1,1,-1,1,-1,-1,1,-1,1,-1,1,1,-1,-1,-1,-1,1,1,0.008972297422587872
-1,1,1,1,-1,1,-1,-1,1,-1,1,-1,1,1,-1,1,-1,1,1,-1,0.008971873670816422
-1,1,1,1,-1,1,-1,-1,1,-1,1,-1,1,1,-1,1,-1,1,1,1,0.00897228717803955
-1,1,1,1,-1,1,-1,-1,1,-1,1,1,-1,-1,-1,1,1,1,-1,1,0.00897254329174757
-1,1,1,1,-1,1,-1,-1,1,-1,1,1,-1,-1,1,-1,-1,1,1,-1,0.00897176656872034
-1,1,1,1,-1,1,-1,-1,1,1,-1,-1,-1,-1,-1,-1,1,1,1,-1,0.008971987292170525
-1,1,1,1,-1,1,-1,-1,1,1,-1,1,-1,-1,1,1,1,1,-1,1,0.008972096256911755
-1,1,1,1,-1,1,-1,-1,1,1,-1,1,1,-1,-1,-1,-1,1,-1,-1,0.008972200565040112
-1,1,1,1,-1,1,-1,-1,1,1,1,-1,1,-1,-1,1,1,-1,-1,-1,0.008971705101430416
-1,1,1,1,-1,1,-1,-1,1,1,1,1,-1,-1,1,-1,-1,1,1,1,0.008972267620265484
-1,1,1,1,-1,1,-1,-1,1,1,1,1,-1,-1,1,1,1,1,1,-1,0.00897150207310915
-1,1,1,1,-1,1,-1,-1,1,1,1,1,-1,1,1,-1,1,-1,-1,-1,0.008971846662461758
-1,1,1,1,-1,1,-1,-1,1,1,1,1,1,-1,-1,1,-1,-1,1,-1,0.008971837349236012
-1,1,1,1,-1,1,-1,1,-1,-1,-1,-1,-1,-1,-1,1,1,-1,1,-1,0.008971969597041607
-1,1,1,1,-1,1,-1,1,-1,-1,-1,-1,-1,1,1,-1,1,1,-1,-1,0.008971981704235077
-1,1,1,1,-1,1,-1,1,-1,-1,-1,-1,1,1,-1,-1,-1,1,-1,1,0.008972816169261932
-1,1,1,1,-1,1,-1,1,-1,-1,-1,-1,1,1,-1,1,-1,-1,-1,1,0.008972633630037308
-1,1,1,1,-1,1,-1,1,-1,-1,-1,1,-1,-1,-1,1,-1,1,1,-1,0.00897239800542593
-1,1,1,1,-1,1,-1,1,-1,-1,-1,1,-1,1,1,-1,-1,1,-1,1,0.00897273700684309
-1,1,1,1,-1,1,-1,1,-1,-1,-1,1,1,1,1,1,1,-1,-1,1,0.00897196028381586
-1,1,1,1,-1,1,-1,1,-1,-1,1,-1,1,-1,1,-1,-1,-1,1,1,0.008971921168267727
-1,1,1,1,-1,1,-1,1,-1,-1,1,-1,1,1,-1,-1,1,-1,-1,-1,0.008972089737653732
-1,1,1,1,-1,1,-1,1,-1,-1,1,1,-1,-1,1,-1,1,-1,1,-1,0.008971677161753178
-1,1,1,1,-1,1,-1,1,-1,-1,1,1,1,-1,1,1,-1,-1,1,1,0.008971910923719406
-1,1,1,1,-1,1,-1,1,-1,-1,1,1,1,1,1,1,1,1,1,1,0.00897186528891325
-1,1,1,1,-1,1,-1,1,-1,1,-1,-1,-1,-1,-1,-1,1,1,1,-1,0.008972239680588245
-1,1,1,1,-1,1,-1,1,-1,1,-1,-1,-1,-1,1,1,-1,1,-1,-1,0.008972104638814926
-1,1,1,1,-1,1,-1,1,-1,1,-1,-1,1,-1,-1,-1,-1,1,1,1,0.00897256936877966
-1,1,1,1,-1,1,-1,1,-1,1,-1,-1,1,-1,-1,1,1,-1,-1,1,0.008972341194748878
-1,1,1,1,-1,1,-1,1,-1,1,-1,-1,1,-1,1,1,1,-1,-1,1,0.008971837349236012
-1,1,1,1,-1,1,-1,1,-1,1,-1,-1,1,1,-1,1,-1,-1,1,-1,0.00897209718823433
-1,1,1,1,-1,1,-1,1,-1,1,1,-1,-1,-1,-1,1,1,1,1,-1,0.008972172625362873
-1,1,1,1,-1,1,-1,1,-1,1,1,-1,-1,1,1,1,-1,1,-1,-1,0.008972257375717163
-1,1,1,1,-1,1,-1,1,-1,1,1,-1,1,-1,1,-1,-1,-1,-1,-1,0.0089718047529459
-1,1,1,1,-1,1,-1,1,-1,1,1,-1,1,1,-1,1,-1,-1,-1,-1,0.008972336538136005
-1,1,1,1,-1,1,-1,1,-1,1,1,-1,1,1,-1,1,1,1,-1,1,0.00897258147597313
-1,1,1,1,-1,1,-1,1,-1,1,1,-1,1,1,1,-1,-1,-1,1,1,0.00897213164716959
-1,1,1,1,-1,1,-1,1,-1,1,1,1,-1,-1,1,-1,-1,-1,1,1,0.008972433395683765
-1,1,1,1,-1,1,-1,1,-1,1,1,1,1,-1,-1,1,-1,1,-1,1,0.00897279940545559
-1,1,1,1,-1,1,-1,1,-1,1,1,1,1,-1,1,1,-1,-1,1,-1,0.00897158496081829
-1,1,1,1,-1,1,-1,1,-1,1,1,1,1,-1,1,1,-1,1,-1,1,0.008972294628620148
-1,1,1,1,-1,1,-1,1,1,-1,-1,-1,-1,1,-1,-1,-1,-1,-1,-1,0.008972755633294582
-1,1,1,1,-1,1,-1,1,1,-1,-1,-1,1,-1,1,-1,1,-1,-1,-1,0.008971531875431538
-1,1,1,1,-1,1,-1,1,1,-1,-1,-1,1,1,1,-1,-1,-1,1,-1,0.008971701376140118
-1,1,1,1,-1,1,-1,1,1,-1,-1,1,-1,1,1,1,-1,1,-1,-1,0.00897232722491026
-1,1,1,1,-1,1,-1,1,1,-1,-1,1,1,-1,-1,-1,1,-1,1,1,0.008972326293587685
-1,1,1,1,-1,1,-1,1,1,-1,-1,1,1,1,-1,1,-1,1,-1,1,0.00897290650755167
-1,1,1,1,-1,1,-1,1,1,-1,-1,1,1,1,1,-1,1,-1,-1,-1,0.0089717423543334
-1,1,1,1,-1,1,-1,1,1,-1,1,-1,-1,-1,1,1,-1,-1,-1,-1,0.008972059935331345
-1,1,1,1,-1,1,-1,1,1,-1,1,-1,1,-1,1,1,1,1,-1,-1,0.008971551433205605
-1,1,1,1,-1,1,-1,1,1,-1,1,1,1,1,1,1,-1,1,-1,-1,0.008972018025815487
-1,1,1,1,-1,1,-1,1,1,-1,1,1,1,1,1,1,1,-1,-1,1,0.008972089737653732
-1,1,1,1,-1,1,-1,1,1,1,-1,-1,1,-1,-1,-1,1,1,-1,-1,0.008972210809588432
-1,1,1,1,-1,1,-1,1,1,1,-1,1,-1,-1,1,1,-1,1,1,1,0.008972493931651115
-1,1,1,1,-1,1,-1,1,1,1,-1,1,-1,1,-1,-1,-1,-1,1,-1,0.008972719311714172
-1,1,1,1,-1,1,-1,1,1,1,-1,1,-1,1,-1,1,1,-1,-1,-1,0.00897257775068283
-1,1,1,1,-1,1,-1,1,1,1,-1,1,1,1,-1,1,-1,-1,-1,1,0.008972907438874245
-1,1,1,1,-1,1,-1,1,1,1,1,-1,-1,-1,-1,1,1,-1,1,-1,0.008972186595201492
-1,1,1,1,-1,1,-1,1,1,1,1,-1,1,-1,1,1,-1,1,-1,1,0.008972308598458767
-1,1,1,1,-1,1,-1,1,1,1,1,-1,1,1,1,-1,1,-1,1,-1,0.0089715626090765
-1,1,1,1,-1,1,-1,1,1,1,1,1,-1,-1,-1,-1,-1,-1,-1,1,0.008973248302936554
-1,1,1,1,-1,1,-1,1,1,1,1,1,1,1,1,1,1,1,1,-1,0.008971638977527618
-1,1,1,1,-1,1,1,-1,-1,-1,-1,-1,1,1,1,-1,-1,-1,-1,1,0.008971888571977615
-1,1,1,1,-1,1,1,-1,-1,-1,-1,-1,1,1,1,1,-1,1,1,1,0.008971667848527431
-1,1,1,1,-1,1,1,-1,-1,-1,-1,1,-1,-1,-1,1,1,-1,-1,-1,0.008971928618848324
-1,1,1,1,-1,1,1,-1,-1,-1,-1,1,-1,1,1,-1,1,1,-1,-1,0.008971731178462505
-1,1,1,1,-1,1,1,-1,-1,-1,1,-1,1,-1,-1,1,-1,-1,1,-1,0.008971578441560268
-1,1,1,1,-1,1,1,-1,-1,-1,1,1,-1,1,-1,1,-1,-1,1,1,0.00897254142910242
-1,1,1,1,-1,1,1,-1,-1,1,-1,-1,-1,-1,-1,-1,-1,1,1,-1,0.00897215772420168
-1,1,1,1,-1,1,1,-1,-1,1,-1,-1,-1,-1,1,-1,-1,1,-1,-1,0.0089718634262681
-1,1,1,1,-1,1,1,-1,-1,1,-1,-1,1,-1,-1,1,1,1,-1,1,0.008972090668976307
-1,1,1,1,-1,1,1,-1,-1,1,-1,-1,1,1,-1,-1,-1,-1,-1,1,0.008972479961812496
-1,1,1,1,-1,1,1,-1,-1,1,-1,1,-1,-1,-1,-1,-1,-1,-1,-1,0.008972368203103542
-1,1,1,1,-1,1,1,-1,-1,1,-1,1,-1,1,-1,-1,1,-1,1,-1,0.008972026407718658
-1,1,1,1,-1,1,1,-1,-1,1,-1,1,-1,1,-1,1,-1,1,-1,1,0.008972895331680775
-1,1,1,1,-1,1,1,-1,-1,1,1,-1,-1,1,-1,-1,1,1,1,1,0.0089724687859416
-1,1,1,1,-1,1,1,-1,-1,1,1,-1,-1,1,-1,1,-1,-1,-1,1,0.008972752839326859
-1,1,1,1,-1,1,1,-1,-1,1,1,1,-1,-1,1,1,1,1,1,-1,0.00897141732275486
-1,1,1,1,-1,1,1,-1,1,-1,-1,-1,-1,1,-1,1,1,-1,1,-1,0.008971855975687504
-1,1,1,1,-1,1,1,-1,1,-1,-1,-1,1,-1,1,-1,-1,-1,-1,-1,0.008971450850367546
-1,1,1,1,-1,1,1,-1,1,-1,-1,-1,1,-1,1,-1,1,-1,-1,-1,0.008971194736659527
-1,1,1,1,-1,1,1,-1,1,-1,-1,1,1,1,-1,-1,1,-1,1,-1,0.008971699513494968
-1,1,1,1,-1,1,1,-1,1,-1,1,-1,-1,-1,-1,1,1,1,-1,1,0.008972471579909325
-1,1,1,1,-1,1,1,-1,1,-1,1,-1,-1,-1,1,-1,1,-1,-1,1,0.008971977047622204
-1,1,1,1,-1,1,1,-1,1,-1,1,-1,-1,-1,1,1,-1,-1,-1,-1,0.008971722796559334
-1,1,1,1,-1,1,1,-1,1,-1,1,-1,-1,1,-1,-1,1,-1,-1,1,0.00897260569036007
-1,1,1,1,-1,1,1,-1,1,-1,1,-1,-1,1,1,-1,1,-1,-1,1,0.008972100913524628
-1,1,1,1,-1,1,1,-1,1,-1,1,-1,1,-1,-1,-1,-1,-1,1,-1,0.008971774019300938
-1,1,1,1,-1,1,1,-1,1,-1,1,-1,1,-1,1,-1,1,1,-1,1,0.008971723727881908
-1,1,1,1,-1,1,1,-1,1,-1,1,-1,1,1,1,1,1,-1,1,1,0.00897145550698042
-1,1,1,1,-1,1,1,-1,1,-1,1,1,-1,-1,-1,1,1,-1,-1,1,0.008972471579909325
-1,1,1,1,-1,1,1,-1,1,-1,1,1,1,-1,1,-1,1,-1,1,-1,0.00897110067307949
-1,1,1,1,-1,1,1,-1,1,-1,1,1,1,1,-1,-1,1,-1,-1,1,0.008972353301942348
-1,1,1,1,-1,1,1,-1,1,1,-1,-1,1,1,-1,-1,1,-1,1,-1,0.008971700444817543
-1,1,1,1,-1,1,1,-1,1,1,-1,1,-1,1,1,-1,-1,1,1,1,0.008972377516329288
-1,1,1,1,-1,1,1,-1,1,1,1,-1,-1,-1,-1,-1,-1,1,-1,1,0.008972911164164543
-1,1,1,1,-1,1,1,-1,1,1,1,-1,-1,-1,1,-1,-1,1,1,1,0.008972195908427238
-1,1,1,1,-1,1,1,-1,1,1,1,-1,1,-1,1,-1,-1,1,-1,1,0.008972067385911942
-1,1,1,1,-1,1,1,-1,1,1,1,-1,1,1,1,-1,1,1,-1,1,0.008971935138106346
-1,1,1,1,-1,1,1,-1,1,1,1,-1,1,1,1,1,1,-1,-1,-1,0.008971339091658592
-1,1,1,1,-1,1,1,-1,1,1,1,1,-1,-1,-1,1,-1,1,1,-1,0.00897227693349123
-1,1,1,1,-1,1,1,-1,1,1,1,1,-1,-1,1,1,1,-1,-1,1,0.008972054347395897
-1,1,1,1,-1,1,1,-1,1,1,1,1,1,1,-1,-1,1,-1,1,-1,0.008971815928816795
-1,1,1,1,-1,1,1,1,-1,-1,-1,-1,-1,-1,-1,1,1,1,-1,-1,0.008972280658781528
-1,1,1,1,-1,1,1,1,-1,-1,-1,-1,-1,1,1,-1,1,1,1,-1,0.008971786126494408
-1,1,1,1,-1,1,1,1,-1,-1,-1,-1,1,1,1,1,-1,1,-1,-1,0.00897181686013937
-1,1,1,1,-1,1,1,1,-1,-1,-1,1,-1,-1,-1,1,-1,1,-1,1,0.008973036892712116
-1,1,1,1,-1,1,1,1,-1,-1,-1,1,-1,1,1,1,-1,-1,1,-1,0.008971945382654667
-1,1,1,1,-1,1,1,1,-1,-1,-1,1,1,-1,-1,-1,1,-1,-1,-1,0.008972038514912128
-1,1,1,1,-1,1,1,1,-1,-1,-1,1,1,-1,-1,1,-1,1,1,1,0.008972487412393093
-1,1,1,1,-1,1,1,1,-1,-1,1,-1,-1,-1,1,-1,-1,1,-1,-1,0.00897215772420168
-1,1,1,1,-1,1,1,1,-1,-1,1,-1,-1,-1,1,1,-1,-1,1,1,0.00897217821329832
-1,1,1,1,-1,1,1,1,-1,-1,1,-1,-1,-1,1,1,1,-1,1,-1,0.008971509523689747
-1,1,1,1,-1,1,1,1,-1,-1,1,1,1,-1,-1,-1,-1,1,-1,-1,0.008972409181296825
-1,1,1,1,-1,1,1,1,-1,1,-1,1,-1,-1,-1,-1,-1,-1,1,1,0.008972923271358013
-1,1,1,1,-1,1,1,1,-1,1,-1,1,-1,-1,-1,-1,-1,1,1,-1,0.008972596377134323
-1,1,1,1,-1,1,1,1,-1,1,-1,1,-1,1,1,1,-1,-1,-1,-1,0.008972243405878544
-1,1,1,1,-1,1,1,1,-1,1,1,-1,-1,-1,1,-1,1,1,1,-1,0.00897177867591381
-1,1,1,1,-1,1,1,1,-1,1,1,-1,-1,-1,1,1,1,-1,1,1,0.00897201057523489
-1,1,1,1,-1,1,1,1,-1,1,1,1,-1,-1,1,1,-1,-1,-1,-1,0.008972148410975933
-1,1,1,1,-1,1,1,1,-1,1,1,1,1,-1,-1,1,-1,-1,1,1,0.00897251721471548
-1,1,1,1,-1,1,1,1,1,-1,-1,-1,-1,-1,1,1,-1,1,-1,-1,0.00897213164716959
-1,1,1,1,-1,1,1,1,1,-1,-1,-1,-1,1,-1,-1,1,1,-1,1,0.008973014540970325
-1,1,1,1,-1,1,1,1,1,-1,-1,-1,1,-1,-1,-1,-1,1,1,-1,0.008972182869911194
-1,1,1,1,-1,1,1,1,1,-1,-1,-1,1,-1,-1,1,-1,1,-1,-1,0.008972297422587872
-1,1,1,1,-1,1,1,1,1,-1,-1,-1,1,1,-1,1,1,1,-1,1,0.00897257961332798
-1,1,1,1,-1,1,1,1,1,-1,-1,1,-1,1,-1,1,1,1,-1,1,0.00897300522774458
-1,1,1,1,-1,1,1,1,1,-1,-1,1,-1,1,1,1,1,1,1,-1,0.008971876464784145
-1,1,1,1,-1,1,1,1,1,-1,-1,1,1,-1,-1,1,1,1,-1,1,0.00897254142910242
-1,1,1,1,-1,1,1,1,1,-1,-1,1,1,1,-1,1,1,1,1,-1,0.008972042240202427
-1,1,1,1,-1,1,1,1,1,-1,1,-1,-1,1,-1,-1,1,1,1,1,0.00897283386439085
-1,1,1,1,-1,1,1,1,1,-1,1,-1,-1,1,-1,1,1,1,-1,1,0.008972947485744953
-1,1,1,1,-1,1,1,1,1,-1,1,-1,-1,1,1,-1,-1,-1,1,1,0.008972498588263988
-1,1,1,1,-1,1,1,1,1,-1,1,1,1,-1,1,1,1,-1,1,1,0.00897177029401064
-1,1,1,1,-1,1,1,1,1,-1,1,1,1,1,1,1,-1,1,-1,-1,0.008972031995654106
-1,1,1,1,-1,1,1,1,1,1,-1,-1,-1,-1,1,1,1,-1,1,-1,0.008971666917204857
-1,1,1,1,-1,1,1,1,1,1,-1,-1,-1,1,1,1,1,-1,-1,-1,0.008972001262009144
-1,1,1,1,-1,1,1,1,1,1,-1,1,-1,-1,1,-1,-1,1,1,1,0.00897260569036007
-1,1,1,1,-1,1,1,1,1,1,-1,1,-1,1,-1,1,1,-1,1,-1,0.008972382172942162
-1,1,1,1,-1,1,1,1,1,1,-1,1,1,-1,1,1,1,1,1,-1,0.008971500210464
-1,1,1,1,-1,1,1,1,1,1,1,-1,-1,-1,-1,1,-1,-1,1,-1,0.00897245667874813
-1,1,1,1,-1,1,1,1,1,1,1,-1,1,1,-1,1,-1,1,-1,1,0.008972951211035252
-1,1,1,1,-1,1,1,1,1,1,1,-1,1,1,1,-1,-1,-1,-1,1,0.00897245667874813
-1,1,1,1,-1,1,1,1,1,1,1,1,-1,-1,1,-1,1,-1,1,-1,0.00897187925875187
-1,1,1,1,-1,1,1,1,1,1,1,1,1,-1,1,-1,-1,-1,1,-1,0.008971795439720154
-1,1,1,1,-1,1,1,1,1,1,1,1,1,1,-1,1,-1,-1,1,-1,0.008972328156232834
-1,1,1,1,1,-1,-1,-1,-1,-1,-1,-1,1,-1,1,-1,-1,-1,1,-1,0.008970745839178562
-1,1,1,1,1,-1,-1,-1,-1,-1,-1,-1,1,-1,1,1,-1,1,1,1,0.008971150033175945
-1,1,1,1,1,-1,-1,-1,-1,-1,-1,-1,1,1,1,1,-1,1,1,1,0.00897127389907837
-1,1,1,1,1,-1,-1,-1,-1,-1,-1,1,-1,1,1,-1,1,1,1,1,0.00897154025733471
-1,1,1,1,1,-1,-1,-1,-1,-1,-1,1,-1,1,1,1,-1,1,-1,1,0.008971909061074257
-1,1,1,1,1,-1,-1,-1,-1,-1,-1,1,1,1,-1,-1,-1,-1,-1,1,0.00897208508104086
-1,1,1,1,1,-1,-1,-1,-1,-1,1,-1,-1,1,1,-1,1,1,1,-1,0.008971069008111954
-1,1,1,1,1,-1,-1,-1,-1,-1,1,-1,1,1,1,-1,-1,-1,-1,-1,0.008971109986305237
-1,1,1,1,1,-1,-1,-1,-1,-1,1,1,1,-1,-1,1,1,-1,1,-1,0.008971014991402626
-1,1,1,1,1,-1,-1,-1,-1,1,-1,-1,-1,-1,-1,1,1,-1,-1,1,0.008971949107944965
-1,1,1,1,1,-1,-1,-1,-1,1,-1,-1,1,-1,1,1,1,1,-1,-1,0.008970778435468674
-1,1,1,1,1,-1,-1,-1,-1,1,-1,-1,1,1,-1,-1,-1,1,1,1,0.00897196214646101
-1,1,1,1,1,-1,-1,-1,-1,1,-1,-1,1,1,-1,1,-1,1,1,-1,0.00897145178169012
-1,1,1,1,1,-1,-1,-1,-1,1,-1,1,-1,-1,-1,-1,-1,-1,1,-1,0.008971763774752617
-1,1,1,1,1,-1,-1,-1,-1,1,1,-1,-1,-1,1,1,-1,1,-1,1,0.008971815928816795
-1,1,1,1,1,-1,-1,-1,-1,1,1,-1,1,1,1,1,-1,1,1,-1,0.008970976807177067
-1,1,1,1,1,-1,-1,-1,-1,1,1,1,-1,1,-1,-1,1,1,-1,1,0.008972370997071266
-1,1,1,1,1,-1,-1,-1,1,-1,-1,-1,-1,-1,1,1,-1,1,1,-1,0.00897117517888546
-1,1,1,1,1,-1,-1,-1,1,-1,-1,-1,1,-1,1,-1,1,-1,-1,1,0.008971214294433594
-1,1,1,1,1,-1,-1,-1,1,-1,-1,-1,1,1,1,-1,1,-1,-1,1,0.008971338160336018
-1,1,1,1,1,-1,-1,-1,1,-1,-1,1,-1,-1,-1,-1,-1,1,1,-1,0.008971862494945526
-1,1,1,1,1,-1,-1,-1,1,-1,1,-1,-1,1,-1,1,-1,-1,1,1,0.008972160518169403
-1,1,1,1,1,-1,-1,-1,1,-1,1,-1,-1,1,1,-1,1,1,1,1,0.008971583098173141
-1,1,1,1,1,-1,-1,-1,1,-1,1,-1,1,1,1,1,-1,-1,1,1,0.008971316739916801
-1,1,1,1,1,-1,-1,-1,1,-1,1,1,1,-1,-1,1,1,1,-1,-1,0.008971410803496838
-1,1,1,1,1,-1,-1,-1,1,-1,1,1,1,-1,1,1,1,1,-1,-1,0.008970906026661396
-1,1,1,1,1,-1,-1,-1,1,1,-1,-1,-1,-1,-1,-1,-1,1,1,1,0.00897227693349123
-1,1,1,1,1,-1,-1,-1,1,1,-1,-1,-1,-1,1,-1,1,-1,1,-1,0.008971016854047775
-1,1,1,1,1,-1,-1,-1,1,1,-1,-1,-1,1,1,1,1,1,1,-1,0.008971130475401878
-1,1,1,1,1,-1,-1,-1,1,1,-1,-1,1,1,-1,1,1,-1,-1,1,0.008971833623945713
-1,1,1,1,1,-1,-1,-1,1,1,-1,1,-1,-1,-1,-1,1,-1,-1,1,0.008972232230007648
-1,1,1,1,1,-1,-1,-1,1,1,-1,1,1,-1,1,-1,-1,1,1,-1,0.008971106261014938
-1,1,1,1,1,-1,-1,-1,1,1,-1,1,1,-1,1,-1,1,1,1,-1,0.008970850147306919
-1,1,1,1,1,-1,-1,-1,1,1,1,-1,1,-1,-1,1,1,1,-1,1,0.008971825242042542
-1,1,1,1,1,-1,-1,-1,1,1,1,-1,1,1,-1,-1,1,-1,-1,-1,0.008971545845270157
-1,1,1,1,1,-1,-1,-1,1,1,1,-1,1,1,1,1,-1,1,1,-1,0.00897107645869255
-1,1,1,1,1,-1,-1,-1,1,1,1,-1,1,1,1,1,1,1,-1,1,0.008971445262432098
-1,1,1,1,1,-1,-1,-1,1,1,1,1,1,1,1,-1,1,-1,-1,-1,0.008971127681434155
-1,1,1,1,1,-1,-1,1,-1,-1,-1,-1,-1,1,-1,-1,1,-1,-1,-1,0.00897202081978321
-1,1,1,1,1,-1,-1,1,-1,-1,-1,-1,1,-1,-1,1,1,1,-1,1,0.008971961215138435
-1,1,1,1,1,-1,-1,1,-1,-1,-1,-1,1,1,1,1,-1,-1,1,-1,0.008971125818789005
-1,1,1,1,1,-1,-1,1,-1,-1,-1,1,-1,-1,1,1,-1,-1,1,-1,0.00897142756730318
-1,1,1,1,1,-1,-1,1,-1,-1,-1,1,1,-1,-1,1,1,-1,-1,1,0.008971961215138435
-1,1,1,1,1,-1,-1,1,-1,-1,1,-1,1,-1,1,-1,1,-1,1,-1,0.008970871567726135
-1,1,1,1,1,-1,-1,1,-1,-1,1,-1,1,-1,1,-1,1,-1,1,1,0.00897128600627184
-1,1,1,1,1,-1,-1,1,-1,-1,1,-1,1,1,-1,-1,-1,-1,1,-1,0.00897175632417202
-1,1,1,1,1,-1,-1,1,-1,-1,1,1,-1,-1,-1,1,-1,1,1,1,0.008972461335361004
-1,1,1,1,1,-1,-1,1,-1,-1,1,1,-1,1,1,1,-1,-1,-1,-1,0.00897179078310728
-1,1,1,1,1,-1,-1,1,-1,-1,1,1,1,-1,-1,1,1,1,1,-1,0.008971452713012695
-1,1,1,1,1,-1,-1,1,-1,-1,1,1,1,1,-1,-1,1,1,1,1,0.008972086943686008
-1,1,1,1,1,-1,-1,1,-1,1,-1,-1,-1,1,1,-1,1,-1,1,-1,0.00897139310836792
-1,1,1,1,1,-1,-1,1,-1,1,-1,-1,-1,1,1,1,1,1,-1,1,0.008972006849944592
-1,1,1,1,1,-1,-1,1,-1,1,-1,-1,1,1,1,1,1,-1,1,-1,0.008970957249403
-1,1,1,1,1,-1,-1,1,-1,1,-1,1,-1,-1,-1,-1,-1,-1,1,-1,0.008972115814685822
-1,1,1,1,1,-1,-1,1,-1,1,-1,1,-1,1,1,-1,1,-1,1,-1,0.00897147972136736
-1,1,1,1,1,-1,-1,1,-1,1,-1,1,1,1,1,-1,-1,1,1,1,0.008971896022558212
-1,1,1,1,1,-1,-1,1,-1,1,-1,1,1,1,1,-1,1,-1,1,-1,0.008971140719950199
-1,1,1,1,1,-1,-1,1,-1,1,-1,1,1,1,1,1,-1,-1,-1,-1,0.008971509523689747
-1,1,1,1,1,-1,-1,1,-1,1,-1,1,1,1,1,1,-1,1,1,-1,0.008971385657787323
-1,1,1,1,1,-1,-1,1,-1,1,1,-1,-1,1,-1,-1,-1,1,1,1,0.008972682058811188
-1,1,1,1,1,-1,-1,1,-1,1,1,-1,-1,1,-1,1,-1,1,1,1,0.008972586132586002
-1,1,1,1,1,-1,-1,1,-1,1,1,-1,1,-1,-1,-1,-1,1,-1,1,0.008972429670393467
-1,1,1,1,1,-1,-1,1,-1,1,1,-1,1,-1,1,-1,1,-1,1,1,0.008971372619271278
-1,1,1,1,1,-1,-1,1,-1,1,1,1,-1,-1,-1,1,-1,1,-1,1,0.00897275935858488
-1,1,1,1,1,-1,-1,1,-1,1,1,1,1,1,1,1,1,-1,-1,-1,0.008971283212304115
-1,1,1,1,1,-1,-1,1,1,-1,-1,-1,-1,1,-1,-1,1,-1,-1,1,0.008972533978521824
-1,1,1,1,1,-1,-1,1,1,-1,-1,1,-1,-1,1,-1,1,-1,-1,-1,0.008971578441560268
-1,1,1,1,1,-1,-1,1,1,-1,-1,1,-1,-1,1,-1,1,1,-1,-1,0.008971664123237133
-1,1,1,1,1,-1,-1,1,1,-1,-1,1,1,-1,-1,-1,-1,1,-1,1,0.008972499519586563
-1,1,1,1,1,-1,-1,1,1,-1,1,-1,1,1,1,-1,-1,1,-1,1,0.008972061797976494
-1,1,1,1,1,-1,-1,1,1,-1,1,1,-1,-1,-1,1,1,1,-1,1,0.008972516283392906
-1,1,1,1,1,-1,-1,1,1,-1,1,1,1,-1,-1,-1,-1,1,1,-1,0.008971904404461384
-1,1,1,1,1,-1,-1,1,1,1,-1,-1,-1,1,1,-1,1,1,-1,1,0.008972203359007835
-1,1,1,1,1,-1,-1,1,1,1,-1,1,-1,-1,1,1,-1,1,1,-1,0.008971701376140118
-1,1,1,1,1,-1,-1,1,1,1,-1,1,1,1,-1,-1,-1,1,1,1,0.008972500450909138
-1,1,1,1,1,-1,-1,1,1,1,1,-1,-1,-1,1,-1,-1,-1,-1,-1,0.008971864357590675
-1,1,1,1,1,-1,-1,1,1,1,1,-1,1,1,-1,-1,-1,-1,1,-1,0.008971943520009518
-1,1,1,1,1,-1,-1,1,1,1,1,1,-1,-1,-1,-1,1,-1,1,-1,0.008971989154815674
-1,1,1,1,1,-1,-1,1,1,1,1,1,-1,-1,-1,1,-1,-1,-1,1,0.008972772397100925
-1,1,1,1,1,-1,-1,1,1,1,1,1,-1,1,-1,-1,-1,-1,-1,1,0.00897299312055111
-1,1,1,1,1,-1,-1,1,1,1,1,1,1,-1,1,-1,-1,-1,-1,-1,0.008971611969172955
-1,1,1,1,1,-1,1,-1,-1,-1,-1,-1,-1,-1,-1,-1,1,-1,1,-1,0.008971349336206913
-1,1,1,1,1,-1,1,-1,-1,-1,-1,1,-1,1,1,-1,1,-1,-1,-1,0.008971264585852623
-1,1,1,1,1,-1,1,-1,-1,-1,1,-1,-1,1,1,-1,-1,1,1,1,0.008971753530204296
-1,1,1,1,1,-1,1,-1,-1,-1,1,-1,-1,1,1,1,1,-1,-1,1,0.008971525356173515
-1,1,1,1,1,-1,1,-1,-1,-1,1,1,1,-1,1,-1,1,1,1,-1,0.008970707654953003
-1,1,1,1,1,-1,1,-1,-1,-1,1,1,1,1,-1,-1,-1,-1,1,-1,0.008971504867076874
-1,1,1,1,1,-1,1,-1,-1,-1,1,1,1,1,-1,1,-1,-1,-1,1,0.00897203292697668
-1,1,1,1,1,-1,1,-1,-1,-1,1,1,1,1,1,1,1,-1,1,1,0.008971062488853931
-1,1,1,1,1,-1,1,-1,-1,1,-1,-1,-1,-1,1,-1,-1,1,-1,1,0.008971897885203362
-1,1,1,1,1,-1,1,-1,-1,1,-1,-1,-1,-1,1,-1,-1,1,1,-1,0.00897127389907837
-1,1,1,1,1,-1,1,-1,-1,1,-1,-1,-1,1,-1,-1,1,-1,-1,-1,0.00897177029401064
-1,1,1,1,1,-1,1,-1,-1,1,-1,-1,-1,1,1,-1,1,-1,1,-1,0.008971055969595909
-1,1,1,1,1,-1,1,-1,-1,1,-1,-1,1,-1,1,1,-1,1,1,1,0.008971251547336578
-1,1,1,1,1,-1,1,-1,-1,1,-1,1,1,-1,1,-1,1,1,1,1,0.008971178904175758
-1,1,1,1,1,-1,1,-1,-1,1,-1,1,1,1,-1,-1,1,-1,-1,-1,0.008971517905592918
-1,1,1,1,1,-1,1,-1,-1,1,1,-1,-1,-1,1,-1,1,1,1,-1,0.008971047587692738
-1,1,1,1,1,-1,1,-1,-1,1,1,-1,-1,1,-1,1,1,1,-1,1,0.008972203359007835
-1,1,1,1,1,-1,1,-1,-1,1,1,-1,1,1,1,-1,-1,1,1,-1,0.008971087634563446
-1,1,1,1,1,-1,1,-1,-1,1,1,-1,1,1,1,1,-1,1,1,1,0.00897140521556139
-1,1,1,1,1,-1,1,-1,-1,1,1,1,-1,-1,1,-1,-1,-1,-1,-1,0.008971513248980045
-1,1,1,1,1,-1,1,-1,-1,1,1,1,1,1,-1,1,-1,-1,1,1,0.008971909992396832
-1,1,1,1,1,-1,1,-1,-1,1,1,1,1,1,1,1,-1,1,-1,-1,0.008971287868916988
-1,1,1,1,1,-1,1,-1,-1,1,1,1,1,1,1,1,-1,1,1,-1,0.0089710783213377
-1,1,1,1,1,-1,1,-1,1,-1,-1,1,1,1,-1,-1,-1,1,-1,1,0.008972286246716976
-1,1,1,1,1,-1,1,-1,1,-1,1,-1,1,-1,1,1,-1,-1,-1,-1,0.00897100381553173
-1,1,1,1,1,-1,1,-1,1,-1,1,1,1,-1,-1,1,-1,-1,-1,1,0.00897200871258974
-1,1,1,1,1,-1,1,-1,1,-1,1,1,1,1,-1,-1,-1,-1,-1,-1,0.00897181499749422
-1,1,1,1,1,-1,1,-1,1,1,-1,-1,-1,-1,-1,1,-1,1,1,-1,0.008971781469881535
-1,1,1,1,1,-1,1,-1,1,1,-1,-1,1,1,-1,-1,-1,-1,1,-1,0.00897157657891512
-1,1,1,1,1,-1,1,-1,1,1,-1,1,1,-1,-1,-1,1,1,1,-1,0.008971369825303555
-1,1,1,1,1,-1,1,-1,1,1,-1,1,1,-1,1,-1,-1,-1,1,-1,0.008971034549176693
-1,1,1,1,1,-1,1,-1,1,1,-1,1,1,-1,1,-1,-1,-1,1,1,0.008971448056399822
-1,1,1,1,1,-1,1,-1,1,1,1,-1,-1,-1,-1,-1,-1,-1,-1,1,0.008972445502877235
-1,1,1,1,1,-1,1,-1,1,1,1,-1,-1,-1,-1,-1,1,1,1,-1,0.008971652016043663
-1,1,1,1,1,-1,1,-1,1,1,1,-1,-1,1,1,-1,1,-1,-1,1,0.008971808478236198
-1,1,1,1,1,-1,1,-1,1,1,1,-1,1,1,1,-1,-1,1,1,1,0.008971601724624634
-1,1,1,1,1,-1,1,-1,1,1,1,1,-1,-1,-1,1,1,-1,1,-1,0.008971556089818478
-1,1,1,1,1,-1,1,-1,1,1,1,1,1,1,-1,1,-1,-1,1,-1,0.008971596136689186
-1,1,1,1,1,-1,1,1,-1,-1,-1,1,-1,-1,1,-1,-1,-1,1,-1,0.00897153839468956
-1,1,1,1,1,-1,1,1,-1,-1,-1,1,-1,1,1,1,1,-1,-1,-1,0.008971520699560642
-1,1,1,1,1,-1,1,1,-1,-1,-1,1,1,-1,1,-1,-1,1,-1,-1,0.008971495553851128
-1,1,1,1,1,-1,1,1,-1,-1,1,-1,-1,-1,-1,-1,-1,1,1,-1,0.008972072042524815
-1,1,1,1,1,-1,1,1,-1,-1,1,-1,-1,1,-1,-1,-1,1,1,1,0.008972610346972942
-1,1,1,1,1,-1,1,1,-1,-1,1,-1,1,-1,-1,-1,1,1,1,1,0.00897189136594534
-1,1,1,1,1,-1,1,1,-1,-1,1,-1,1,1,-1,-1,1,1,-1,1,0.008972225710749626
-1,1,1,1,1,-1,1,1,-1,-1,1,1,-1,-1,1,1,-1,-1,-1,-1,0.00897168181836605
-1,1,1,1,1,-1,1,1,-1,-1,1,1,-1,1,-1,1,1,-1,-1,1,0.0089724687859416
-1,1,1,1,1,-1,1,1,-1,1,-1,-1,-1,-1,-1,1,1,1,1,-1,0.00897177867591381
-1,1,1,1,1,-1,1,1,-1,1,-1,-1,1,-1,1,1,-1,-1,1,-1,0.008971104398369789
-1,1,1,1,1,-1,1,1,-1,1,-1,-1,1,1,-1,1,-1,-1,-1,1,0.008972357027232647
-1,1,1,1,1,-1,1,1,-1,1,-1,1,1,1,-1,-1,-1,-1,-1,-1,0.008972125127911568
-1,1,1,1,1,-1,1,1,-1,1,1,-1,-1,-1,1,1,-1,1,-1,1,0.008972182869911194
-1,1,1,1,1,-1,1,1,-1,1,1,-1,-1,-1,1,1,1,-1,-1,-1,0.00897142756730318
-1,1,1,1,1,-1,1,1,1,-1,-1,-1,1,1,-1,1,1,1,-1,1,0.008972199633717537
-1,1,1,1,1,-1,1,1,1,-1,-1,-1,1,1,-1,1,1,1,1,-1,0.008971575647592545
-1,1,1,1,1,-1,1,1,1,-1,-1,1,-1,-1,-1,-1,1,-1,-1,1,0.008972511626780033
-1,1,1,1,1,-1,1,1,1,-1,-1,1,-1,-1,1,1,1,-1,1,1,0.008971700444817543
-1,1,1,1,1,-1,1,1,1,-1,-1,1,1,1,1,-1,-1,-1,1,1,0.008971837349236012
-1,1,1,1,1,-1,1,1,1,-1,1,-1,-1,-1,-1,1,-1,-1,1,-1,0.008971990086138248
-1,1,1,1,1,-1,1,1,1,-1,1,-1,-1,-1,1,1,1,1,1,-1,0.008971315808594227
-1,1,1,1,1,-1,1,1,1,-1,1,1,1,-1,-1,1,-1,1,1,1,0.008972236886620522
-1,1,1,1,1,-1,1,1,1,1,-1,-1,-1,-1,1,1,-1,1,-1,1,0.008972253650426865
-1,1,1,1,1,-1,1,1,1,1,-1,1,-1,-1,-1,-1,-1,-1,1,-1,0.0089722303673625
-1,1,1,1,1,-1,1,1,1,1,-1,1,-1,1,-1,-1,1,1,1,-1,0.008972184732556343
-1,1,1,1,1,-1,1,1,1,1,-1,1,1,1,-1,-1,1,-1,-1,-1,0.008971969597041607
-1,1,1,1,1,-1,1,1,1,1,-1,1,1,1,1,-1,-1,-1,-1,-1,0.008971720933914185
-1,1,1,1,1,-1,1,1,1,1,1,-1,-1,-1,1,-1,-1,-1,1,1,0.008972082287073135
-1,1,1,1,1,-1,1,1,1,1,1,-1,-1,1,1,1,-1,-1,-1,-1,0.008971907198429108
-1,1,1,1,1,-1,1,1,1,1,1,-1,1,-1,1,-1,-1,1,1,1,0.008971829898655415
-1,1,1,1,1,-1,1,1,1,1,1,-1,1,1,-1,1,-1,1,-1,-1,0.008972158655524254
-1,1,1,1,1,-1,1,1,1,1,1,1,-1,-1,1,-1,-1,1,-1,1,0.008972465060651302
-1,1,1,1,1,-1,1,1,1,1,1,1,-1,1,1,1,-1,1,1,1,0.008972282521426678
-1,1,1,1,1,-1,1,1,1,1,1,1,1,-1,-1,-1,1,1,-1,-1,0.008971961215138435
-1,1,1,1,1,1,-1,-1,-1,-1,-1,-1,-1,-1,1,1,1,-1,-1,1,0.008971268311142921
-1,1,1,1,1,1,-1,-1,-1,-1,-1,-1,-1,1,-1,1,-1,-1,1,1,0.008971942588686943
-1,1,1,1,1,1,-1,-1,-1,-1,-1,-1,1,-1,-1,1,-1,-1,1,1,0.00897147972136736
-1,1,1,1,1,1,-1,-1,-1,-1,-1,-1,1,-1,-1,1,1,-1,-1,-1,0.008971020579338074
-1,1,1,1,1,1,-1,-1,-1,-1,-1,1,-1,-1,-1,-1,-1,-1,-1,1,0.008972211740911007
-1,1,1,1,1,1,-1,-1,-1,-1,-1,1,-1,1,-1,-1,-1,1,1,1,0.008972210809588432
-1,1,1,1,1,1,-1,-1,-1,-1,1,-1,1,-1,-1,-1,1,-1,-1,1,0.008971559815108776
-1,1,1,1,1,1,-1,-1,-1,-1,1,-1,1,-1,-1,1,-1,-1,-1,-1,0.008971305564045906
-1,1,1,1,1,1,-1,-1,-1,1,-1,-1,-1,-1,1,1,-1,1,-1,-1,0.00897128414362669
-1,1,1,1,1,1,-1,-1,-1,1,-1,-1,1,-1,-1,-1,-1,-1,-1,-1,0.008971459232270718
-1,1,1,1,1,1,-1,-1,-1,1,-1,1,1,-1,-1,-1,-1,-1,-1,-1,0.008971545845270157
-1,1,1,1,1,1,-1,-1,-1,1,1,-1,-1,-1,1,-1,-1,-1,1,1,0.008971527218818665
-1,1,1,1,1,1,-1,-1,-1,1,1,-1,-1,1,1,1,1,1,-1,1,0.008971595205366611
-1,1,1,1,1,1,-1,-1,-1,1,1,-1,1,-1,1,-1,-1,1,-1,1,0.008971484377980232
-1,1,1,1,1,1,-1,-1,-1,1,1,-1,1,1,1,1,1,-1,-1,1,0.008971169590950012
-1,1,1,1,1,1,-1,-1,-1,1,1,1,-1,1,-1,1,-1,1,1,1,0.008972231298685074
-1,1,1,1,1,1,-1,-1,1,-1,-1,-1,-1,1,1,1,1,1,1,-1,0.008970954455435276
-1,1,1,1,1,1,-1,-1,1,-1,-1,-1,1,-1,1,-1,1,1,-1,-1,0.00897079799324274
-1,1,1,1,1,1,-1,-1,1,-1,-1,-1,1,1,-1,-1,-1,1,1,1,0.008971885778009892
-1,1,1,1,1,1,-1,-1,1,-1,1,-1,1,-1,1,1,-1,1,1,1,0.008971190080046654
-1,1,1,1,1,1,-1,-1,1,-1,1,-1,1,1,1,-1,1,-1,1,-1,0.00897065456956625
-1,1,1,1,1,1,-1,-1,1,-1,1,1,1,1,1,-1,1,1,-1,1,0.00897145178169012
-1,1,1,1,1,1,-1,-1,1,1,-1,-1,-1,-1,-1,1,-1,1,-1,-1,0.008971888571977615
-1,1,1,1,1,1,-1,-1,1,1,-1,-1,1,-1,1,1,-1,-1,-1,1,0.008971372619271278
-1,1,1,1,1,1,-1,-1,1,1,-1,1,-1,-1,-1,-1,1,1,-1,1,0.008972229436039925
-1,1,1,1,1,1,-1,-1,1,1,-1,1,-1,-1,1,1,-1,-1,1,-1,0.008971174247562885
-1,1,1,1,1,1,-1,-1,1,1,-1,1,1,-1,1,1,-1,1,-1,-1,0.008971131406724453
-1,1,1,1,1,1,-1,-1,1,1,1,1,-1,-1,-1,-1,1,1,1,-1,0.008971634320914745
-1,1,1,1,1,1,-1,-1,1,1,1,1,-1,-1,1,-1,1,-1,1,1,0.008971457369625568
-1,1,1,1,1,1,-1,-1,1,1,1,1,-1,1,-1,-1,-1,1,-1,1,0.00897263828665018
-1,1,1,1,1,1,-1,-1,1,1,1,1,1,-1,-1,1,-1,-1,1,1,0.00897178240120411
-1,1,1,1,1,1,-1,-1,1,1,1,1,1,1,-1,-1,1,1,-1,-1,0.008971629664301872
-1,1,1,1,1,1,-1,-1,1,1,1,1,1,1,-1,1,-1,-1,1,1,0.008971906267106533
-1,1,1,1,1,1,-1,1,-1,-1,-1,-1,-1,1,-1,-1,-1,-1,-1,1,0.008972601033747196
-1,1,1,1,1,1,-1,1,-1,-1,-1,-1,1,-1,1,1,-1,1,1,-1,0.008970999158918858
-1,1,1,1,1,1,-1,1,-1,-1,-1,-1,1,1,-1,-1,1,-1,-1,1,0.008972005918622017
-1,1,1,1,1,1,-1,1,-1,-1,-1,1,-1,-1,-1,1,1,1,1,1,0.008972087875008583
-1,1,1,1,1,1,-1,1,-1,-1,-1,1,1,-1,1,1,1,-1,-1,1,0.008971367962658405
-1,1,1,1,1,1,-1,1,-1,-1,-1,1,1,1,-1,-1,-1,-1,-1,1,0.008972348645329475
-1,1,1,1,1,1,-1,1,-1,-1,1,-1,-1,-1,1,-1,-1,1,-1,-1,0.008971674367785454
-1,1,1,1,1,1,-1,1,-1,-1,1,-1,1,1,-1,-1,1,-1,1,-1,0.008971411734819412
-1,1,1,1,1,1,-1,1,-1,-1,1,-1,1,1,1,-1,1,1,1,-1,0.00897099357098341
-1,1,1,1,1,1,-1,1,-1,-1,1,-1,1,1,1,1,-1,-1,-1,1,0.008971690200269222
-1,1,1,1,1,1,-1,1,-1,-1,1,1,-1,1,1,1,-1,1,-1,1,0.00897220242768526
-1,1,1,1,1,1,-1,1,-1,-1,1,1,1,-1,-1,1,1,1,-1,1,0.0089719882234931
-1,1,1,1,1,1,-1,1,-1,-1,1,1,1,-1,-1,1,1,1,1,1,0.008971777744591236
-1,1,1,1,1,1,-1,1,-1,1,-1,-1,-1,-1,-1,-1,1,1,1,1,0.008972184732556343
-1,1,1,1,1,1,-1,1,-1,1,-1,-1,1,-1,-1,-1,1,-1,-1,-1,0.008971556089818478
-1,1,1,1,1,1,-1,1,-1,1,-1,-1,1,1,-1,-1,-1,1,-1,-1,0.008972021751105785
-1,1,1,1,1,1,-1,1,-1,1,-1,1,1,1,-1,1,-1,-1,1,1,0.008972128853201866
-1,1,1,1,1,1,-1,1,-1,1,-1,1,1,1,1,1,1,1,-1,-1,0.008971251547336578
-1,1,1,1,1,1,-1,1,-1,1,1,-1,-1,-1,-1,-1,-1,1,-1,-1,0.00897226668894291
-1,1,1,1,1,1,-1,1,-1,1,1,-1,-1,1,1,-1,1,1,-1,-1,0.008971629664301872
-1,1,1,1,1,1,-1,1,-1,1,1,-1,1,-1,-1,1,1,1,-1,-1,0.008971575647592545
-1,1,1,1,1,1,-1,1,-1,1,1,1,-1,-1,-1,1,1,-1,-1,1,0.008972328156232834
-1,1,1,1,1,1,-1,1,1,-1,-1,-1,-1,1,-1,-1,-1,-1,-1,-1,0.00897228717803955
-1,1,1,1,1,1,-1,1,1,-1,-1,-1,1,-1,-1,-1,-1,1,1,1,0.008972113952040672
-1,1,1,1,1,1,-1,1,1,-1,-1,1,1,-1,-1,1,1,1,1,-1,0.008971435017883778
-1,1,1,1,1,1,-1,1,1,-1,-1,1,1,-1,1,-1,1,1,1,-1,0.008971026167273521
-1,1,1,1,1,1,-1,1,1,-1,1,-1,-1,-1,-1,1,-1,1,-1,-1,0.008972182869911194
-1,1,1,1,1,1,-1,1,1,-1,1,1,-1,-1,1,-1,1,-1,-1,-1,0.008971518836915493
-1,1,1,1,1,1,-1,1,1,-1,1,1,-1,1,-1,-1,-1,-1,-1,1,0.008972817100584507
-1,1,1,1,1,1,-1,1,1,-1,1,1,-1,1,1,-1,-1,-1,1,1,0.008972101844847202
-1,1,1,1,1,1,-1,1,1,-1,1,1,1,1,-1,1,-1,-1,-1,1,0.008972381241619587
-1,1,1,1,1,1,-1,1,1,-1,1,1,1,1,1,-1,1,-1,-1,1,0.008971717208623886
-1,1,1,1,1,1,-1,1,1,-1,1,1,1,1,1,1,-1,1,-1,-1,0.008971549570560455
-1,1,1,1,1,1,-1,1,1,1,-1,1,1,1,-1,1,-1,1,-1,-1,0.008972112089395523
-1,1,1,1,1,1,-1,1,1,1,1,1,-1,1,1,-1,1,1,1,-1,0.008971606381237507
-1,1,1,1,1,1,-1,1,1,1,1,1,1,-1,1,1,-1,-1,1,-1,0.008971216157078743
-1,1,1,1,1,1,-1,1,1,1,1,1,1,1,-1,1,-1,1,-1,-1,0.008972140960395336
-1,1,1,1,1,1,-1,1,1,1,1,1,1,1,1,-1,1,1,-1,1,0.00897189136594534
-1,1,1,1,1,1,1,-1,-1,-1,-1,-1,-1,1,1,-1,1,1,1,1,0.0089713791385293
-1,1,1,1,1,1,1,-1,-1,-1,-1,1,-1,-1,-1,-1,-1,-1,-1,-1,0.008971812203526497
-1,1,1,1,1,1,1,-1,-1,-1,-1,1,-1,-1,-1,-1,1,1,1,1,0.008971846662461758
-1,1,1,1,1,1,1,-1,-1,-1,-1,1,1,1,1,-1,-1,-1,1,1,0.00897129625082016
-1,1,1,1,1,1,1,-1,-1,-1,1,-1,-1,-1,1,-1,1,1,-1,1,0.008971494622528553
-1,1,1,1,1,1,1,-1,-1,-1,1,-1,-1,1,1,-1,-1,1,1,-1,0.008971250616014004
-1,1,1,1,1,1,1,-1,-1,-1,1,-1,1,1,-1,-1,-1,-1,1,1,0.008971743285655975
-1,1,1,1,1,1,1,-1,-1,-1,1,1,-1,-1,-1,1,1,-1,1,-1,0.008971279487013817
-1,1,1,1,1,1,1,-1,-1,-1,1,1,-1,1,-1,1,1,-1,1,1,0.008971817791461945
-1,1,1,1,1,1,1,-1,-1,-1,1,1,1,1,-1,-1,1,-1,1,1,0.00897157471626997
-1,1,1,1,1,1,1,-1,-1,-1,1,1,1,1,1,1,-1,-1,1,-1,0.008970815688371658
-1,1,1,1,1,1,1,-1,-1,-1,1,1,1,1,1,1,1,-1,1,-1,0.008970559574663639
-1,1,1,1,1,1,1,-1,-1,1,-1,-1,1,1,1,1,1,1,1,1,0.008971031755208969
-1,1,1,1,1,1,1,-1,-1,1,-1,1,-1,-1,-1,1,1,-1,-1,-1,0.008971547707915306
-1,1,1,1,1,1,1,-1,-1,1,-1,1,1,1,-1,-1,-1,-1,1,-1,0.008971474133431911
-1,1,1,1,1,1,1,-1,-1,1,-1,1,1,1,-1,-1,-1,1,1,-1,0.00897156074643135
-1,1,1,1,1,1,1,-1,-1,1,1,1,1,1,1,-1,-1,-1,-1,-1,0.00897120963782072
-1,1,1,1,1,1,1,-1,1,-1,-1,-1,-1,-1,1,-1,-1,-1,1,1,0.008971525356173515
-1,1,1,1,1,1,1,-1,1,-1,-1,1,1,1,1,1,-1,-1,-1,-1,0.008971096947789192
-1,1,1,1,1,1,1,-1,1,-1,1,-1,-1,-1,1,-1,1,-1,1,1,0.008971299044787884
-1,1,1,1,1,1,1,-1,1,-1,1,-1,-1,1,-1,1,-1,-1,1,-1,0.008971672505140305
-1,1,1,1,1,1,1,-1,1,-1,1,-1,-1,1,1,-1,1,1,-1,-1,0.008971305564045906
-1,1,1,1,1,1,1,-1,1,-1,1,1,1,-1,-1,-1,1,-1,1,1,0.00897155050188303
-1,1,1,1,1,1,1,-1,1,-1,1,1,1,-1,-1,-1,1,1,1,-1,0.008971222676336765
-1,1,1,1,1,1,1,-1,1,1,-1,1,-1,-1,-1,1,1,1,1,1,0.00897193793207407
-1,1,1,1,1,1,1,-1,1,1,-1,1,-1,1,1,1,-1,1,1,1,0.008971812203526497
-1,1,1,1,1,1,1,-1,1,1,-1,1,1,-1,-1,-1,-1,-1,-1,1,0.008972073905169964
-1,1,1,1,1,1,1,-1,1,1,-1,1,1,-1,-1,1,-1,1,1,-1,0.008971440605819225
-1,1,1,1,1,1,1,-1,1,1,-1,1,1,-1,-1,1,1,-1,1,1,0.00897151231765747
-1,1,1,1,1,1,1,-1,1,1,-1,1,1,-1,1,-1,-1,1,1,-1,0.008971031755208969
-1,1,1,1,1,1,1,-1,1,1,1,-1,-1,-1,-1,-1,1,1,-1,-1,0.008971773087978363
-1,1,1,1,1,1,1,-1,1,1,1,-1,-1,-1,1,-1,-1,-1,1,-1,0.008971228264272213
-1,1,1,1,1,1,1,-1,1,1,1,-1,-1,1,-1,1,1,1,1,-1,0.008971590548753738
-1,1,1,1,1,1,1,-1,1,1,1,-1,1,-1,-1,-1,-1,1,1,1,0.008971893228590488
-1,1,1,1,1,1,1,-1,1,1,1,-1,1,-1,-1,1,1,1,1,-1,0.008971127681434155
-1,1,1,1,1,1,1,-1,1,1,1,-1,1,-1,1,1,-1,-1,1,1,0.008971205912530422
-1,1,1,1,1,1,1,-1,1,1,1,-1,1,1,-1,-1,1,1,1,-1,0.008971347473561764
-1,1,1,1,1,1,1,-1,1,1,1,1,-1,-1,-1,-1,-1,-1,1,1,0.008972232230007648
-1,1,1,1,1,1,1,-1,1,1,1,1,-1,-1,1,1,1,1,-1,-1,0.008971258997917175
-1,1,1,1,1,1,1,1,-1,-1,-1,-1,-1,1,1,-1,-1,-1,-1,1,0.008972111158072948
-1,1,1,1,1,1,1,1,-1,-1,-1,-1,-1,1,1,-1,1,1,1,1,0.008971731178462505
-1,1,1,1,1,1,1,1,-1,-1,-1,1,-1,-1,-1,1,1,-1,1,-1,0.008971602655947208
-1,1,1,1,1,1,1,1,-1,-1,-1,1,-1,1,-1,-1,-1,-1,-1,-1,0.0089722890406847
-1,1,1,1,1,1,1,1,-1,-1,-1,1,1,-1,1,-1,-1,1,-1,-1,0.00897140707820654
-1,1,1,1,1,1,1,1,-1,-1,1,-1,1,-1,-1,-1,1,-1,1,1,0.008971716277301311
-1,1,1,1,1,1,1,1,-1,-1,1,1,-1,-1,1,1,-1,1,1,-1,0.008971469476819038
-1,1,1,1,1,1,1,1,-1,-1,1,1,-1,1,1,1,-1,1,-1,-1,0.00897180289030075
-1,1,1,1,1,1,1,1,-1,-1,1,1,-1,1,1,1,-1,1,1,1,0.008972006849944592
-1,1,1,1,1,1,1,1,-1,-1,1,1,1,1,-1,1,-1,1,-1,1,0.008972382172942162
-1,1,1,1,1,1,1,1,-1,-1,1,1,1,1,1,1,-1,1,1,-1,0.008971254341304302
-1,1,1,1,1,1,1,1,-1,1,-1,-1,-1,-1,-1,1,-1,1,1,-1,0.008971945382654667
-1,1,1,1,1,1,1,1,-1,1,-1,-1,1,-1,-1,1,-1,-1,-1,-1,0.00897173024713993
-1,1,1,1,1,1,1,1,-1,1,-1,-1,1,1,1,1,1,-1,-1,-1,0.008971094153821468
-1,1,1,1,1,1,1,1,-1,1,-1,1,-1,1,-1,-1,1,-1,-1,-1,0.008972120471298695
-1,1,1,1,1,1,1,1,-1,1,-1,1,1,1,1,-1,1,1,-1,1,0.008971776813268661
-1,1,1,1,1,1,1,1,-1,1,-1,1,1,1,1,1,1,1,-1,1,0.008971679955720901
-1,1,1,1,1,1,1,1,-1,1,1,-1,-1,-1,1,-1,-1,1,1,1,0.008971979841589928
-1,1,1,1,1,1,1,1,-1,1,1,1,-1,-1,1,-1,1,1,1,-1,0.008971396833658218
-1,1,1,1,1,1,1,1,-1,1,1,1,-1,-1,1,1,-1,1,-1,1,0.00897218007594347
-1,1,1,1,1,1,1,1,-1,1,1,1,1,-1,-1,-1,1,-1,-1,-1,0.008971686474978924
-1,1,1,1,1,1,1,1,1,-1,-1,-1,-1,-1,-1,-1,-1,1,-1,-1,0.008972263894975185
-1,1,1,1,1,1,1,1,1,-1,-1,-1,-1,1,-1,1,-1,1,-1,1,0.008972705341875553
-1,1,1,1,1,1,1,1,1,-1,-1,1,1,1,1,1,-1,1,1,1,0.008971738629043102
-1,1,1,1,1,1,1,1,1,-1,1,-1,1,1,-1,-1,1,-1,-1,-1,0.008971736766397953
-1,1,1,1,1,1,1,1,1,-1,1,1,-1,-1,1,1,1,-1,-1,1,0.00897185131907463
-1,1,1,1,1,1,1,1,1,-1,1,1,1,-1,-1,-1,1,1,-1,-1,0.008971785195171833
-1,1,1,1,1,1,1,1,1,-1,1,1,1,-1,1,-1,-1,1,1,-1,0.008971326053142548
-1,1,1,1,1,1,1,1,1,-1,1,1,1,1,1,-1,-1,-1,1,1,0.008971777744591236
-1,1,1,1,1,1,1,1,1,1,-1,-1,1,-1,-1,1,1,-1,1,-1,0.008971364237368107
-1,1,1,1,1,1,1,1,1,1,-1,-1,1,1,-1,1,-1,1,-1,1,0.008972453884780407
-1,1,1,1,1,1,1,1,1,1,-1,-1,1,1,1,-1,1,-1,-1,1,0.008971704170107841
-1,1,1,1,1,1,1,1,1,1,1,-1,-1,-1,-1,1,-1,1,-1,1,0.00897269882261753
-1,1,1,1,1,1,1,1,1,1,1,-1,-1,-1,1,1,1,1,-1,1,0.00897193793207407
-1,1,1,1,1,1,1,1,1,1,1,-1,-1,1,-1,1,-1,-1,1,1,0.008972525596618652
-1,1,1,1,1,1,1,1,1,1,1,-1,1,-1,-1,1,-1,1,1,-1,0.008971735835075378
-1,1,1,1,1,1,1,1,1,1,1,-1,1,-1,-1,1,-1,1,1,1,0.008972149342298508
-1,1,1,1,1,1,1,1,1,1,1,-1,1,-1,1,-1,1,1,-1,1,0.00897169578820467
-1,1,1,1,1,1,1,1,1,1,1,-1,1,1,-1,-1,-1,-1,-1,-1,0.008972079493105412
-1,1,1,1,1,1,1,1,1,1,1,1,-1,1,1,1,-1,1,-1,1,0.008972404524683952
-1,1,1,1,1,1,1,1,1,1,1,1,1,-1,-1,-1,-1,-1,1,1,0.008972245268523693
-1,1,1,1,1,1,1,1,1,1,1,1,1,-1,-1,-1,1,-1,-1,1,0.008972200565040112
-1,1,1,1,1,1,1,1,1,1,1,1,1,-1,-1,1,1,-1,1,1,0.008971893228590488
-1,1,1,1,1,1,1,1,1,1,1,1,1,1,1,-1,-1,1,1,-1,0.008971537463366985
1,-1,-1,-1,-1,-1,-1,-1,-1,-1,-1,-1,1,1,1,-1,-1,-1,1,-1,0.00897083431482315
1,-1,-1,-1,-1,-1,-1,-1,-1,-1,-1,-1,1,1,1,-1,-1,1,-1,-1,0.008971130475401878
1,-1,-1,-1,-1,-1,-1,-1,-1,-1,-1,1,1,-1,-1,-1,-1,-1,-1,-1,0.008971511386334896
1,-1,-1,-1,-1,-1,-1,-1,-1,-1,-1,1,1,1,-1,-1,1,-1,-1,1,0.008971793577075005
1,-1,-1,-1,-1,-1,-1,-1,-1,-1,-1,1,1,1,1,-1,-1,-1,-1,-1,0.008971131406724453
1,-1,-1,-1,-1,-1,-1,-1,-1,-1,1,1,-1,-1,-1,-1,-1,1,1,1,0.00897216983139515
1,-1,-1,-1,-1,-1,-1,-1,-1,1,-1,-1,-1,1,-1,-1,-1,-1,1,1,0.008972179144620895
1,-1,-1,-1,-1,-1,-1,-1,-1,1,-1,-1,1,-1,1,-1,1,1,1,-1,0.00897062849253416
1,-1,-1,-1,-1,-1,-1,-1,-1,1,-1,1,-1,-1,1,-1,1,-1,-1,-1,0.008971177972853184
1,-1,-1,-1,-1,-1,-1,-1,-1,1,-1,1,-1,-1,1,1,-1,-1,-1,1,0.008971750736236572
1,-1,-1,-1,-1,-1,-1,-1,-1,1,-1,1,1,-1,-1,1,-1,-1,-1,1,0.008971916511654854
1,-1,-1,-1,-1,-1,-1,-1,-1,1,-1,1,1,1,-1,-1,1,-1,1,-1,0.008971257135272026
1,-1,-1,-1,-1,-1,-1,-1,-1,1,-1,1,1,1,-1,1,1,-1,-1,1,0.008971785195171833
1,-1,-1,-1,-1,-1,-1,-1,-1,1,1,1,-1,-1,1,-1,-1,-1,1,1,0.008971666917204857
1,-1,-1,-1,-1,-1,-1,-1,-1,1,1,1,-1,1,1,1,-1,-1,1,1,0.00897169392555952
1,-1,-1,-1,-1,-1,-1,-1,-1,1,1,1,1,1,1,-1,1,-1,-1,1,0.008971406146883965
1,-1,-1,-1,-1,-1,-1,-1,1,-1,-1,-1,-1,1,1,-1,-1,1,1,1,0.008971773087978363
1,-1,-1,-1,-1,-1,-1,-1,1,-1,-1,-1,1,-1,1,1,-1,-1,-1,1,0.008971338160336018
1,-1,-1,-1,-1,-1,-1,-1,1,-1,-1,1,1,-1,-1,1,-1,-1,1,1,0.008971719071269035
1,-1,-1,-1,-1,-1,-1,-1,1,-1,-1,1,1,-1,1,-1,-1,1,1,-1,0.008970983326435089
1,-1,-1,-1,-1,-1,-1,-1,1,-1,1,-1,1,1,-1,-1,-1,-1,-1,-1,0.008971679024398327
1,-1,-1,-1,-1,-1,-1,-1,1,-1,1,1,-1,-1,1,-1,1,-1,-1,-1,0.008971219882369041
1,-1,-1,-1,-1,-1,-1,-1,1,1,-1,-1,-1,-1,-1,1,1,-1,1,-1,0.008971389383077621
1,-1,-1,-1,-1,-1,-1,-1,1,1,-1,-1,-1,-1,1,1,-1,1,1,1,0.008971640840172768
1,-1,-1,-1,-1,-1,-1,-1,1,1,-1,-1,-1,1,-1,-1,-1,1,-1,1,0.008972575888037682
1,-1,-1,-1,-1,-1,-1,-1,1,1,-1,-1,1,-1,-1,1,1,1,1,-1,0.0089711369946599
1,-1,-1,-1,-1,-1,-1,-1,1,1,-1,1,-1,-1,-1,1,1,-1,-1,1,0.008972099982202053
1,-1,-1,-1,-1,-1,-1,-1,1,1,-1,1,1,1,-1,-1,-1,-1,-1,1,0.008972236886620522
1,-1,-1,-1,-1,-1,-1,-1,1,1,1,-1,-1,-1,1,-1,1,1,-1,1,0.008971720933914185
1,-1,-1,-1,-1,-1,-1,-1,1,1,1,-1,-1,1,-1,1,-1,1,-1,-1,0.00897209532558918
1,-1,-1,-1,-1,-1,-1,-1,1,1,1,-1,1,1,1,-1,1,1,-1,1,0.008971505798399448
1,-1,-1,-1,-1,-1,-1,1,-1,-1,-1,-1,-1,1,-1,-1,1,1,-1,-1,0.00897207111120224
1,-1,-1,-1,-1,-1,-1,1,-1,-1,-1,-1,1,-1,-1,-1,1,-1,1,1,0.008971725590527058
1,-1,-1,-1,-1,-1,-1,1,-1,-1,-1,1,-1,1,-1,-1,-1,1,1,1,0.008972616866230965
1,-1,-1,-1,-1,-1,-1,1,-1,-1,-1,1,1,1,-1,1,-1,-1,-1,-1,0.00897189136594534
1,-1,-1,-1,-1,-1,-1,1,-1,-1,-1,1,1,1,1,1,-1,1,-1,1,0.008971886709332466
1,-1,-1,-1,-1,-1,-1,1,-1,-1,1,-1,-1,-1,1,-1,1,1,1,-1,0.0089712617918849
1,-1,-1,-1,-1,-1,-1,1,-1,-1,1,-1,-1,-1,1,1,1,1,-1,-1,0.008971375413239002
1,-1,-1,-1,-1,-1,-1,1,-1,-1,1,-1,1,-1,1,1,1,1,-1,1,0.008971449919044971
1,-1,-1,-1,-1,-1,-1,1,-1,-1,1,1,-1,-1,-1,1,1,-1,1,-1,0.008971670642495155
1,-1,-1,-1,-1,-1,-1,1,-1,-1,1,1,-1,1,-1,1,-1,1,-1,1,0.008972760289907455
1,-1,-1,-1,-1,-1,-1,1,-1,-1,1,1,1,-1,1,1,1,-1,-1,1,0.008971450850367546
1,-1,-1,-1,-1,-1,-1,1,-1,1,-1,-1,-1,1,-1,-1,1,-1,-1,1,0.008972485549747944
1,-1,-1,-1,-1,-1,-1,1,-1,1,-1,-1,-1,1,-1,-1,1,-1,1,-1,0.008971861563622952
1,-1,-1,-1,-1,-1,-1,1,-1,1,-1,-1,1,-1,-1,1,-1,-1,-1,-1,0.00897176843136549
1,-1,-1,-1,-1,-1,-1,1,-1,1,-1,-1,1,-1,-1,1,1,1,1,-1,0.008971388451755047
1,-1,-1,-1,-1,-1,-1,1,-1,1,-1,1,-1,-1,-1,-1,-1,1,-1,1,0.008972790092229843
1,-1,-1,-1,-1,-1,-1,1,-1,1,-1,1,1,-1,-1,1,-1,1,-1,-1,0.008971941657364368
1,-1,-1,-1,-1,-1,-1,1,-1,1,-1,1,1,-1,1,-1,-1,-1,-1,1,0.008971860632300377
1,-1,-1,-1,-1,-1,-1,1,-1,1,-1,1,1,-1,1,-1,1,1,-1,1,0.008971691131591797
1,-1,-1,-1,-1,-1,-1,1,-1,1,-1,1,1,1,1,1,1,1,1,1,0.008971508592367172
1,-1,-1,-1,-1,-1,-1,1,-1,1,1,-1,-1,1,-1,1,-1,1,-1,-1,0.008972346782684326
1,-1,-1,-1,-1,-1,-1,1,-1,1,1,-1,1,-1,-1,-1,-1,1,1,1,0.008972183801233768
1,-1,-1,-1,-1,-1,-1,1,-1,1,1,-1,1,-1,1,-1,-1,1,-1,1,0.00897188950330019
1,-1,-1,-1,-1,-1,-1,1,-1,1,1,-1,1,1,-1,1,1,1,1,1,0.008971955627202988
1,-1,-1,-1,-1,-1,-1,1,-1,1,1,-1,1,1,1,1,-1,1,1,-1,0.008971293456852436
1,-1,-1,-1,-1,-1,-1,1,1,-1,-1,-1,-1,-1,-1,-1,-1,-1,-1,-1,0.00897221639752388
1,-1,-1,-1,-1,-1,-1,1,1,-1,-1,-1,1,-1,1,1,-1,-1,1,-1,0.00897106621414423
1,-1,-1,-1,-1,-1,-1,1,1,-1,-1,1,-1,1,-1,1,-1,-1,-1,-1,0.008972330950200558
1,-1,-1,-1,-1,-1,-1,1,1,-1,-1,1,-1,1,1,1,1,-1,-1,1,0.0089719844982028
1,-1,-1,-1,-1,-1,-1,1,1,-1,1,-1,-1,-1,1,-1,1,1,-1,-1,0.008971571922302246
1,-1,-1,-1,-1,-1,-1,1,1,-1,1,-1,-1,1,1,1,-1,1,1,1,0.00897205900400877
1,-1,-1,-1,-1,-1,-1,1,1,-1,1,-1,1,-1,1,1,-1,-1,1,-1,0.008971096016466618
1,-1,-1,-1,-1,-1,-1,1,1,-1,1,-1,1,1,1,-1,1,1,-1,-1,0.00897135678678751
1,-1,-1,-1,-1,-1,-1,1,1,-1,1,1,-1,-1,-1,-1,1,-1,-1,-1,0.008972076699137688
1,-1,-1,-1,-1,-1,-1,1,1,-1,1,1,-1,-1,1,-1,-1,1,1,-1,0.008971704170107841
1,-1,-1,-1,-1,-1,-1,1,1,-1,1,1,-1,-1,1,1,1,-1,-1,1,0.00897188950330019
1,-1,-1,-1,-1,-1,-1,1,1,-1,1,1,-1,1,-1,-1,1,-1,-1,-1,0.008972200565040112
1,-1,-1,-1,-1,-1,-1,1,1,-1,1,1,-1,1,1,1,-1,1,-1,-1,0.008971941657364368
1,-1,-1,-1,-1,-1,-1,1,1,-1,1,1,1,-1,1,-1,1,1,1,-1,0.008971109054982662
1,-1,-1,-1,-1,-1,-1,1,1,-1,1,1,1,1,1,-1,-1,-1,1,1,0.008971815928816795
1,-1,-1,-1,-1,-1,-1,1,1,1,-1,-1,-1,-1,-1,-1,1,1,-1,1,0.008972547948360443
1,-1,-1,-1,-1,-1,-1,1,1,1,-1,1,-1,1,-1,1,1,1,1,1,0.008972452022135258
1,-1,-1,-1,-1,-1,-1,1,1,1,-1,1,-1,1,1,-1,1,-1,-1,1,0.00897216796875
1,-1,-1,-1,-1,-1,-1,1,1,1,-1,1,1,1,-1,-1,-1,-1,-1,1,0.008972588926553726
1,-1,-1,-1,-1,-1,-1,1,1,1,-1,1,1,1,-1,-1,-1,1,1,-1,0.008972051553428173
1,-1,-1,-1,-1,-1,-1,1,1,1,1,-1,-1,1,-1,-1,-1,-1,1,-1,0.008972247131168842
1,-1,-1,-1,-1,-1,-1,1,1,1,1,-1,1,-1,-1,-1,-1,-1,-1,1,0.008972407318651676
1,-1,-1,-1,-1,-1,-1,1,1,1,1,1,-1,-1,-1,-1,-1,1,-1,1,0.008972919546067715
1,-1,-1,-1,-1,-1,-1,1,1,1,1,1,-1,-1,-1,-1,1,-1,-1,1,0.00897257775068283
1,-1,-1,-1,-1,-1,-1,1,1,1,1,1,-1,-1,-1,1,-1,1,-1,1,0.00897282361984253
1,-1,-1,-1,-1,-1,-1,1,1,1,1,1,-1,-1,-1,1,1,1,-1,-1,0.00897215399891138
1,-1,-1,-1,-1,-1,1,-1,-1,-1,-1,-1,-1,-1,-1,1,1,1,-1,-1,0.008971513248980045
1,-1,-1,-1,-1,-1,1,-1,-1,-1,-1,-1,1,1,1,-1,-1,1,1,1,0.008971349336206913
1,-1,-1,-1,-1,-1,1,-1,-1,-1,-1,1,-1,-1,1,1,1,1,-1,-1,0.008971095085144043
1,-1,-1,-1,-1,-1,1,-1,-1,-1,-1,1,-1,1,1,1,1,-1,1,-1,0.008970922790467739
1,-1,-1,-1,-1,-1,1,-1,-1,-1,-1,1,1,1,-1,-1,-1,-1,-1,1,0.008972064591944218
1,-1,-1,-1,-1,-1,1,-1,-1,-1,1,-1,1,-1,1,-1,-1,1,1,-1,0.008970840834081173
1,-1,-1,-1,-1,-1,1,-1,-1,-1,1,-1,1,-1,1,1,1,-1,-1,-1,0.008970612660050392
1,-1,-1,-1,-1,-1,1,-1,-1,-1,1,-1,1,-1,1,1,1,1,-1,-1,0.008970699273049831
1,-1,-1,-1,-1,-1,1,-1,-1,-1,1,1,-1,-1,-1,-1,-1,1,1,1,0.008972184732556343
1,-1,-1,-1,-1,-1,1,-1,-1,1,-1,-1,-1,-1,-1,1,-1,1,-1,1,0.008972270414233208
1,-1,-1,-1,-1,-1,1,-1,-1,1,-1,-1,-1,-1,-1,1,1,1,1,-1,0.008971390314400196
1,-1,-1,-1,-1,-1,1,-1,-1,1,-1,-1,-1,-1,1,1,-1,1,-1,-1,0.008971352130174637
1,-1,-1,-1,-1,-1,1,-1,-1,1,-1,-1,-1,1,-1,1,-1,1,-1,1,0.008972394280135632
1,-1,-1,-1,-1,-1,1,-1,-1,1,-1,-1,1,1,1,-1,1,1,-1,1,0.00897139124572277
1,-1,-1,-1,-1,-1,1,-1,-1,1,-1,1,-1,1,1,-1,-1,1,-1,1,0.008972072042524815
1,-1,-1,-1,-1,-1,1,-1,-1,1,-1,1,1,-1,1,-1,1,1,1,1,0.008971143513917923
1,-1,-1,-1,-1,-1,1,-1,-1,1,-1,1,1,1,1,1,1,-1,1,-1,0.008970671333372593
1,-1,-1,-1,-1,-1,1,-1,-1,1,1,-1,-1,-1,-1,1,1,-1,1,-1,0.008971333503723145
1,-1,-1,-1,-1,-1,1,-1,-1,1,1,1,-1,-1,-1,-1,-1,1,1,1,0.008972272276878357
1,-1,-1,-1,-1,-1,1,-1,-1,1,1,1,1,-1,-1,1,1,-1,1,1,0.008971494622528553
1,-1,-1,-1,-1,-1,1,-1,-1,1,1,1,1,-1,1,-1,-1,1,1,-1,0.008971014991402626
1,-1,-1,-1,-1,-1,1,-1,-1,1,1,1,1,-1,1,-1,1,-1,-1,1,0.008971297182142735
1,-1,-1,-1,-1,-1,1,-1,1,-1,-1,-1,-1,-1,1,-1,-1,-1,1,1,0.008971578441560268
1,-1,-1,-1,-1,-1,1,-1,1,-1,-1,-1,-1,-1,1,-1,1,-1,1,-1,0.00897090882062912
1,-1,-1,-1,-1,-1,1,-1,1,-1,-1,-1,-1,1,-1,-1,1,-1,1,-1,0.008971537463366985
1,-1,-1,-1,-1,-1,1,-1,1,-1,-1,-1,1,-1,1,-1,-1,-1,-1,-1,0.008971035480499268
1,-1,-1,-1,-1,-1,1,-1,1,-1,-1,-1,1,1,-1,1,-1,1,-1,-1,0.008971653878688812
1,-1,-1,-1,-1,-1,1,-1,1,-1,-1,1,-1,-1,1,-1,-1,1,1,-1,0.008971337229013443
1,-1,-1,-1,-1,-1,1,-1,1,-1,-1,1,-1,1,-1,-1,1,1,-1,1,0.008972333744168282
1,-1,-1,-1,-1,-1,1,-1,1,-1,-1,1,-1,1,1,1,-1,1,-1,-1,0.00897157471626997
1,-1,-1,-1,-1,-1,1,-1,1,-1,-1,1,1,-1,-1,1,1,-1,-1,-1,0.008971274830400944
1,-1,-1,-1,-1,-1,1,-1,1,-1,-1,1,1,-1,1,1,-1,-1,1,-1,0.008970815688371658
1,-1,-1,-1,-1,-1,1,-1,1,-1,-1,1,1,1,-1,1,1,1,1,1,0.008971688337624073
1,-1,-1,-1,-1,-1,1,-1,1,-1,-1,1,1,1,1,1,-1,-1,-1,1,0.008971563540399075
1,-1,-1,-1,-1,-1,1,-1,1,-1,1,-1,-1,-1,-1,1,1,-1,-1,1,0.008971970528364182
1,-1,-1,-1,-1,-1,1,-1,1,-1,1,-1,-1,1,-1,-1,-1,1,1,-1,0.008971908129751682
1,-1,-1,-1,-1,-1,1,-1,1,-1,1,-1,-1,1,-1,1,1,-1,-1,1,0.008972094394266605
1,-1,-1,-1,-1,-1,1,-1,1,-1,1,-1,1,1,1,1,1,-1,-1,1,0.008971250616014004
1,-1,-1,-1,-1,-1,1,-1,1,-1,1,-1,1,1,1,1,1,-1,1,1,0.00897104013711214
1,-1,-1,-1,-1,-1,1,-1,1,-1,1,1,-1,-1,-1,-1,1,-1,1,1,0.008971942588686943
1,-1,-1,-1,-1,-1,1,-1,1,-1,1,1,-1,1,-1,1,-1,1,-1,1,0.008972522802650928
1,-1,-1,-1,-1,-1,1,-1,1,1,-1,-1,-1,-1,-1,-1,-1,-1,-1,1,0.008972380310297012
1,-1,-1,-1,-1,-1,1,-1,1,1,-1,-1,1,-1,1,1,1,1,1,-1,0.008970647118985653
1,-1,-1,-1,-1,-1,1,-1,1,1,-1,-1,1,1,-1,1,1,1,1,1,0.008971689268946648
1,-1,-1,-1,-1,-1,1,-1,1,1,-1,1,-1,-1,-1,1,1,-1,-1,-1,0.008971701376140118
1,-1,-1,-1,-1,-1,1,-1,1,1,-1,1,-1,1,-1,-1,-1,1,1,1,0.008972466923296452
1,-1,-1,-1,-1,-1,1,-1,1,1,1,-1,-1,1,-1,1,1,1,1,1,0.008972058072686195
1,-1,-1,-1,-1,-1,1,-1,1,1,1,-1,-1,1,1,1,-1,-1,-1,1,0.008971932344138622
1,-1,-1,-1,-1,-1,1,-1,1,1,1,-1,1,-1,-1,1,-1,-1,1,-1,0.008971350267529488
1,-1,-1,-1,-1,-1,1,-1,1,1,1,-1,1,1,-1,-1,1,1,1,-1,0.008971401490271091
1,-1,-1,-1,-1,-1,1,-1,1,1,1,1,-1,-1,1,-1,-1,-1,-1,1,0.008971991948783398
1,-1,-1,-1,-1,-1,1,-1,1,1,1,1,1,-1,1,1,1,-1,-1,-1,0.008970886468887329
1,-1,-1,-1,-1,-1,1,1,-1,-1,-1,-1,-1,-1,1,-1,-1,1,-1,1,0.008972126990556717
1,-1,-1,-1,-1,-1,1,1,-1,-1,-1,-1,1,-1,-1,1,-1,-1,-1,1,0.0089721092954278
1,-1,-1,-1,-1,-1,1,1,-1,-1,-1,-1,1,-1,1,-1,1,-1,1,1,0.00897123571485281
1,-1,-1,-1,-1,-1,1,1,-1,-1,-1,-1,1,1,-1,1,1,-1,1,-1,0.008971353992819786
1,-1,-1,-1,-1,-1,1,1,-1,-1,-1,1,1,1,1,-1,1,-1,-1,1,0.008971655741333961
1,-1,-1,-1,-1,-1,1,1,-1,-1,1,-1,1,-1,1,-1,1,1,-1,-1,0.008971147239208221
1,-1,-1,-1,-1,-1,1,1,-1,-1,1,-1,1,1,-1,1,-1,1,1,-1,0.008971725590527058
1,-1,-1,-1,-1,-1,1,1,-1,1,-1,-1,-1,-1,-1,1,1,1,-1,1,0.008972366340458393
1,-1,-1,-1,-1,-1,1,1,-1,1,-1,-1,1,-1,-1,1,-1,1,1,-1,0.00897165946662426
1,-1,-1,-1,-1,-1,1,1,-1,1,-1,-1,1,-1,1,1,1,-1,-1,-1,0.008971023373305798
1,-1,-1,-1,-1,-1,1,1,-1,1,-1,1,-1,1,1,1,1,1,1,-1,0.008971448987722397
1,-1,-1,-1,-1,-1,1,1,-1,1,-1,1,1,-1,-1,-1,1,1,1,-1,0.00897158682346344
1,-1,-1,-1,-1,-1,1,1,-1,1,-1,1,1,1,1,1,-1,-1,1,-1,0.008971278555691242
1,-1,-1,-1,-1,-1,1,1,-1,1,1,-1,-1,-1,-1,-1,1,-1,1,-1,0.00897178240120411
1,-1,-1,-1,-1,-1,1,1,-1,1,1,-1,-1,-1,-1,1,-1,-1,1,-1,0.008971941657364368
1,-1,-1,-1,-1,-1,1,1,-1,1,1,-1,-1,-1,-1,1,1,-1,-1,1,0.008972309529781342
1,-1,-1,-1,-1,-1,1,1,-1,1,1,-1,-1,-1,-1,1,1,1,1,1,0.008972185663878918
1,-1,-1,-1,-1,-1,1,1,-1,1,1,1,-1,-1,-1,1,1,1,-1,1,0.00897248275578022
1,-1,-1,-1,-1,-1,1,1,-1,1,1,1,-1,1,-1,1,-1,1,-1,1,0.008972861804068089
1,-1,-1,-1,-1,-1,1,1,-1,1,1,1,1,1,-1,-1,-1,-1,1,-1,0.008971909061074257
1,-1,-1,-1,-1,-1,1,1,1,-1,-1,-1,1,-1,-1,1,1,1,1,1,0.008971829898655415
1,-1,-1,-1,-1,-1,1,1,1,-1,-1,-1,1,-1,1,1,1,1,-1,-1,0.008971122093498707
1,-1,-1,-1,-1,-1,1,1,1,-1,-1,-1,1,1,1,1,1,-1,-1,-1,0.008971159346401691
1,-1,-1,-1,-1,-1,1,1,1,-1,1,-1,-1,-1,1,1,-1,1,1,1,0.008971949107944965
1,-1,-1,-1,-1,-1,1,1,1,-1,1,-1,1,-1,1,1,-1,-1,-1,1,0.008971734903752804
1,-1,-1,-1,-1,-1,1,1,1,-1,1,1,-1,-1,-1,-1,1,-1,-1,1,0.00897250510752201
1,-1,-1,-1,-1,-1,1,1,1,-1,1,1,-1,-1,-1,-1,1,1,1,1,0.008972381241619587
1,-1,-1,-1,-1,-1,1,1,1,-1,1,1,-1,-1,-1,1,-1,-1,-1,1,0.00897266436368227
1,-1,-1,-1,-1,-1,1,1,1,-1,1,1,1,-1,1,-1,-1,1,1,-1,0.0089713791385293
1,-1,-1,-1,-1,-1,1,1,1,-1,1,1,1,1,1,1,-1,-1,-1,-1,0.008971530944108963
1,-1,-1,-1,-1,-1,1,1,1,1,-1,-1,-1,-1,1,-1,1,-1,1,-1,0.008971348404884338
1,-1,-1,-1,-1,-1,1,1,1,1,-1,-1,-1,-1,1,-1,1,1,-1,-1,0.008971644565463066
1,-1,-1,-1,-1,-1,1,1,1,1,-1,-1,-1,-1,1,-1,1,1,-1,1,0.008972058072686195
1,-1,-1,-1,-1,-1,1,1,1,1,-1,-1,1,-1,-1,1,-1,-1,1,-1,0.00897167343646288
1,-1,-1,-1,-1,-1,1,1,1,1,-1,-1,1,1,1,-1,-1,-1,1,1,0.008971801958978176
1,-1,-1,-1,-1,-1,1,1,1,1,-1,1,-1,-1,1,-1,-1,-1,-1,-1,0.008971900679171085
1,-1,-1,-1,-1,-1,1,1,1,1,1,-1,1,1,-1,1,-1,1,-1,-1,0.008972123265266418
1,-1,-1,-1,-1,-1,1,1,1,1,1,-1,1,1,1,1,-1,-1,1,-1,0.00897132232785225
1,-1,-1,-1,-1,-1,1,1,1,1,1,1,1,1,-1,-1,-1,1,1,1,0.00897250883281231
1,-1,-1,-1,-1,-1,1,1,1,1,1,1,1,1,1,1,1,-1,-1,1,0.008971776813268661
1,-1,-1,-1,-1,1,-1,-1,-1,-1,-1,-1,-1,-1,-1,-1,1,-1,-1,1,0.008971833623945713
1,-1,-1,-1,-1,1,-1,-1,-1,-1,-1,1,1,1,-1,-1,1,1,1,-1,0.008971167728304863
1,-1,-1,-1,-1,1,-1,-1,-1,-1,1,-1,1,1,1,1,1,-1,-1,1,0.008971046656370163
1,-1,-1,-1,-1,1,-1,-1,-1,-1,1,1,-1,-1,1,-1,-1,-1,1,-1,0.00897107645869255
1,-1,-1,-1,-1,1,-1,-1,-1,-1,1,1,-1,1,-1,1,-1,-1,1,1,0.00897202268242836
1,-1,-1,-1,-1,1,-1,-1,-1,-1,1,1,-1,1,-1,1,1,1,1,-1,0.00897143967449665
1,-1,-1,-1,-1,1,-1,-1,-1,-1,1,1,1,1,1,1,1,-1,1,-1,0.00897050928324461
1,-1,-1,-1,-1,1,-1,-1,-1,1,-1,-1,-1,-1,1,1,-1,-1,-1,-1,0.008971162140369415
1,-1,-1,-1,-1,1,-1,-1,-1,1,-1,-1,1,-1,1,1,-1,-1,1,1,0.008971026167273521
1,-1,-1,-1,-1,1,-1,-1,-1,1,-1,1,-1,-1,1,1,-1,-1,-1,-1,0.008971248753368855
1,-1,-1,-1,-1,1,-1,-1,-1,1,-1,1,1,-1,-1,-1,-1,-1,1,-1,0.008971299976110458
1,-1,-1,-1,-1,1,-1,-1,-1,1,-1,1,1,-1,1,1,-1,1,1,-1,0.00897078588604927
1,-1,-1,-1,-1,1,-1,-1,-1,1,-1,1,1,1,-1,-1,1,1,1,-1,0.008971254341304302
1,-1,-1,-1,-1,1,-1,-1,-1,1,1,-1,-1,1,-1,1,-1,-1,1,-1,0.008971610106527805
1,-1,-1,-1,-1,1,-1,-1,-1,1,1,-1,1,1,1,-1,1,1,-1,-1,0.008970903232693672
1,-1,-1,-1,-1,1,-1,-1,-1,1,1,1,-1,-1,1,-1,-1,-1,-1,-1,0.008971374481916428
1,-1,-1,-1,-1,1,-1,-1,-1,1,1,1,-1,-1,1,-1,-1,1,-1,1,0.008971873670816422
1,-1,-1,-1,-1,1,-1,-1,-1,1,1,1,1,-1,-1,1,1,-1,-1,1,0.008971601724624634
1,-1,-1,-1,-1,1,-1,-1,1,-1,-1,-1,-1,-1,-1,1,1,-1,-1,1,0.008971837349236012
1,-1,-1,-1,-1,1,-1,-1,1,-1,-1,-1,-1,1,-1,-1,-1,1,-1,1,0.00897239986807108
1,-1,-1,-1,-1,1,-1,-1,1,-1,-1,-1,-1,1,-1,-1,-1,1,1,1,0.008972189389169216
1,-1,-1,-1,-1,1,-1,-1,1,-1,-1,-1,1,1,-1,-1,1,-1,1,1,0.008971508592367172
1,-1,-1,-1,-1,1,-1,-1,1,-1,-1,1,-1,-1,1,-1,1,1,1,-1,0.008970977738499641
1,-1,-1,-1,-1,1,-1,-1,1,-1,-1,1,1,-1,1,1,1,-1,-1,1,0.008971080183982849
1,-1,-1,-1,-1,1,-1,-1,1,-1,-1,1,1,1,1,1,1,-1,-1,-1,0.008970790542662144
1,-1,-1,-1,-1,1,-1,-1,1,-1,1,-1,-1,-1,-1,1,-1,-1,-1,-1,0.008971708826720715
1,-1,-1,-1,-1,1,-1,-1,1,-1,1,-1,-1,1,-1,1,1,1,1,-1,0.008971452713012695
1,-1,-1,-1,-1,1,-1,-1,1,-1,1,-1,1,-1,-1,-1,1,1,-1,-1,0.00897129625082016
1,-1,-1,-1,-1,1,-1,-1,1,-1,1,-1,1,1,1,1,-1,-1,1,1,0.008971192874014378
1,-1,-1,-1,-1,1,-1,-1,1,-1,1,1,-1,1,1,-1,-1,1,1,-1,0.008971386589109898
1,-1,-1,-1,-1,1,-1,-1,1,-1,1,1,1,1,-1,-1,-1,-1,-1,1,0.008972089737653732
1,-1,-1,-1,-1,1,-1,-1,1,-1,1,1,1,1,1,-1,-1,1,-1,-1,0.0089712580665946
1,-1,-1,-1,-1,1,-1,-1,1,1,-1,-1,-1,1,-1,-1,1,-1,1,-1,0.008971520699560642
1,-1,-1,-1,-1,1,-1,-1,1,1,-1,1,1,1,1,-1,-1,1,1,1,0.008971519768238068
1,-1,-1,-1,-1,1,-1,-1,1,1,1,-1,-1,1,1,1,-1,1,1,-1,0.008971291594207287
1,-1,-1,-1,-1,1,-1,-1,1,1,1,1,-1,1,-1,-1,-1,1,1,-1,0.008971978910267353
1,-1,-1,-1,-1,1,-1,1,-1,-1,-1,-1,1,-1,-1,-1,-1,1,1,-1,0.00897156447172165
1,-1,-1,-1,-1,1,-1,1,-1,-1,-1,-1,1,-1,1,-1,1,-1,-1,1,0.008971341885626316
1,-1,-1,-1,-1,1,-1,1,-1,-1,-1,-1,1,-1,1,1,1,-1,1,1,0.008971035480499268
1,-1,-1,-1,-1,1,-1,1,-1,-1,-1,1,-1,-1,1,1,-1,1,-1,-1,0.008971599861979485
1,-1,-1,-1,-1,1,-1,1,-1,-1,-1,1,-1,1,1,-1,1,1,-1,-1,0.00897156447172165
1,-1,-1,-1,-1,1,-1,1,-1,-1,1,1,-1,1,-1,1,-1,1,1,1,0.008972461335361004
1,-1,-1,-1,-1,1,-1,1,-1,-1,1,1,-1,1,1,1,-1,-1,1,-1,0.008971456438302994
1,-1,-1,-1,-1,1,-1,1,-1,-1,1,1,-1,1,1,1,1,-1,-1,1,0.008971825242042542
1,-1,-1,-1,-1,1,-1,1,-1,-1,1,1,1,-1,-1,1,-1,-1,1,1,0.00897191185504198
1,-1,-1,-1,-1,1,-1,1,-1,-1,1,1,1,1,-1,1,1,-1,1,1,0.008971779607236385
1,-1,-1,-1,-1,1,-1,1,-1,-1,1,1,1,1,1,-1,-1,1,1,1,0.008971713483333588
1,-1,-1,-1,-1,1,-1,1,-1,1,-1,-1,1,-1,-1,1,1,1,-1,1,0.00897192396223545
1,-1,-1,-1,-1,1,-1,1,-1,1,-1,-1,1,1,1,-1,-1,-1,1,1,0.00897159893065691
1,-1,-1,-1,-1,1,-1,1,-1,1,-1,-1,1,1,1,-1,1,1,1,-1,0.0089710159227252
1,-1,-1,-1,-1,1,-1,1,-1,1,1,-1,-1,-1,1,1,1,-1,-1,-1,0.008971287868916988
1,-1,-1,-1,-1,1,-1,1,-1,1,1,-1,-1,1,1,1,1,-1,1,-1,0.008971202187240124
1,-1,-1,-1,-1,1,-1,1,-1,1,1,-1,1,1,1,-1,1,-1,-1,-1,0.008971169590950012
1,-1,-1,-1,-1,1,-1,1,-1,1,1,1,-1,1,1,1,-1,-1,1,1,0.008971957489848137
1,-1,-1,-1,-1,1,-1,1,-1,1,1,1,1,-1,1,1,1,-1,-1,1,0.008971448987722397
1,-1,-1,-1,-1,1,-1,1,-1,1,1,1,1,1,1,-1,-1,-1,1,1,0.008971714414656162
1,-1,-1,-1,-1,1,-1,1,1,-1,-1,-1,-1,-1,1,1,-1,1,-1,-1,0.00897161290049553
1,-1,-1,-1,-1,1,-1,1,1,-1,-1,-1,-1,1,-1,-1,1,-1,1,1,0.008972199633717537
1,-1,-1,-1,-1,1,-1,1,1,-1,-1,-1,1,1,-1,1,1,-1,1,-1,0.008971350267529488
1,-1,-1,-1,-1,1,-1,1,1,-1,1,-1,-1,-1,1,-1,-1,1,1,1,0.008971942588686943
1,-1,-1,-1,-1,1,-1,1,1,-1,1,-1,1,-1,-1,-1,1,-1,1,-1,0.008971352130174637
1,-1,-1,-1,-1,1,-1,1,1,-1,1,-1,1,-1,-1,1,1,-1,1,-1,0.008971256203949451
1,-1,-1,-1,-1,1,-1,1,1,-1,1,1,-1,-1,1,-1,-1,-1,1,-1,0.008971529081463814
1,-1,-1,-1,-1,1,-1,1,1,-1,1,1,-1,-1,1,-1,1,-1,1,1,0.008971686474978924
1,-1,-1,-1,-1,1,-1,1,1,-1,1,1,-1,1,-1,-1,-1,1,-1,-1,0.008972453884780407
1,-1,-1,-1,-1,1,-1,1,1,-1,1,1,-1,1,1,1,-1,1,1,1,0.008972056210041046
1,-1,-1,-1,-1,1,-1,1,1,-1,1,1,1,-1,-1,-1,1,-1,-1,1,0.008972062729299068
1,-1,-1,-1,-1,1,-1,1,1,-1,1,1,1,-1,1,1,1,1,1,1,0.008971337229013443
1,-1,-1,-1,-1,1,-1,1,1,1,-1,-1,1,-1,-1,-1,-1,-1,1,-1,0.008971665985882282
1,-1,-1,-1,-1,1,-1,1,1,1,-1,-1,1,1,1,-1,-1,1,-1,-1,0.008971581235527992
1,-1,-1,-1,-1,1,-1,1,1,1,-1,1,1,-1,-1,-1,-1,1,1,-1,0.008971838280558586
1,-1,-1,-1,-1,1,-1,1,1,1,1,-1,-1,-1,1,-1,-1,-1,1,-1,0.008971530012786388
1,-1,-1,-1,-1,1,-1,1,1,1,1,1,1,1,-1,-1,1,-1,-1,1,0.008972274139523506
1,-1,-1,-1,-1,1,1,-1,-1,-1,-1,-1,1,-1,-1,1,1,-1,-1,1,0.008971413597464561
1,-1,-1,-1,-1,1,1,-1,-1,-1,-1,1,-1,1,-1,-1,-1,-1,1,-1,0.008971691131591797
1,-1,-1,-1,-1,1,1,-1,-1,1,-1,-1,-1,-1,-1,-1,-1,-1,1,1,0.008971981704235077
1,-1,-1,-1,-1,1,1,-1,-1,1,-1,-1,-1,1,1,-1,1,-1,-1,1,0.008971555158495903
1,-1,-1,-1,-1,1,1,-1,-1,1,-1,1,-1,-1,-1,1,1,-1,1,1,0.008971716277301311
1,-1,-1,-1,-1,1,1,-1,-1,1,-1,1,-1,-1,1,1,1,1,-1,1,0.008971507661044598
1,-1,-1,-1,-1,1,1,-1,-1,1,1,-1,-1,-1,-1,1,1,1,1,1,0.008971745148301125
1,-1,-1,-1,-1,1,1,-1,-1,1,1,-1,-1,1,-1,1,-1,1,-1,-1,0.008971921168267727
1,-1,-1,-1,-1,1,1,-1,-1,1,1,1,-1,1,-1,1,-1,1,1,-1,0.008971797302365303
1,-1,-1,-1,-1,1,1,-1,-1,1,1,1,1,-1,-1,1,1,-1,-1,1,0.008971616625785828
1,-1,-1,-1,-1,1,1,-1,-1,1,1,1,1,1,-1,1,1,1,-1,-1,0.008971412666141987
1,-1,-1,-1,-1,1,1,-1,1,-1,-1,-1,-1,-1,-1,1,-1,1,-1,1,0.00897219404578209
1,-1,-1,-1,-1,1,1,-1,1,-1,-1,-1,-1,-1,-1,1,1,1,-1,-1,0.00897152442485094
1,-1,-1,-1,-1,1,1,-1,1,-1,-1,-1,1,-1,1,-1,-1,-1,-1,-1,0.008970947004854679
1,-1,-1,-1,-1,1,1,-1,1,-1,-1,1,-1,-1,-1,-1,1,-1,-1,-1,0.0089716212823987
1,-1,-1,-1,-1,1,1,-1,1,-1,-1,1,1,-1,1,1,1,-1,-1,1,0.008971095085144043
1,-1,-1,-1,-1,1,1,-1,1,-1,1,-1,-1,1,1,1,1,1,-1,-1,0.00897117331624031
1,-1,-1,-1,-1,1,1,-1,1,-1,1,-1,1,-1,-1,-1,-1,1,-1,1,0.008971980772912502
1,-1,-1,-1,-1,1,1,-1,1,-1,1,1,1,-1,1,-1,1,-1,1,1,0.008971010334789753
1,-1,-1,-1,-1,1,1,-1,1,-1,1,1,1,1,-1,1,-1,-1,-1,1,0.00897200871258974
1,-1,-1,-1,-1,1,1,-1,1,-1,1,1,1,1,1,-1,1,-1,1,-1,0.008970720693469048
1,-1,-1,-1,-1,1,1,-1,1,1,-1,-1,-1,1,-1,1,1,1,-1,-1,0.008971735835075378
1,-1,-1,-1,-1,1,1,-1,1,1,-1,-1,1,-1,1,-1,1,-1,1,1,0.00897098146378994
1,-1,-1,-1,-1,1,1,-1,1,1,-1,1,-1,1,-1,-1,1,-1,-1,-1,0.008971832692623138
1,-1,-1,-1,-1,1,1,-1,1,1,-1,1,1,1,1,-1,-1,-1,-1,1,0.008971658535301685
1,-1,-1,-1,-1,1,1,-1,1,1,1,-1,-1,-1,1,-1,1,-1,-1,-1,0.008971147239208221
1,-1,-1,-1,-1,1,1,-1,1,1,1,-1,-1,-1,1,-1,1,-1,-1,1,0.00897156074643135
1,-1,-1,-1,-1,1,1,-1,1,1,1,-1,-1,1,-1,-1,-1,-1,-1,1,0.00897244457155466
1,-1,-1,-1,-1,1,1,-1,1,1,1,-1,-1,1,-1,1,-1,1,-1,1,0.00897243432700634
1,-1,-1,-1,-1,1,1,-1,1,1,1,-1,-1,1,1,-1,-1,-1,1,1,0.00897173024713993
1,-1,-1,-1,-1,1,1,-1,1,1,1,-1,1,1,1,-1,-1,1,1,-1,0.008971063420176506
1,-1,-1,-1,-1,1,1,-1,1,1,1,1,1,1,1,-1,1,1,-1,-1,0.008971104398369789
1,-1,-1,-1,-1,1,1,1,-1,-1,-1,-1,-1,1,1,-1,-1,-1,1,-1,0.00897145178169012
1,-1,-1,-1,-1,1,1,1,-1,-1,-1,-1,1,-1,1,-1,1,-1,-1,1,0.00897135678678751
1,-1,-1,-1,-1,1,1,1,-1,-1,-1,1,-1,1,-1,-1,-1,-1,1,-1,0.008972043171525002
1,-1,-1,-1,-1,1,1,1,-1,-1,-1,1,1,-1,1,1,-1,-1,-1,-1,0.008971189148724079
1,-1,-1,-1,-1,1,1,1,-1,-1,1,-1,-1,-1,-1,-1,-1,-1,-1,-1,0.008972072042524815
1,-1,-1,-1,-1,1,1,1,-1,-1,1,-1,-1,1,1,-1,1,1,-1,1,0.00897193606942892
1,-1,-1,-1,-1,1,1,1,-1,-1,1,-1,1,-1,1,1,1,-1,-1,-1,0.008970876224339008
1,-1,-1,-1,-1,1,1,1,-1,-1,1,-1,1,-1,1,1,1,1,-1,1,0.008971376344561577
1,-1,-1,-1,-1,1,1,1,-1,-1,1,-1,1,1,-1,1,1,1,-1,-1,0.008971591480076313
1,-1,-1,-1,-1,1,1,1,-1,-1,1,1,-1,1,-1,-1,-1,-1,-1,-1,0.008972282521426678
1,-1,-1,-1,-1,1,1,1,-1,1,-1,1,-1,-1,-1,-1,-1,-1,-1,-1,0.00897221639752388
1,-1,-1,-1,-1,1,1,1,-1,1,-1,1,-1,-1,1,1,1,-1,1,1,0.008971563540399075
1,-1,-1,-1,-1,1,1,1,-1,1,-1,1,-1,1,1,1,-1,1,1,-1,0.008971615694463253
1,-1,-1,-1,-1,1,1,1,-1,1,-1,1,1,-1,1,-1,-1,-1,1,1,0.00897157657891512
1,-1,-1,-1,-1,1,1,1,-1,1,1,-1,1,1,1,-1,-1,1,-1,-1,0.008971525356173515
1,-1,-1,-1,-1,1,1,1,-1,1,1,1,1,-1,1,-1,1,1,1,1,0.008971435949206352
1,-1,-1,-1,-1,1,1,1,-1,1,1,1,1,-1,1,1,-1,-1,-1,1,0.008971719071269035
1,-1,-1,-1,-1,1,1,1,1,-1,-1,-1,-1,-1,-1,-1,-1,-1,-1,1,0.008972556330263615
1,-1,-1,-1,-1,1,1,1,1,-1,-1,-1,-1,-1,1,-1,1,-1,-1,-1,0.0089713828638196
1,-1,-1,-1,-1,1,1,1,1,-1,-1,1,1,-1,1,-1,1,-1,-1,-1,0.008971129544079304
1,-1,-1,-1,-1,1,1,1,1,-1,-1,1,1,1,-1,1,-1,-1,-1,-1,0.008971917442977428
1,-1,-1,-1,-1,1,1,1,1,-1,1,1,1,-1,-1,1,1,-1,1,1,0.008971771225333214
1,-1,-1,-1,-1,1,1,1,1,1,-1,-1,-1,-1,-1,1,1,1,1,-1,0.00897175446152687
1,-1,-1,-1,-1,1,1,1,1,1,-1,-1,-1,1,1,1,1,1,1,-1,0.008971373550593853
1,-1,-1,-1,-1,1,1,1,1,1,-1,1,-1,1,-1,-1,-1,1,1,-1,0.008972316049039364
1,-1,-1,-1,-1,1,1,1,1,1,-1,1,-1,1,1,-1,-1,1,-1,-1,0.008972021751105785
1,-1,-1,-1,-1,1,1,1,1,1,1,-1,-1,-1,1,1,-1,-1,1,-1,0.008971448056399822
1,-1,-1,-1,-1,1,1,1,1,1,1,-1,1,1,1,-1,1,1,1,1,0.008971573784947395
1,-1,-1,-1,-1,1,1,1,1,1,1,1,1,-1,-1,1,1,-1,-1,1,0.008972068317234516
1,-1,-1,-1,-1,1,1,1,1,1,1,1,1,1,-1,-1,1,1,1,-1,0.008971750736236572
1,-1,-1,-1,1,-1,-1,-1,-1,-1,-1,1,1,1,-1,1,-1,1,-1,1,0.008971570990979671
1,-1,-1,-1,1,-1,-1,-1,-1,-1,-1,1,1,1,1,1,1,1,-1,1,0.008970811031758785
1,-1,-1,-1,1,-1,-1,-1,-1,-1,1,-1,-1,1,1,-1,-1,1,1,-1,0.008970821276307106
1,-1,-1,-1,1,-1,-1,-1,-1,-1,1,-1,1,-1,1,1,-1,1,1,1,0.008970675058662891
1,-1,-1,-1,1,-1,-1,-1,-1,-1,1,1,-1,-1,1,1,-1,1,-1,-1,0.008970897644758224
1,-1,-1,-1,1,-1,-1,-1,-1,-1,1,1,-1,1,-1,1,-1,-1,1,-1,0.008971229195594788
1,-1,-1,-1,1,-1,-1,-1,-1,-1,1,1,-1,1,1,1,1,1,-1,-1,0.008970765396952629
1,-1,-1,-1,1,-1,-1,-1,-1,-1,1,1,1,-1,-1,-1,1,1,1,1,0.008971107192337513
1,-1,-1,-1,1,-1,-1,-1,-1,-1,1,1,1,-1,1,-1,1,1,1,1,0.008970602415502071
1,-1,-1,-1,1,-1,-1,-1,-1,1,-1,-1,-1,-1,-1,1,1,-1,1,-1,0.008970821276307106
1,-1,-1,-1,1,-1,-1,-1,-1,1,-1,-1,-1,1,-1,-1,1,1,1,-1,0.008971127681434155
1,-1,-1,-1,1,-1,-1,-1,-1,1,-1,-1,-1,1,-1,1,-1,1,1,1,0.008971701376140118
1,-1,-1,-1,1,-1,-1,-1,-1,1,-1,1,-1,1,-1,-1,-1,-1,1,-1,0.008971383795142174
1,-1,-1,-1,1,-1,-1,-1,-1,1,-1,1,1,1,1,1,-1,-1,1,-1,0.008970444090664387
1,-1,-1,-1,1,-1,-1,-1,-1,1,1,-1,-1,1,1,1,1,1,-1,-1,0.008970766328275204
1,-1,-1,-1,1,-1,-1,-1,-1,1,1,-1,1,-1,1,1,-1,1,-1,-1,0.008970559574663639
1,-1,-1,-1,1,-1,-1,-1,-1,1,1,1,-1,-1,-1,1,1,1,-1,1,0.00897164735943079
1,-1,-1,-1,1,-1,-1,-1,-1,1,1,1,-1,1,-1,1,-1,1,-1,1,0.008972027339041233
1,-1,-1,-1,1,-1,-1,-1,-1,1,1,1,-1,1,1,-1,1,1,1,1,0.008971152827143669
1,-1,-1,-1,1,-1,-1,-1,-1,1,1,1,1,-1,1,1,-1,1,-1,1,0.008971059694886208
1,-1,-1,-1,1,-1,-1,-1,1,-1,-1,-1,-1,-1,1,-1,-1,1,-1,-1,0.008970977738499641
1,-1,-1,-1,1,-1,-1,-1,1,-1,-1,-1,-1,-1,1,1,1,-1,1,-1,0.008970329537987709
1,-1,-1,-1,1,-1,-1,-1,1,-1,-1,1,-1,1,-1,1,-1,-1,1,1,0.008971713483333588
1,-1,-1,-1,1,-1,-1,-1,1,-1,-1,1,-1,1,-1,1,1,-1,-1,-1,0.008971254341304302
1,-1,-1,-1,1,-1,-1,-1,1,-1,1,-1,-1,-1,-1,-1,1,1,1,-1,0.008971045725047588
1,-1,-1,-1,1,-1,-1,-1,1,-1,1,-1,1,-1,1,-1,-1,1,1,-1,0.008970458060503006
1,-1,-1,-1,1,-1,-1,-1,1,-1,1,-1,1,-1,1,1,1,-1,1,1,0.008970432914793491
1,-1,-1,-1,1,-1,-1,-1,1,-1,1,1,-1,-1,-1,1,1,1,1,1,0.008971449919044971
1,-1,-1,-1,1,-1,-1,-1,1,-1,1,1,-1,1,-1,1,-1,1,-1,1,0.008972039446234703
1,-1,-1,-1,1,-1,-1,-1,1,-1,1,1,-1,1,1,-1,-1,-1,-1,-1,0.008971131406724453
1,-1,-1,-1,1,-1,-1,-1,1,-1,1,1,-1,1,1,-1,1,1,1,-1,0.00897075142711401
1,-1,-1,-1,1,-1,-1,-1,1,-1,1,1,-1,1,1,1,-1,1,1,1,0.008971325121819973
1,-1,-1,-1,1,-1,-1,-1,1,-1,1,1,1,1,-1,1,1,-1,1,1,0.008971148170530796
1,-1,-1,-1,1,-1,-1,-1,1,1,-1,-1,-1,-1,-1,-1,1,1,-1,-1,0.008971313945949078
1,-1,-1,-1,1,-1,-1,-1,1,1,-1,-1,1,-1,-1,-1,1,1,-1,1,0.008971388451755047
1,-1,-1,-1,1,-1,-1,-1,1,1,-1,-1,1,-1,1,1,1,1,1,-1,0.008970163762569427
1,-1,-1,-1,1,-1,-1,-1,1,1,-1,-1,1,1,1,-1,1,-1,-1,1,0.008970921859145164
1,-1,-1,-1,1,-1,-1,-1,1,1,-1,1,1,-1,-1,1,-1,1,1,1,0.008971423842012882
1,-1,-1,-1,1,-1,-1,-1,1,1,-1,1,1,-1,-1,1,1,-1,-1,-1,0.008970879018306732
1,-1,-1,-1,1,-1,-1,-1,1,1,1,1,-1,-1,-1,-1,1,1,-1,1,0.008971843868494034
1,-1,-1,-1,1,-1,-1,-1,1,1,1,1,1,-1,-1,-1,-1,-1,1,1,0.00897146388888359
1,-1,-1,-1,1,-1,-1,1,-1,-1,-1,-1,-1,-1,1,-1,1,1,-1,-1,0.008970974013209343
1,-1,-1,-1,1,-1,-1,1,-1,-1,-1,-1,-1,-1,1,1,-1,1,1,-1,0.008970923721790314
1,-1,-1,-1,1,-1,-1,1,-1,-1,-1,-1,-1,1,1,1,1,-1,-1,-1,0.008970916271209717
1,-1,-1,-1,1,-1,-1,1,-1,-1,-1,-1,1,-1,1,-1,1,-1,1,1,0.008970752358436584
1,-1,-1,-1,1,-1,-1,1,-1,-1,-1,-1,1,-1,1,1,1,-1,-1,-1,0.008970452472567558
1,-1,-1,-1,1,-1,-1,1,-1,-1,-1,1,-1,-1,-1,-1,1,1,-1,1,0.008971978910267353
1,-1,-1,-1,1,-1,-1,1,-1,-1,-1,1,-1,-1,-1,1,1,1,1,1,0.008971672505140305
1,-1,-1,-1,1,-1,-1,1,-1,-1,-1,1,-1,1,1,1,-1,1,-1,-1,0.008971343748271465
1,-1,-1,-1,1,-1,-1,1,-1,-1,-1,1,-1,1,1,1,1,-1,1,-1,0.008970792405307293
1,-1,-1,-1,1,-1,-1,1,-1,-1,-1,1,1,-1,1,-1,1,-1,1,1,0.008970838971436024
1,-1,-1,-1,1,-1,-1,1,-1,-1,-1,1,1,1,-1,1,1,1,-1,1,0.008971667848527431
1,-1,-1,-1,1,-1,-1,1,-1,-1,1,-1,-1,1,-1,-1,-1,1,-1,1,0.00897230114787817
1,-1,-1,-1,1,-1,-1,1,-1,-1,1,-1,1,-1,1,1,-1,1,-1,-1,0.00897082407027483
1,-1,-1,-1,1,-1,-1,1,-1,-1,1,-1,1,1,-1,1,-1,-1,1,-1,0.008971155621111393
1,-1,-1,-1,1,-1,-1,1,-1,-1,1,-1,1,1,1,-1,1,-1,1,-1,0.008970491588115692
1,-1,-1,-1,1,-1,-1,1,-1,-1,1,1,-1,-1,1,1,-1,1,1,1,0.008971452713012695
1,-1,-1,-1,1,-1,-1,1,-1,-1,1,1,-1,-1,1,1,1,-1,-1,-1,0.008970907889306545
1,-1,-1,-1,1,-1,-1,1,-1,-1,1,1,-1,1,1,1,-1,1,-1,1,0.008971787057816982
1,-1,-1,-1,1,-1,-1,1,-1,-1,1,1,1,-1,-1,1,-1,1,1,-1,0.008971204981207848
1,-1,-1,-1,1,-1,-1,1,-1,-1,1,1,1,1,-1,-1,-1,-1,1,-1,0.008971339091658592
1,-1,-1,-1,1,-1,-1,1,-1,1,-1,-1,-1,-1,1,-1,1,1,1,-1,0.008970851078629494
1,-1,-1,-1,1,-1,-1,1,-1,1,-1,-1,1,-1,-1,1,-1,-1,-1,1,0.008971714414656162
1,-1,-1,-1,1,-1,-1,1,-1,1,-1,-1,1,-1,1,-1,1,-1,1,-1,0.008970426395535469
1,-1,-1,-1,1,-1,-1,1,-1,1,-1,-1,1,1,1,-1,-1,1,-1,-1,0.00897110253572464
1,-1,-1,-1,1,-1,-1,1,-1,1,-1,1,-1,1,-1,-1,1,-1,1,-1,0.00897147972136736
1,-1,-1,-1,1,-1,-1,1,-1,1,-1,1,1,1,-1,1,1,-1,1,-1,0.008971044793725014
1,-1,-1,-1,1,-1,-1,1,-1,1,1,-1,-1,-1,-1,1,-1,1,1,-1,0.008971544913947582
1,-1,-1,-1,1,-1,-1,1,-1,1,1,-1,-1,1,1,1,-1,-1,1,1,0.00897149182856083
1,-1,-1,-1,1,-1,-1,1,-1,1,1,-1,-1,1,1,1,-1,1,-1,-1,0.008971374481916428
1,-1,-1,-1,1,-1,-1,1,-1,1,1,-1,1,-1,-1,-1,1,1,-1,1,0.00897166971117258
1,-1,-1,-1,1,-1,-1,1,-1,1,1,1,1,-1,1,1,-1,-1,1,1,0.00897111464291811
1,-1,-1,-1,1,-1,-1,1,-1,1,1,1,1,1,-1,1,-1,1,1,1,0.008971829898655415
1,-1,-1,-1,1,-1,-1,1,1,-1,-1,-1,-1,1,1,-1,1,-1,1,1,0.008971315808594227
1,-1,-1,-1,1,-1,-1,1,1,-1,-1,-1,1,-1,1,1,-1,-1,1,1,0.008971012197434902
1,-1,-1,-1,1,-1,-1,1,1,-1,-1,1,-1,1,1,-1,-1,1,1,1,0.008971743285655975
1,-1,-1,-1,1,-1,-1,1,1,-1,-1,1,1,-1,1,1,-1,-1,-1,-1,0.0089708948507905
1,-1,-1,-1,1,-1,-1,1,1,-1,1,-1,-1,-1,1,-1,-1,-1,1,-1,0.008971062488853931
1,-1,-1,-1,1,-1,-1,1,1,-1,1,1,-1,-1,-1,-1,1,-1,-1,-1,0.008971608243882656
1,-1,-1,-1,1,-1,-1,1,1,-1,1,1,-1,1,1,-1,1,-1,1,-1,0.00897101778537035
1,-1,-1,-1,1,-1,-1,1,1,1,-1,-1,-1,1,-1,-1,1,-1,1,-1,0.008971493691205978
1,-1,-1,-1,1,-1,-1,1,1,1,-1,-1,1,1,1,-1,-1,1,-1,1,0.008971615694463253
1,-1,-1,-1,1,-1,-1,1,1,1,-1,1,-1,1,1,1,1,1,1,1,0.008971478790044785
1,-1,-1,-1,1,-1,-1,1,1,1,1,-1,-1,1,-1,1,1,1,-1,-1,0.008971723727881908
1,-1,-1,-1,1,-1,-1,1,1,1,1,-1,-1,1,1,1,1,1,-1,-1,0.008971218951046467
1,-1,-1,-1,1,-1,-1,1,1,1,1,-1,1,1,1,-1,1,-1,1,-1,0.008970679715275764
1,-1,-1,-1,1,-1,-1,1,1,1,1,1,1,-1,1,1,-1,-1,1,-1,0.008970800787210464
1,-1,-1,-1,1,-1,-1,1,1,1,1,1,1,1,-1,1,1,1,-1,1,0.008971883915364742
1,-1,-1,-1,1,-1,1,-1,-1,-1,-1,-1,1,-1,-1,-1,-1,-1,-1,-1,0.008970972150564194
1,-1,-1,-1,1,-1,1,-1,-1,-1,-1,1,-1,-1,1,-1,1,1,-1,-1,0.008970723487436771
1,-1,-1,-1,1,-1,1,-1,-1,-1,-1,1,1,-1,1,-1,1,1,-1,1,0.00897079799324274
1,-1,-1,-1,1,-1,1,-1,-1,-1,1,-1,-1,-1,-1,-1,1,1,-1,-1,0.008971170522272587
1,-1,-1,-1,1,-1,1,-1,-1,-1,1,-1,1,1,1,-1,1,-1,-1,1,0.008970778435468674
1,-1,-1,-1,1,-1,1,-1,-1,-1,1,1,-1,-1,1,-1,1,1,1,-1,0.008970542810857296
1,-1,-1,-1,1,-1,1,-1,-1,-1,1,1,1,-1,1,1,-1,1,1,1,0.008970776572823524
1,-1,-1,-1,1,-1,1,-1,-1,-1,1,1,1,1,-1,-1,1,1,1,-1,0.008970831520855427
1,-1,-1,-1,1,-1,1,-1,-1,-1,1,1,1,1,-1,1,1,-1,-1,1,0.008971272967755795
1,-1,-1,-1,1,-1,1,-1,-1,-1,1,1,1,1,-1,1,1,-1,1,-1,0.008970649912953377
1,-1,-1,-1,1,-1,1,-1,-1,-1,1,1,1,1,1,1,-1,-1,1,-1,0.00897040031850338
1,-1,-1,-1,1,-1,1,-1,-1,1,-1,-1,1,-1,-1,-1,-1,1,-1,1,0.008971558883786201
1,-1,-1,-1,1,-1,1,-1,-1,1,-1,1,-1,1,1,-1,1,1,-1,-1,0.008970934897661209
1,-1,-1,-1,1,-1,1,-1,-1,1,-1,1,-1,1,1,1,1,-1,1,-1,0.008970541879534721
1,-1,-1,-1,1,-1,1,-1,-1,1,-1,1,1,-1,-1,-1,-1,1,1,-1,0.008971021510660648
1,-1,-1,-1,1,-1,1,-1,-1,1,-1,1,1,-1,-1,1,-1,-1,1,-1,0.008970838971436024
1,-1,-1,-1,1,-1,1,-1,-1,1,-1,1,1,1,-1,-1,1,1,-1,-1,0.008971099741756916
1,-1,-1,-1,1,-1,1,-1,-1,1,1,-1,-1,1,-1,1,-1,-1,-1,1,0.008971869014203548
1,-1,-1,-1,1,-1,1,-1,-1,1,1,-1,-1,1,-1,1,-1,1,1,-1,0.008971331641077995
1,-1,-1,-1,1,-1,1,-1,-1,1,1,1,1,-1,1,1,1,-1,-1,-1,0.008970318362116814
1,-1,-1,-1,1,-1,1,-1,-1,1,1,1,1,1,-1,-1,1,-1,-1,1,0.008971457369625568
1,-1,-1,-1,1,-1,1,-1,-1,1,1,1,1,1,1,-1,-1,-1,-1,-1,0.008970794267952442
1,-1,-1,-1,1,-1,1,-1,1,-1,-1,-1,-1,-1,-1,1,1,-1,-1,1,0.008971473202109337
1,-1,-1,-1,1,-1,1,-1,1,-1,-1,-1,-1,1,1,-1,1,-1,1,-1,0.008970564231276512
1,-1,-1,-1,1,-1,1,-1,1,-1,-1,-1,1,-1,-1,1,1,-1,-1,-1,0.008970719762146473
1,-1,-1,-1,1,-1,1,-1,1,-1,1,-1,-1,1,-1,-1,1,1,1,1,0.008971597999334335
1,-1,-1,-1,1,-1,1,-1,1,-1,1,-1,1,-1,1,-1,-1,-1,1,-1,0.00897038634866476
1,-1,-1,-1,1,-1,1,-1,1,1,-1,-1,-1,-1,-1,-1,1,-1,1,-1,0.008971032686531544
1,-1,-1,-1,1,-1,1,-1,1,1,-1,-1,-1,-1,-1,1,-1,1,-1,1,0.00897190161049366
1,-1,-1,-1,1,-1,1,-1,1,1,-1,-1,1,1,1,1,1,1,1,1,0.008970716036856174
1,-1,-1,-1,1,-1,1,-1,1,1,-1,1,-1,1,-1,1,1,1,-1,-1,0.00897144339978695
1,-1,-1,-1,1,-1,1,-1,1,1,-1,1,1,-1,1,1,-1,1,-1,1,0.008971144445240498
1,-1,-1,-1,1,-1,1,1,-1,-1,-1,-1,-1,-1,1,-1,1,-1,-1,-1,0.008970903232693672
1,-1,-1,-1,1,-1,1,1,-1,-1,-1,-1,-1,1,-1,1,-1,-1,1,-1,0.008971480652689934
1,-1,-1,-1,1,-1,1,1,-1,-1,-1,-1,1,-1,-1,-1,1,1,1,1,0.008971357718110085
1,-1,-1,-1,1,-1,1,1,-1,-1,-1,1,-1,-1,-1,-1,-1,1,1,-1,0.008971625939011574
1,-1,-1,-1,1,-1,1,1,-1,-1,1,-1,-1,1,1,1,-1,1,-1,1,0.008971715345978737
1,-1,-1,-1,1,-1,1,1,-1,-1,1,1,-1,1,-1,-1,-1,-1,-1,-1,0.008971902541816235
1,-1,-1,-1,1,-1,1,1,-1,-1,1,1,-1,1,1,1,1,-1,1,-1,0.0089708361774683
1,-1,-1,-1,1,-1,1,1,-1,-1,1,1,1,1,-1,1,1,-1,1,-1,0.008971001952886581
1,-1,-1,-1,1,-1,1,1,-1,1,-1,-1,-1,-1,-1,-1,-1,1,-1,1,0.008972249925136566
1,-1,-1,-1,1,-1,1,1,-1,1,-1,-1,-1,-1,1,-1,-1,1,-1,-1,0.00897133257240057
1,-1,-1,-1,1,-1,1,1,-1,1,-1,-1,1,-1,1,-1,1,-1,1,-1,0.008970441296696663
1,-1,-1,-1,1,-1,1,1,-1,1,-1,1,-1,1,1,-1,1,-1,-1,-1,0.008971200324594975
1,-1,-1,-1,1,-1,1,1,-1,1,-1,1,-1,1,1,1,1,-1,1,-1,0.008970893919467926
1,-1,-1,-1,1,-1,1,1,-1,1,-1,1,1,-1,1,1,-1,-1,-1,-1,0.00897089671343565
1,-1,-1,-1,1,-1,1,1,-1,1,1,-1,-1,-1,1,-1,1,1,-1,1,0.008971519768238068
1,-1,-1,-1,1,-1,1,1,-1,1,1,-1,-1,1,1,1,-1,1,1,1,0.008971592411398888
1,-1,-1,-1,1,-1,1,1,-1,1,1,-1,-1,1,1,1,1,-1,1,-1,0.008970837108790874
1,-1,-1,-1,1,-1,1,1,-1,1,1,-1,1,-1,1,-1,-1,-1,-1,1,0.008971349336206913
1,-1,-1,-1,1,-1,1,1,-1,1,1,-1,1,-1,1,-1,1,1,-1,-1,0.008970766328275204
1,-1,-1,-1,1,-1,1,1,-1,1,1,-1,1,1,1,-1,1,1,1,1,0.008971094153821468
1,-1,-1,-1,1,-1,1,1,-1,1,1,-1,1,1,1,1,-1,1,1,1,0.008971253409981728
1,-1,-1,-1,1,-1,1,1,-1,1,1,1,-1,1,-1,1,1,-1,-1,1,0.008972052484750748
1,-1,-1,-1,1,-1,1,1,-1,1,1,1,-1,1,1,1,-1,-1,1,-1,0.008971178904175758
1,-1,-1,-1,1,-1,1,1,-1,1,1,1,1,1,1,1,-1,1,1,-1,0.008970926515758038
1,-1,-1,-1,1,-1,1,1,1,-1,-1,-1,1,-1,1,1,1,-1,1,-1,0.008970357477664948
1,-1,-1,-1,1,-1,1,1,1,-1,-1,1,1,1,-1,1,-1,1,-1,1,0.008972037583589554
1,-1,-1,-1,1,-1,1,1,1,-1,1,-1,-1,-1,1,1,1,-1,1,-1,0.00897072535008192
1,-1,-1,-1,1,-1,1,1,1,-1,1,-1,1,-1,-1,-1,-1,-1,-1,-1,0.00897145364433527
1,-1,-1,-1,1,-1,1,1,1,-1,1,-1,1,1,-1,1,1,1,-1,1,0.008971725590527058
1,-1,-1,-1,1,-1,1,1,1,-1,1,1,-1,1,1,1,-1,1,1,1,0.008971692062914371
1,-1,-1,-1,1,-1,1,1,1,-1,1,1,1,-1,1,1,1,1,-1,1,0.008971183560788631
1,-1,-1,-1,1,-1,1,1,1,-1,1,1,1,1,-1,-1,-1,1,-1,1,0.008972163312137127
1,-1,-1,-1,1,-1,1,1,1,-1,1,1,1,1,-1,-1,-1,1,1,-1,0.008971539326012135
1,-1,-1,-1,1,-1,1,1,1,-1,1,1,1,1,-1,1,1,1,-1,-1,0.008971397764980793
1,-1,-1,-1,1,-1,1,1,1,1,-1,-1,-1,-1,-1,-1,-1,-1,-1,1,0.008972263894975185
1,-1,-1,-1,1,-1,1,1,1,1,-1,-1,1,-1,-1,-1,1,-1,1,1,0.008971459232270718
1,-1,-1,-1,1,-1,1,1,1,1,-1,1,-1,1,-1,1,1,1,-1,1,0.008972208946943283
1,-1,-1,-1,1,-1,1,1,1,1,-1,1,1,-1,1,-1,1,-1,1,-1,0.008970627561211586
1,-1,-1,-1,1,-1,1,1,1,1,-1,1,1,1,-1,1,1,1,1,-1,0.00897124595940113
1,-1,-1,-1,1,-1,1,1,1,1,1,1,-1,-1,-1,1,1,1,1,1,0.008971904404461384
1,-1,-1,-1,1,-1,1,1,1,1,1,1,-1,-1,1,-1,-1,-1,1,1,0.008971665054559708
1,-1,-1,-1,1,-1,1,1,1,1,1,1,-1,1,1,1,-1,-1,1,-1,0.008971279487013817
1,-1,-1,-1,1,-1,1,1,1,1,1,1,1,-1,1,1,1,-1,-1,-1,0.008970770984888077
1,-1,-1,-1,1,1,-1,-1,-1,-1,-1,-1,-1,1,1,1,1,1,1,-1,0.008970350958406925
1,-1,-1,-1,1,1,-1,-1,-1,-1,-1,1,-1,-1,1,-1,-1,1,-1,1,0.008971288800239563
1,-1,-1,-1,1,1,-1,-1,-1,-1,-1,1,-1,1,-1,1,1,1,1,-1,0.008970942348241806
1,-1,-1,-1,1,1,-1,-1,-1,-1,-1,1,-1,1,1,-1,1,1,-1,-1,0.008970743976533413
1,-1,-1,-1,1,1,-1,-1,-1,-1,1,-1,-1,1,1,-1,1,1,-1,1,0.00897110067307949
1,-1,-1,-1,1,1,-1,-1,-1,-1,1,-1,1,-1,-1,1,-1,1,1,-1,0.00897067692130804
1,-1,-1,-1,1,1,-1,-1,-1,-1,1,-1,1,1,1,1,1,1,1,-1,0.008970040827989578
1,-1,-1,-1,1,1,-1,-1,-1,-1,1,1,1,1,1,1,-1,1,1,1,0.008970797061920166
1,-1,-1,-1,1,1,-1,-1,-1,1,-1,-1,-1,1,-1,-1,1,1,1,-1,0.008971039205789566
1,-1,-1,-1,1,1,-1,-1,-1,1,-1,-1,1,1,-1,1,1,-1,1,-1,0.008970517665147781
1,-1,-1,-1,1,1,-1,-1,-1,1,-1,1,-1,1,-1,-1,-1,1,1,-1,0.00897138100117445
1,-1,-1,-1,1,1,-1,-1,-1,1,-1,1,-1,1,-1,1,1,1,1,1,0.008971442468464375
1,-1,-1,-1,1,1,-1,-1,-1,1,-1,1,1,-1,1,-1,-1,1,1,1,0.008970826864242554
1,-1,-1,-1,1,1,-1,-1,-1,1,1,-1,1,-1,1,1,-1,-1,-1,-1,0.008970384486019611
1,-1,-1,-1,1,1,-1,-1,-1,1,1,1,1,-1,-1,-1,-1,1,1,-1,0.008970947004854679
1,-1,-1,-1,1,1,-1,-1,1,-1,-1,1,-1,1,1,-1,1,-1,-1,-1,0.008970757946372032
1,-1,-1,-1,1,1,-1,-1,1,-1,1,-1,-1,-1,1,1,-1,-1,-1,-1,0.008970735594630241
1,-1,-1,-1,1,1,-1,-1,1,-1,1,-1,-1,-1,1,1,1,1,-1,-1,0.008970566093921661
1,-1,-1,-1,1,1,-1,-1,1,-1,1,-1,-1,1,1,1,1,-1,1,1,0.008970807306468487
1,-1,-1,-1,1,1,-1,-1,1,-1,1,-1,1,-1,-1,1,1,1,1,-1,0.00897052139043808
1,-1,-1,-1,1,1,-1,-1,1,-1,1,-1,1,1,1,1,1,1,1,-1,0.008970141410827637
1,-1,-1,-1,1,1,-1,-1,1,-1,1,1,-1,-1,-1,1,1,-1,1,1,0.008971274830400944
1,-1,-1,-1,1,1,-1,-1,1,-1,1,1,1,1,-1,1,-1,-1,1,-1,0.008970901370048523
1,-1,-1,-1,1,1,-1,-1,1,-1,1,1,1,1,-1,1,-1,1,1,1,0.008971401490271091
1,-1,-1,-1,1,1,-1,-1,1,1,-1,-1,-1,-1,-1,1,1,1,1,1,0.00897133257240057
1,-1,-1,-1,1,1,-1,-1,1,1,-1,-1,-1,1,-1,1,1,1,1,1,0.008971456438302994
1,-1,-1,-1,1,1,-1,-1,1,1,-1,-1,-1,1,1,1,-1,1,1,-1,0.008970794267952442
1,-1,-1,-1,1,1,-1,-1,1,1,-1,-1,1,-1,1,-1,-1,-1,-1,1,0.008970964699983597
1,-1,-1,-1,1,1,-1,-1,1,1,-1,1,-1,1,-1,1,1,1,-1,1,0.008971753530204296
1,-1,-1,-1,1,1,-1,-1,1,1,-1,1,-1,1,1,1,1,1,-1,1,0.008971248753368855
1,-1,-1,-1,1,1,-1,-1,1,1,1,-1,-1,-1,-1,1,-1,-1,-1,1,0.008971741423010826
1,-1,-1,-1,1,1,-1,-1,1,1,1,-1,1,-1,1,1,-1,-1,-1,-1,0.008970484137535095
1,-1,-1,-1,1,1,-1,-1,1,1,1,-1,1,1,1,-1,-1,1,1,-1,0.00897058006376028
1,-1,-1,-1,1,1,-1,-1,1,1,1,1,1,-1,-1,1,1,1,1,-1,0.008970695547759533
1,-1,-1,-1,1,1,-1,1,-1,-1,-1,-1,1,-1,-1,1,-1,1,-1,-1,0.008971210569143295
1,-1,-1,-1,1,1,-1,1,-1,-1,-1,-1,1,1,-1,1,1,-1,-1,1,0.008971406146883965
1,-1,-1,-1,1,1,-1,1,-1,-1,-1,-1,1,1,-1,1,1,1,-1,1,0.008971492759883404
1,-1,-1,-1,1,1,-1,1,-1,-1,-1,1,-1,-1,1,-1,-1,1,1,1,0.00897143129259348
1,-1,-1,-1,1,1,-1,1,-1,-1,-1,1,1,-1,-1,-1,1,1,-1,-1,0.0089711369946599
1,-1,-1,-1,1,1,-1,1,-1,-1,1,-1,1,-1,1,-1,1,1,-1,-1,0.008970575407147408
1,-1,-1,-1,1,1,-1,1,-1,-1,1,-1,1,1,-1,-1,-1,-1,1,-1,0.00897116307169199
1,-1,-1,-1,1,1,-1,1,-1,1,-1,-1,1,-1,1,-1,-1,-1,-1,-1,0.008970803581178188
1,-1,-1,-1,1,1,-1,1,-1,1,-1,-1,1,1,-1,-1,1,-1,-1,1,0.008971589617431164
1,-1,-1,-1,1,1,-1,1,-1,1,-1,-1,1,1,1,1,1,-1,1,-1,0.008970364928245544
1,-1,-1,-1,1,1,-1,1,-1,1,-1,1,1,-1,-1,1,1,1,-1,-1,0.008971128612756729
1,-1,-1,-1,1,1,-1,1,-1,1,-1,1,1,-1,1,-1,1,1,-1,1,0.008971134200692177
1,-1,-1,-1,1,1,-1,1,-1,1,1,-1,1,-1,-1,1,-1,1,1,-1,0.008971116505563259
1,-1,-1,-1,1,1,-1,1,-1,1,1,-1,1,1,1,-1,1,1,1,-1,0.008970577269792557
1,-1,-1,-1,1,1,-1,1,-1,1,1,-1,1,1,1,1,-1,1,-1,1,0.008971360512077808
1,-1,-1,-1,1,1,-1,1,-1,1,1,1,-1,-1,-1,-1,1,1,1,-1,0.0089713828638196
1,-1,-1,-1,1,1,-1,1,-1,1,1,1,-1,-1,-1,1,1,-1,-1,-1,0.008971410803496838
1,-1,-1,-1,1,1,-1,1,-1,1,1,1,-1,-1,1,-1,-1,1,1,1,0.008971547707915306
1,-1,-1,-1,1,1,-1,1,-1,1,1,1,-1,-1,1,-1,1,-1,-1,1,0.008971416391432285
1,-1,-1,-1,1,1,-1,1,-1,1,1,1,-1,1,-1,-1,1,-1,1,1,0.008971834555268288
1,-1,-1,-1,1,1,-1,1,-1,1,1,1,-1,1,-1,1,-1,-1,-1,-1,0.00897179078310728
1,-1,-1,-1,1,1,-1,1,1,-1,-1,-1,1,-1,-1,-1,1,-1,-1,-1,0.00897106435149908
1,-1,-1,-1,1,1,-1,1,1,-1,-1,-1,1,-1,1,1,-1,1,-1,1,0.008971219882369041
1,-1,-1,-1,1,1,-1,1,1,-1,-1,-1,1,1,1,1,1,-1,-1,-1,0.008970587514340878
1,-1,-1,-1,1,1,-1,1,1,-1,-1,1,-1,-1,1,-1,1,1,1,-1,0.008970861323177814
1,-1,-1,-1,1,1,-1,1,1,-1,-1,1,1,1,-1,-1,1,-1,1,-1,0.008971065282821655
1,-1,-1,-1,1,1,-1,1,1,-1,1,1,-1,-1,-1,1,1,1,1,-1,0.008971299044787884
1,-1,-1,-1,1,1,-1,1,1,-1,1,1,1,-1,-1,1,-1,1,1,-1,0.008971216157078743
1,-1,-1,-1,1,1,-1,1,1,-1,1,1,1,1,-1,-1,-1,-1,-1,-1,0.008971559815108776
1,-1,-1,-1,1,1,-1,1,1,1,1,-1,-1,-1,-1,-1,1,1,1,-1,0.008971396833658218
1,-1,-1,-1,1,1,-1,1,1,1,1,-1,-1,1,-1,-1,1,-1,-1,-1,0.008971644565463066
1,-1,-1,-1,1,1,-1,1,1,1,1,-1,1,-1,1,1,1,-1,-1,1,0.008970994502305984
1,-1,-1,-1,1,1,-1,1,1,1,1,-1,1,1,-1,1,-1,-1,1,-1,0.008971254341304302
1,-1,-1,-1,1,1,-1,1,1,1,1,1,-1,-1,-1,-1,-1,-1,-1,1,0.008972276002168655
1,-1,-1,-1,1,1,-1,1,1,1,1,1,-1,-1,1,1,-1,-1,-1,1,0.008971675299108028
1,-1,-1,-1,1,1,-1,1,1,1,1,1,1,1,-1,1,1,1,1,1,0.00897158496081829
1,-1,-1,-1,1,1,1,-1,-1,-1,-1,-1,-1,-1,-1,-1,-1,1,1,-1,0.008971097879111767
1,-1,-1,-1,1,1,1,-1,-1,-1,-1,-1,1,-1,-1,1,-1,-1,1,1,0.008970990777015686
1,-1,-1,-1,1,1,1,-1,-1,-1,-1,1,1,-1,-1,1,1,1,-1,-1,0.008970703929662704
1,-1,-1,-1,1,1,1,-1,-1,-1,1,-1,-1,-1,1,1,1,-1,1,-1,0.008970185182988644
1,-1,-1,-1,1,1,1,-1,-1,-1,1,-1,-1,1,-1,-1,-1,1,-1,1,0.00897187553346157
1,-1,-1,-1,1,1,1,-1,-1,-1,1,-1,1,1,-1,-1,-1,-1,1,-1,0.008970825932919979
1,-1,-1,-1,1,1,1,-1,-1,-1,1,-1,1,1,-1,-1,-1,1,-1,-1,0.008971123024821281
1,-1,-1,-1,1,1,1,-1,-1,-1,1,1,-1,-1,1,-1,-1,1,1,1,0.008971123024821281
1,-1,-1,-1,1,1,1,-1,-1,-1,1,1,-1,1,-1,-1,1,1,1,-1,0.008971082046627998
1,-1,-1,-1,1,1,1,-1,-1,-1,1,1,-1,1,1,1,-1,1,1,-1,0.00897073745727539
1,-1,-1,-1,1,1,1,-1,-1,-1,1,1,1,-1,-1,-1,-1,-1,-1,1,0.008971412666141987
1,-1,-1,-1,1,1,1,-1,-1,-1,1,1,1,1,-1,1,-1,-1,-1,1,0.008971440605819225
1,-1,-1,-1,1,1,1,-1,-1,-1,1,1,1,1,1,1,-1,1,1,1,0.00897081196308136
1,-1,-1,-1,1,1,1,-1,-1,1,-1,1,1,1,1,1,-1,1,1,-1,0.008970456197857857
1,-1,-1,-1,1,1,1,-1,-1,1,1,-1,-1,-1,1,-1,-1,-1,-1,-1,0.00897083431482315
1,-1,-1,-1,1,1,1,-1,-1,1,1,-1,-1,1,-1,-1,-1,1,1,-1,0.008971339091658592
1,-1,-1,-1,1,1,1,-1,-1,1,1,1,1,1,1,-1,-1,-1,1,-1,0.00897049531340599
1,-1,-1,-1,1,1,1,-1,1,-1,-1,-1,-1,1,-1,-1,-1,-1,1,-1,0.00897123571485281
1,-1,-1,-1,1,1,1,-1,1,-1,-1,1,-1,-1,1,1,-1,-1,1,1,0.008971011266112328
1,-1,-1,-1,1,1,1,-1,1,-1,1,1,-1,1,1,-1,-1,1,-1,-1,0.008971143513917923
1,-1,-1,-1,1,1,1,-1,1,-1,1,1,1,-1,-1,-1,-1,-1,1,-1,0.008970888331532478
1,-1,-1,-1,1,1,1,-1,1,-1,1,1,1,-1,1,1,1,-1,1,1,0.008970445953309536
1,-1,-1,-1,1,1,1,-1,1,-1,1,1,1,-1,1,1,1,1,-1,-1,0.008970328606665134
1,-1,-1,-1,1,1,1,-1,1,-1,1,1,1,1,-1,-1,1,1,1,1,0.008971257135272026
1,-1,-1,-1,1,1,1,-1,1,1,-1,-1,-1,-1,-1,-1,1,1,1,-1,0.00897102989256382
1,-1,-1,-1,1,1,1,-1,1,1,-1,1,-1,1,1,1,-1,-1,1,1,0.008971222676336765
1,-1,-1,-1,1,1,1,-1,1,1,-1,1,1,-1,-1,1,-1,-1,-1,-1,0.008971060626208782
1,-1,-1,-1,1,1,1,-1,1,1,-1,1,1,-1,1,-1,-1,-1,1,-1,0.008970442228019238
1,-1,-1,-1,1,1,1,-1,1,1,-1,1,1,-1,1,-1,1,1,-1,-1,0.00897048320621252
1,-1,-1,-1,1,1,1,-1,1,1,-1,1,1,1,1,1,1,1,-1,1,0.008970924653112888
1,-1,-1,-1,1,1,1,-1,1,1,1,-1,-1,-1,-1,1,-1,1,1,1,0.008971632458269596
1,-1,-1,-1,1,1,1,-1,1,1,1,-1,-1,1,-1,1,-1,-1,1,1,0.00897166971117258
1,-1,-1,-1,1,1,1,-1,1,1,1,-1,-1,1,-1,1,1,1,-1,1,0.008971710689365864
1,-1,-1,-1,1,1,1,-1,1,1,1,1,-1,-1,1,-1,-1,-1,-1,1,0.008971434086561203
1,-1,-1,-1,1,1,1,-1,1,1,1,1,-1,-1,1,1,1,1,1,-1,0.008970544673502445
1,-1,-1,-1,1,1,1,-1,1,1,1,1,-1,1,-1,1,1,-1,1,1,0.008971501141786575
1,-1,-1,-1,1,1,1,-1,1,1,1,1,-1,1,1,1,-1,1,1,-1,0.008970924653112888
1,-1,-1,-1,1,1,1,1,-1,-1,-1,-1,-1,-1,1,1,-1,-1,-1,1,0.008971387520432472
1,-1,-1,-1,1,1,1,1,-1,-1,-1,-1,1,1,1,1,-1,-1,-1,1,0.008971172384917736
1,-1,-1,-1,1,1,1,1,-1,-1,-1,1,-1,-1,1,-1,-1,-1,1,-1,0.008970946073532104
1,-1,-1,-1,1,1,1,1,-1,-1,1,-1,-1,-1,1,1,-1,-1,-1,-1,0.008971002884209156
1,-1,-1,-1,1,1,1,1,-1,-1,1,-1,1,-1,-1,-1,1,1,-1,1,0.008971508592367172
1,-1,-1,-1,1,1,1,1,-1,-1,1,-1,1,-1,1,-1,1,1,-1,1,0.00897100381553173
1,-1,-1,-1,1,1,1,1,-1,-1,1,-1,1,1,1,-1,-1,-1,-1,-1,0.008970883674919605
1,-1,-1,-1,1,1,1,1,-1,-1,1,1,1,1,1,-1,1,1,1,1,0.008971004746854305
1,-1,-1,-1,1,1,1,1,-1,1,-1,-1,-1,1,-1,-1,-1,-1,1,-1,0.008971575647592545
1,-1,-1,-1,1,1,1,1,-1,1,-1,-1,1,-1,-1,1,1,-1,1,-1,0.008970760740339756
1,-1,-1,-1,1,1,1,1,-1,1,-1,-1,1,1,1,1,1,-1,1,-1,0.008970379829406738
1,-1,-1,-1,1,1,1,1,-1,1,-1,1,-1,-1,-1,-1,-1,1,1,-1,0.008971624076366425
1,-1,-1,-1,1,1,1,1,-1,1,-1,1,1,-1,1,1,-1,-1,-1,1,0.00897122174501419
1,-1,-1,-1,1,1,1,1,-1,1,1,-1,-1,-1,-1,1,1,1,1,1,0.008971628732979298
1,-1,-1,-1,1,1,1,1,-1,1,1,1,-1,-1,-1,-1,-1,1,1,1,0.008972067385911942
1,-1,-1,-1,1,1,1,1,-1,1,1,1,1,1,-1,-1,1,1,1,-1,0.008971182629466057
1,-1,-1,-1,1,1,1,1,1,-1,-1,-1,-1,-1,1,1,1,1,1,-1,0.008970693685114384
1,-1,-1,-1,1,1,1,1,1,-1,-1,1,-1,-1,-1,-1,-1,-1,-1,1,0.008972174488008022
1,-1,-1,-1,1,1,1,1,1,-1,-1,1,-1,-1,1,1,1,-1,1,1,0.008971108123660088
1,-1,-1,-1,1,1,1,1,1,-1,-1,1,-1,1,1,-1,-1,1,1,1,0.00897166971117258
1,-1,-1,-1,1,1,1,1,1,-1,-1,1,1,1,1,-1,1,1,1,1,0.008971074596047401
1,-1,-1,-1,1,1,1,1,1,-1,1,-1,-1,-1,-1,-1,1,1,-1,-1,0.008971534669399261
1,-1,-1,-1,1,1,1,1,1,-1,1,-1,1,-1,1,1,1,-1,1,1,0.008970711380243301
1,-1,-1,-1,1,1,1,1,1,-1,1,1,-1,1,-1,1,-1,1,1,1,0.00897210743278265
1,-1,-1,-1,1,1,1,1,1,-1,1,1,1,1,1,-1,1,-1,-1,-1,0.008970814757049084
1,-1,-1,-1,1,1,1,1,1,1,-1,-1,1,-1,1,-1,-1,1,-1,1,0.008971418254077435
1,-1,-1,-1,1,1,1,1,1,1,-1,-1,1,-1,1,-1,1,1,1,1,0.008970951661467552
1,-1,-1,-1,1,1,1,1,1,1,-1,-1,1,1,1,-1,1,-1,1,-1,0.008970576338469982
1,-1,-1,-1,1,1,1,1,1,1,-1,1,1,-1,-1,1,-1,1,1,1,0.008971702307462692
1,-1,-1,-1,1,1,1,1,1,1,-1,1,1,-1,1,-1,1,1,1,-1,0.008970624767243862
1,-1,-1,-1,1,1,1,1,1,1,1,-1,-1,-1,-1,-1,1,-1,-1,1,0.008971949107944965
1,-1,-1,-1,1,1,1,1,1,1,1,-1,-1,1,-1,1,1,-1,1,-1,0.008971353061497211
1,-1,-1,-1,1,1,1,1,1,1,1,1,-1,1,-1,-1,-1,1,-1,1,0.008972501382231712
1,-1,-1,-1,1,1,1,1,1,1,1,1,-1,1,-1,1,1,1,-1,-1,0.008971735835075378
1,-1,-1,-1,1,1,1,1,1,1,1,1,1,1,1,1,1,-1,-1,1,0.008971219882369041
1,-1,-1,1,-1,-1,-1,-1,-1,-1,-1,-1,-1,-1,-1,-1,-1,1,-1,-1,0.00897215399891138
1,-1,-1,1,-1,-1,-1,-1,-1,-1,-1,-1,1,1,1,-1,-1,1,-1,1,0.008971847593784332
1,-1,-1,1,-1,-1,-1,-1,-1,-1,-1,1,-1,1,-1,-1,-1,-1,-1,1,0.008972692303359509
1,-1,-1,1,-1,-1,-1,-1,-1,-1,-1,1,1,-1,1,-1,-1,-1,-1,-1,0.00897131022065878
1,-1,-1,1,-1,-1,-1,-1,-1,-1,-1,1,1,1,1,1,-1,-1,-1,1,0.008971751667559147
1,-1,-1,1,-1,-1,-1,-1,-1,-1,1,-1,1,1,1,1,-1,-1,-1,1,0.008971694856882095
1,-1,-1,1,-1,-1,-1,-1,-1,-1,1,1,-1,1,-1,1,-1,1,1,1,0.008972501382231712
1,-1,-1,1,-1,-1,-1,-1,-1,1,-1,-1,-1,-1,1,-1,-1,-1,-1,1,0.008972064591944218
1,-1,-1,1,-1,-1,-1,-1,-1,1,-1,-1,-1,1,-1,-1,1,1,-1,1,0.008972523733973503
1,-1,-1,1,-1,-1,-1,-1,-1,1,-1,-1,-1,1,-1,-1,1,1,1,-1,0.00897189974784851
1,-1,-1,1,-1,-1,-1,-1,-1,1,-1,-1,-1,1,-1,1,1,-1,-1,1,0.008972341194748878
1,-1,-1,1,-1,-1,-1,-1,-1,1,-1,-1,-1,1,-1,1,1,1,-1,1,0.008972426876425743
1,-1,-1,1,-1,-1,-1,-1,-1,1,-1,-1,-1,1,1,1,-1,-1,-1,-1,0.008971678093075752
1,-1,-1,1,-1,-1,-1,-1,-1,1,-1,-1,-1,1,1,1,-1,-1,1,-1,0.008971468545496464
1,-1,-1,1,-1,-1,-1,-1,-1,1,-1,-1,1,-1,-1,-1,1,-1,-1,1,0.00897197425365448
1,-1,-1,1,-1,-1,-1,-1,-1,1,-1,-1,1,-1,1,1,1,1,1,-1,0.008970835246145725
1,-1,-1,1,-1,-1,-1,-1,-1,1,-1,-1,1,1,1,-1,1,1,-1,-1,0.008971265517175198
1,-1,-1,1,-1,-1,-1,-1,1,-1,-1,-1,1,-1,-1,1,1,1,1,-1,0.008971353061497211
1,-1,-1,1,-1,-1,-1,-1,1,-1,-1,1,-1,1,-1,1,1,-1,1,1,0.008972229436039925
1,-1,-1,1,-1,-1,-1,-1,1,-1,1,-1,-1,-1,-1,1,-1,1,-1,1,0.008972601033747196
1,-1,-1,1,-1,-1,-1,-1,1,-1,1,1,-1,-1,1,-1,-1,-1,1,1,0.008971982635557652
1,-1,-1,1,-1,-1,-1,-1,1,-1,1,1,-1,-1,1,1,-1,1,-1,-1,0.008971769362688065
1,-1,-1,1,-1,-1,-1,-1,1,-1,1,1,-1,1,1,-1,1,1,-1,1,0.008972147479653358
1,-1,-1,1,-1,-1,-1,-1,1,-1,1,1,1,1,1,1,1,-1,1,-1,0.008971001952886581
1,-1,-1,1,-1,-1,-1,-1,1,1,-1,-1,-1,1,-1,1,-1,-1,-1,1,0.008972696959972382
1,-1,-1,1,-1,-1,-1,-1,1,1,-1,-1,1,-1,1,1,1,-1,-1,1,0.008971473202109337
1,-1,-1,1,-1,-1,-1,-1,1,1,-1,-1,1,-1,1,1,1,-1,1,-1,0.008970849215984344
1,-1,-1,1,-1,-1,-1,-1,1,1,-1,1,-1,1,1,-1,1,1,-1,1,0.008972205221652985
1,-1,-1,1,-1,-1,-1,-1,1,1,-1,1,1,-1,1,1,-1,-1,-1,-1,0.008971401490271091
1,-1,-1,1,-1,-1,-1,-1,1,1,1,-1,-1,-1,1,-1,1,1,1,-1,0.008971400558948517
1,-1,-1,1,-1,-1,-1,-1,1,1,1,-1,-1,1,1,1,-1,-1,-1,-1,0.008971807546913624
1,-1,-1,1,-1,-1,-1,-1,1,1,1,-1,1,1,1,1,1,1,-1,-1,0.008971299044787884
1,-1,-1,1,-1,-1,-1,-1,1,1,1,1,1,-1,-1,1,-1,-1,1,-1,0.008971725590527058
1,-1,-1,1,-1,-1,-1,1,-1,-1,-1,-1,-1,1,-1,-1,1,-1,1,1,0.008972492069005966
1,-1,-1,1,-1,-1,-1,1,-1,-1,-1,-1,1,1,-1,-1,-1,1,1,1,0.008972493931651115
1,-1,-1,1,-1,-1,-1,1,-1,-1,-1,1,-1,1,-1,1,1,-1,1,-1,0.008972068317234516
1,-1,-1,1,-1,-1,-1,1,-1,-1,-1,1,1,1,1,-1,-1,-1,-1,-1,0.008971787057816982
1,-1,-1,1,-1,-1,-1,1,-1,-1,-1,1,1,1,1,1,-1,-1,1,-1,0.00897147972136736
1,-1,-1,1,-1,-1,-1,1,-1,-1,1,-1,-1,-1,1,1,-1,-1,-1,1,0.008972262032330036
1,-1,-1,1,-1,-1,-1,1,-1,-1,1,-1,-1,-1,1,1,1,1,1,1,0.008971882052719593
1,-1,-1,1,-1,-1,-1,1,-1,-1,1,-1,-1,1,-1,1,-1,-1,1,-1,0.00897226668894291
1,-1,-1,1,-1,-1,-1,1,-1,-1,1,-1,-1,1,-1,1,-1,1,-1,-1,0.008972562849521637
1,-1,-1,1,-1,-1,-1,1,-1,-1,1,-1,1,1,1,1,-1,1,1,1,0.008971923030912876
1,-1,-1,1,-1,-1,-1,1,-1,-1,1,1,-1,-1,1,1,-1,1,-1,1,0.008972435258328915
1,-1,-1,1,-1,-1,-1,1,-1,-1,1,1,1,-1,-1,-1,1,1,1,-1,0.00897181686013937
1,-1,-1,1,-1,-1,-1,1,-1,1,-1,-1,-1,-1,1,1,1,-1,-1,1,0.008972064591944218
1,-1,-1,1,-1,-1,-1,1,-1,1,-1,-1,1,-1,-1,-1,1,1,-1,1,0.00897241197526455
1,-1,-1,1,-1,-1,-1,1,-1,1,-1,-1,1,-1,1,-1,1,1,-1,1,0.008971908129751682
1,-1,-1,1,-1,-1,-1,1,-1,1,-1,-1,1,1,1,-1,1,-1,-1,1,0.008971945382654667
1,-1,-1,1,-1,-1,-1,1,-1,1,-1,1,-1,1,1,-1,-1,1,1,1,0.008972502313554287
1,-1,-1,1,-1,-1,-1,1,-1,1,-1,1,1,1,1,-1,1,-1,1,1,0.008971821516752243
1,-1,-1,1,-1,-1,-1,1,-1,1,1,-1,-1,-1,-1,-1,-1,1,1,1,0.008972826413810253
1,-1,-1,1,-1,-1,-1,1,-1,1,1,-1,-1,1,1,1,1,-1,-1,-1,0.008971803821623325
1,-1,-1,1,-1,-1,-1,1,-1,1,1,-1,1,1,-1,1,1,1,1,-1,0.008971845731139183
1,-1,-1,1,-1,-1,-1,1,-1,1,1,-1,1,1,1,-1,1,-1,1,1,0.008971764706075191
1,-1,-1,1,-1,-1,-1,1,-1,1,1,1,-1,1,1,-1,1,1,-1,-1,0.00897207297384739
1,-1,-1,1,-1,-1,-1,1,-1,1,1,1,1,1,1,1,1,1,1,1,0.00897184107452631
1,-1,-1,1,-1,-1,-1,1,1,-1,-1,-1,-1,1,-1,-1,-1,1,1,-1,0.008972520008683205
1,-1,-1,1,-1,-1,-1,1,1,-1,-1,-1,1,1,1,-1,1,-1,-1,1,0.008971958421170712
1,-1,-1,1,-1,-1,-1,1,1,-1,-1,1,-1,-1,1,-1,-1,1,-1,-1,0.008972187526524067
1,-1,-1,1,-1,-1,-1,1,1,-1,-1,1,1,-1,1,-1,1,1,-1,1,0.008972006849944592
1,-1,-1,1,-1,-1,-1,1,1,-1,-1,1,1,1,1,-1,1,-1,1,1,0.008971834555268288
1,-1,-1,1,-1,-1,-1,1,1,-1,1,-1,-1,-1,-1,-1,1,-1,-1,-1,0.008972293697297573
1,-1,-1,1,-1,-1,-1,1,1,-1,1,-1,-1,1,-1,-1,1,-1,-1,1,0.008972831070423126
1,-1,-1,1,-1,-1,-1,1,1,-1,1,1,-1,-1,1,-1,-1,-1,1,1,0.008972334675490856
1,-1,-1,1,-1,-1,-1,1,1,-1,1,1,1,-1,-1,1,-1,1,-1,-1,0.008972286246716976
1,-1,-1,1,-1,-1,-1,1,1,1,-1,-1,-1,-1,-1,-1,1,1,-1,1,0.008972851559519768
1,-1,-1,1,-1,-1,-1,1,1,1,-1,-1,1,-1,1,-1,1,-1,1,-1,0.00897129811346531
1,-1,-1,1,-1,-1,-1,1,1,1,-1,1,-1,-1,-1,-1,-1,-1,-1,-1,0.008972693234682083
1,-1,-1,1,-1,-1,-1,1,1,1,1,-1,-1,-1,-1,1,1,1,-1,1,0.008972784504294395
1,-1,-1,1,-1,-1,-1,1,1,1,1,-1,-1,-1,1,-1,-1,-1,-1,-1,0.00897213164716959
1,-1,-1,1,-1,-1,-1,1,1,1,1,-1,-1,1,-1,-1,1,-1,-1,1,0.00897291861474514
1,-1,-1,1,-1,-1,-1,1,1,1,1,-1,-1,1,1,1,-1,1,1,1,0.008972449228167534
1,-1,-1,1,-1,-1,-1,1,1,1,1,-1,1,1,-1,1,1,1,1,1,0.008972358889877796
1,-1,-1,1,-1,-1,-1,1,1,1,1,-1,1,1,1,-1,-1,1,1,1,0.00897220615297556
1,-1,-1,1,-1,-1,-1,1,1,1,1,1,-1,1,-1,1,-1,1,1,-1,0.008972627110779285
1,-1,-1,1,-1,-1,1,-1,-1,-1,-1,-1,-1,-1,-1,1,-1,-1,1,1,0.00897219032049179
1,-1,-1,1,-1,-1,1,-1,-1,-1,-1,-1,-1,-1,-1,1,1,-1,1,1,0.008971934206783772
1,-1,-1,1,-1,-1,1,-1,-1,-1,-1,-1,-1,-1,1,-1,1,-1,1,1,0.00897152628749609
1,-1,-1,1,-1,-1,1,-1,-1,-1,-1,-1,-1,-1,1,1,-1,1,-1,1,0.008971981704235077
1,-1,-1,1,-1,-1,1,-1,-1,-1,-1,-1,-1,1,1,1,1,-1,1,-1,0.008971139788627625
1,-1,-1,1,-1,-1,1,-1,-1,-1,-1,-1,1,1,-1,1,-1,-1,-1,1,0.008972184732556343
1,-1,-1,1,-1,-1,1,-1,-1,-1,-1,-1,1,1,1,-1,-1,1,1,-1,0.008971238508820534
1,-1,-1,1,-1,-1,1,-1,-1,-1,-1,-1,1,1,1,1,-1,-1,1,1,0.008971470408141613
1,-1,-1,1,-1,-1,1,-1,-1,-1,-1,1,1,-1,-1,1,-1,-1,-1,-1,0.00897173397243023
1,-1,-1,1,-1,-1,1,-1,-1,-1,-1,1,1,-1,1,1,-1,1,1,1,0.008971518836915493
1,-1,-1,1,-1,-1,1,-1,-1,-1,-1,1,1,1,-1,-1,-1,1,-1,-1,0.008972040377557278
1,-1,-1,1,-1,-1,1,-1,-1,-1,-1,1,1,1,-1,-1,-1,1,-1,1,0.008972453884780407
1,-1,-1,1,-1,-1,1,-1,-1,-1,1,-1,-1,-1,-1,-1,1,1,-1,1,0.008972356095910072
1,-1,-1,1,-1,-1,1,-1,-1,-1,1,-1,-1,-1,-1,1,1,1,1,-1,0.008971636183559895
1,-1,-1,1,-1,-1,1,-1,-1,-1,1,-1,-1,-1,1,1,1,1,1,1,0.008971544913947582
1,-1,-1,1,-1,-1,1,-1,-1,-1,1,-1,1,-1,-1,-1,-1,1,1,1,0.008972062729299068
1,-1,-1,1,-1,-1,1,-1,-1,-1,1,-1,1,-1,-1,-1,1,-1,1,1,0.008971720933914185
1,-1,-1,1,-1,-1,1,-1,-1,-1,1,-1,1,-1,1,-1,1,-1,1,1,0.008971216157078743
1,-1,-1,1,-1,-1,1,-1,-1,-1,1,1,1,-1,-1,-1,-1,1,1,1,0.008972149342298508
1,-1,-1,1,-1,-1,1,-1,-1,-1,1,1,1,-1,1,1,-1,1,-1,-1,0.00897134467959404
1,-1,-1,1,-1,-1,1,-1,-1,1,-1,-1,-1,-1,-1,1,-1,-1,-1,1,0.008972487412393093
1,-1,-1,1,-1,-1,1,-1,-1,1,-1,-1,-1,-1,1,-1,-1,-1,1,1,0.008971869014203548
1,-1,-1,1,-1,-1,1,-1,-1,1,-1,-1,-1,1,-1,1,1,-1,-1,-1,0.008971941657364368
1,-1,-1,1,-1,-1,1,-1,-1,1,-1,-1,1,1,-1,-1,-1,1,-1,1,0.008972454816102982
1,-1,-1,1,-1,-1,1,-1,-1,1,-1,1,-1,1,1,-1,-1,1,1,-1,0.008971751667559147
1,-1,-1,1,-1,-1,1,-1,-1,1,-1,1,1,1,-1,1,-1,-1,-1,1,0.008972358889877796
1,-1,-1,1,-1,-1,1,-1,-1,1,1,-1,-1,-1,-1,-1,1,1,1,1,0.008972233161330223
1,-1,-1,1,-1,-1,1,-1,-1,1,1,-1,-1,-1,-1,1,1,-1,1,1,0.008972050622105598
1,-1,-1,1,-1,-1,1,-1,-1,1,1,-1,-1,1,1,-1,1,1,1,-1,0.008971438743174076
1,-1,-1,1,-1,-1,1,-1,-1,1,1,1,-1,-1,-1,-1,1,1,1,1,0.008972319774329662
1,-1,-1,1,-1,-1,1,-1,-1,1,1,1,-1,-1,1,-1,-1,1,1,-1,0.00897165760397911
1,-1,-1,1,-1,-1,1,-1,1,-1,-1,-1,-1,-1,-1,-1,-1,1,1,1,0.0089724725112319
1,-1,-1,1,-1,-1,1,-1,1,-1,-1,-1,1,-1,-1,-1,-1,1,1,1,0.00897213350981474
1,-1,-1,1,-1,-1,1,-1,1,-1,-1,-1,1,-1,-1,1,1,-1,-1,1,0.008971905335783958
1,-1,-1,1,-1,-1,1,-1,1,-1,-1,-1,1,-1,1,1,1,-1,1,-1,0.008970776572823524
1,-1,-1,1,-1,-1,1,-1,1,-1,-1,-1,1,1,-1,-1,-1,-1,1,-1,0.008971757255494595
1,-1,-1,1,-1,-1,1,-1,1,-1,-1,-1,1,1,1,1,-1,-1,1,-1,0.008971156552433968
1,-1,-1,1,-1,-1,1,-1,1,-1,-1,1,-1,-1,-1,-1,-1,-1,-1,1,0.008972682990133762
1,-1,-1,1,-1,-1,1,-1,1,-1,-1,1,-1,-1,-1,1,1,-1,1,1,0.008972120471298695
1,-1,-1,1,-1,-1,1,-1,1,-1,-1,1,-1,1,1,1,1,1,-1,-1,0.00897162314504385
1,-1,-1,1,-1,-1,1,-1,1,-1,-1,1,1,-1,-1,-1,1,-1,-1,1,0.008972087875008583
1,-1,-1,1,-1,-1,1,-1,1,-1,1,-1,-1,-1,-1,1,-1,1,-1,1,0.00897261593490839
1,-1,-1,1,-1,-1,1,-1,1,-1,1,-1,-1,-1,-1,1,1,1,1,-1,0.008971735835075378
1,-1,-1,1,-1,-1,1,-1,1,-1,1,-1,-1,1,-1,-1,1,1,1,-1,0.008971956558525562
1,-1,-1,1,-1,-1,1,-1,1,-1,1,-1,1,1,-1,1,1,-1,-1,1,0.00897205900400877
1,-1,-1,1,-1,-1,1,-1,1,-1,1,1,1,-1,1,-1,-1,1,1,1,0.00897174421697855
1,-1,-1,1,-1,-1,1,-1,1,1,-1,-1,-1,-1,-1,-1,-1,-1,-1,-1,0.008972270414233208
1,-1,-1,1,-1,-1,1,-1,1,1,-1,-1,-1,-1,-1,-1,-1,1,1,1,0.008972559124231339
1,-1,-1,1,-1,-1,1,-1,1,1,-1,-1,-1,-1,1,-1,1,-1,-1,1,0.008971923030912876
1,-1,-1,1,-1,-1,1,-1,1,1,-1,-1,1,-1,-1,-1,1,-1,-1,-1,0.008971675299108028
1,-1,-1,1,-1,-1,1,-1,1,1,-1,1,-1,1,1,1,-1,1,1,-1,0.008971755392849445
1,-1,-1,1,-1,-1,1,-1,1,1,-1,1,1,-1,-1,-1,-1,-1,-1,1,0.008972430601716042
1,-1,-1,1,-1,-1,1,-1,1,1,1,-1,-1,1,1,1,-1,1,-1,-1,0.008971909061074257
1,-1,-1,1,-1,-1,1,-1,1,1,1,-1,1,-1,1,-1,1,1,-1,1,0.008971699513494968
1,-1,-1,1,-1,-1,1,-1,1,1,1,-1,1,1,-1,1,1,1,1,1,0.008972021751105785
1,-1,-1,1,-1,-1,1,-1,1,1,1,1,-1,-1,-1,1,-1,1,-1,1,0.008972789160907269
1,-1,-1,1,-1,-1,1,-1,1,1,1,1,-1,1,-1,-1,-1,1,-1,1,0.008973009884357452
1,-1,-1,1,-1,-1,1,-1,1,1,1,1,1,-1,1,-1,-1,-1,1,1,0.008971745148301125
1,-1,-1,1,-1,-1,1,-1,1,1,1,1,1,-1,1,-1,1,1,1,1,0.008971575647592545
1,-1,-1,1,-1,-1,1,-1,1,1,1,1,1,-1,1,1,1,-1,-1,1,0.008971603587269783
1,-1,-1,1,-1,-1,1,-1,1,1,1,1,1,1,-1,1,-1,-1,-1,-1,0.008972073905169964
1,-1,-1,1,-1,-1,1,-1,1,1,1,1,1,1,-1,1,-1,1,1,-1,0.00897195003926754
1,-1,-1,1,-1,-1,1,1,-1,-1,-1,-1,-1,-1,1,-1,-1,-1,1,-1,0.00897172000259161
1,-1,-1,1,-1,-1,1,1,-1,-1,-1,1,-1,-1,-1,-1,1,-1,-1,1,0.008972679264843464
1,-1,-1,1,-1,-1,1,1,-1,-1,-1,1,-1,-1,1,-1,-1,1,1,1,0.008972305804491043
1,-1,-1,1,-1,-1,1,1,-1,-1,-1,1,-1,1,1,-1,-1,-1,-1,-1,0.008972140960395336
1,-1,-1,1,-1,-1,1,1,-1,-1,-1,1,1,1,-1,-1,-1,-1,-1,1,0.008972719311714172
1,-1,-1,1,-1,-1,1,1,-1,-1,-1,1,1,1,1,-1,1,-1,1,-1,0.008971335366368294
1,-1,-1,1,-1,-1,1,1,-1,-1,1,-1,-1,-1,1,1,1,-1,1,1,0.008971811272203922
1,-1,-1,1,-1,-1,1,1,-1,-1,1,-1,1,-1,-1,1,1,1,-1,1,0.008972273208200932
1,-1,-1,1,-1,-1,1,1,-1,-1,1,-1,1,1,1,1,1,1,1,1,0.00897168181836605
1,-1,-1,1,-1,-1,1,1,-1,-1,1,1,-1,-1,-1,1,1,-1,1,-1,0.0089719882234931
1,-1,-1,1,-1,-1,1,1,-1,-1,1,1,1,1,-1,-1,-1,1,1,-1,0.008972211740911007
1,-1,-1,1,-1,-1,1,1,-1,1,-1,-1,-1,-1,1,-1,1,-1,1,1,0.008971964940428734
1,-1,-1,1,-1,-1,1,1,-1,1,-1,1,-1,1,-1,-1,1,-1,1,-1,0.00897226668894291
1,-1,-1,1,-1,-1,1,1,-1,1,-1,1,1,1,1,1,1,1,1,-1,0.008971412666141987
1,-1,-1,1,-1,-1,1,1,-1,1,1,1,-1,1,1,1,1,-1,-1,1,0.008972318843007088
1,-1,-1,1,-1,-1,1,1,1,-1,-1,-1,-1,1,1,-1,1,1,-1,-1,0.0089719844982028
1,-1,-1,1,-1,-1,1,1,1,-1,-1,-1,-1,1,1,-1,1,1,-1,1,0.00897239800542593
1,-1,-1,1,-1,-1,1,1,1,-1,-1,-1,1,-1,-1,-1,-1,-1,-1,1,0.008972609415650368
1,-1,-1,1,-1,-1,1,1,1,-1,-1,-1,1,-1,-1,-1,1,1,-1,-1,0.008972026407718658
1,-1,-1,1,-1,-1,1,1,1,-1,1,-1,-1,1,1,1,1,1,1,1,0.00897212140262127
1,-1,-1,1,-1,-1,1,1,1,-1,1,-1,1,-1,-1,1,1,1,1,1,0.008972162380814552
1,-1,-1,1,-1,-1,1,1,1,-1,1,-1,1,1,1,-1,-1,1,1,-1,0.00897172000259161
1,-1,-1,1,-1,-1,1,1,1,-1,1,1,-1,-1,-1,-1,1,-1,-1,1,0.008972808718681335
1,-1,-1,1,-1,-1,1,1,1,-1,1,1,-1,-1,1,-1,-1,-1,-1,1,0.008972560055553913
1,-1,-1,1,-1,-1,1,1,1,-1,1,1,-1,1,-1,-1,1,-1,1,1,0.008972722105681896
1,-1,-1,1,-1,-1,1,1,1,-1,1,1,-1,1,1,1,1,-1,-1,-1,0.008971918374300003
1,-1,-1,1,-1,-1,1,1,1,-1,1,1,1,1,1,1,-1,1,1,-1,0.008971710689365864
1,-1,-1,1,-1,-1,1,1,1,1,-1,-1,-1,-1,1,-1,1,-1,1,1,0.008972065523266792
1,-1,-1,1,-1,-1,1,1,1,1,-1,-1,-1,1,1,-1,-1,-1,-1,-1,0.008972241543233395
1,-1,-1,1,-1,-1,1,1,1,1,-1,1,-1,-1,-1,1,-1,-1,1,-1,0.008972401730716228
1,-1,-1,1,-1,-1,1,1,1,1,-1,1,-1,1,-1,-1,-1,-1,-1,-1,0.008972832933068275
1,-1,-1,1,-1,-1,1,1,1,1,-1,1,1,1,-1,-1,1,1,-1,-1,0.00897232349961996
1,-1,-1,1,-1,-1,1,1,1,1,1,-1,1,1,-1,1,1,1,-1,1,0.008972584269940853
1,-1,-1,1,-1,-1,1,1,1,1,1,1,1,1,-1,1,-1,-1,-1,1,0.008972840383648872
1,-1,-1,1,-1,-1,1,1,1,1,1,1,1,1,1,1,-1,1,1,-1,0.008971798233687878
1,-1,-1,1,-1,1,-1,-1,-1,-1,-1,-1,-1,-1,1,1,-1,-1,1,-1,0.008971167728304863
1,-1,-1,1,-1,1,-1,-1,-1,-1,-1,-1,-1,1,1,1,-1,-1,1,1,0.00897170603275299
1,-1,-1,1,-1,1,-1,-1,-1,-1,-1,-1,1,1,1,-1,-1,1,1,-1,0.008971135132014751
1,-1,-1,1,-1,1,-1,-1,-1,-1,-1,1,-1,-1,1,1,1,1,1,-1,0.008971084840595722
1,-1,-1,1,-1,1,-1,-1,-1,-1,-1,1,-1,1,-1,-1,-1,1,-1,-1,0.008972276002168655
1,-1,-1,1,-1,1,-1,-1,-1,-1,-1,1,1,-1,-1,1,1,1,-1,1,0.008971874602138996
1,-1,-1,1,-1,1,-1,-1,-1,-1,1,-1,-1,1,1,1,1,1,1,1,0.008971565403044224
1,-1,-1,1,-1,1,-1,-1,-1,-1,1,-1,1,-1,1,-1,-1,-1,-1,1,0.008971578441560268
1,-1,-1,1,-1,1,-1,-1,-1,-1,1,-1,1,1,-1,1,-1,1,-1,-1,0.008971783332526684
1,-1,-1,1,-1,1,-1,-1,-1,-1,1,1,-1,1,-1,1,1,-1,1,1,0.008972070179879665
1,-1,-1,1,-1,1,-1,-1,-1,-1,1,1,-1,1,-1,1,1,1,1,-1,0.008971743285655975
1,-1,-1,1,-1,1,-1,-1,-1,-1,1,1,1,-1,1,-1,1,1,-1,-1,0.008971082046627998
1,-1,-1,1,-1,1,-1,-1,-1,-1,1,1,1,1,-1,-1,-1,-1,-1,1,0.008972293697297573
1,-1,-1,1,-1,1,-1,-1,-1,1,-1,-1,-1,-1,-1,-1,1,-1,1,1,0.008972014300525188
1,-1,-1,1,-1,1,-1,-1,-1,1,-1,1,-1,-1,-1,-1,-1,-1,1,1,0.008972356095910072
1,-1,-1,1,-1,1,-1,-1,-1,1,-1,1,-1,-1,1,1,-1,-1,-1,-1,0.00897155236452818
1,-1,-1,1,-1,1,-1,-1,-1,1,-1,1,-1,1,1,1,-1,-1,1,1,0.00897187925875187
1,-1,-1,1,-1,1,-1,-1,-1,1,-1,1,1,1,-1,-1,1,-1,1,1,0.008971885778009892
1,-1,-1,1,-1,1,-1,-1,-1,1,-1,1,1,1,-1,-1,1,1,-1,-1,0.00897176843136549
1,-1,-1,1,-1,1,-1,-1,-1,1,1,-1,1,1,1,-1,1,1,-1,1,0.008971620351076126
1,-1,-1,1,-1,1,-1,-1,-1,1,1,1,-1,-1,-1,-1,1,1,-1,-1,0.00897201243788004
1,-1,-1,1,-1,1,-1,-1,-1,1,1,1,1,-1,1,-1,-1,-1,-1,1,0.008971752598881721
1,-1,-1,1,-1,1,-1,-1,1,-1,-1,-1,-1,1,-1,-1,-1,-1,-1,-1,0.008972203359007835
1,-1,-1,1,-1,1,-1,-1,1,-1,-1,-1,1,1,1,-1,1,-1,-1,1,0.008971516974270344
1,-1,-1,1,-1,1,-1,-1,1,-1,-1,1,1,1,-1,1,1,1,1,-1,0.008971474133431911
1,-1,-1,1,-1,1,-1,-1,1,-1,1,-1,-1,-1,-1,1,-1,1,-1,1,0.008972511626780033
1,-1,-1,1,-1,1,-1,-1,1,-1,1,-1,-1,-1,1,1,1,1,1,-1,0.008971127681434155
1,-1,-1,1,-1,1,-1,-1,1,-1,1,-1,1,-1,1,-1,-1,1,1,-1,0.008971140719950199
1,-1,-1,1,-1,1,-1,-1,1,-1,1,1,-1,-1,-1,1,1,-1,-1,-1,0.00897184293717146
1,-1,-1,1,-1,1,-1,-1,1,-1,1,1,-1,-1,1,-1,1,1,-1,1,0.008971934206783772
1,-1,-1,1,-1,1,-1,-1,1,-1,1,1,-1,1,-1,-1,-1,1,1,-1,0.008972194977104664
1,-1,-1,1,-1,1,-1,-1,1,-1,1,1,1,1,1,-1,-1,-1,1,-1,0.008971264585852623
1,-1,-1,1,-1,1,-1,-1,1,1,-1,-1,1,1,-1,1,1,-1,-1,-1,0.00897159893065691
1,-1,-1,1,-1,1,-1,-1,1,1,-1,-1,1,1,1,1,1,-1,1,-1,0.00897088460624218
1,-1,-1,1,-1,1,-1,-1,1,1,-1,1,-1,-1,1,1,-1,1,1,-1,0.00897152815014124
1,-1,-1,1,-1,1,-1,-1,1,1,-1,1,-1,1,1,1,1,-1,-1,-1,0.008971520699560642
1,-1,-1,1,-1,1,-1,-1,1,1,-1,1,1,-1,-1,-1,1,-1,-1,-1,0.00897165760397911
1,-1,-1,1,-1,1,-1,-1,1,1,-1,1,1,-1,1,1,1,-1,-1,-1,0.008971056900918484
1,-1,-1,1,-1,1,-1,-1,1,1,1,-1,-1,-1,-1,-1,-1,1,-1,-1,0.008972281590104103
1,-1,-1,1,-1,1,-1,-1,1,1,1,-1,1,-1,1,1,1,1,-1,1,0.008971500210464
1,-1,-1,1,-1,1,-1,-1,1,1,1,-1,1,1,-1,1,1,-1,1,1,0.008971831761300564
1,-1,-1,1,-1,1,-1,-1,1,1,1,1,-1,-1,1,-1,1,1,-1,-1,0.008971608243882656
1,-1,-1,1,-1,1,-1,-1,1,1,1,1,-1,1,-1,1,-1,1,-1,-1,0.00897239614278078
1,-1,-1,1,-1,1,-1,-1,1,1,1,1,-1,1,1,1,1,1,-1,-1,0.008971636183559895
1,-1,-1,1,-1,1,-1,1,-1,-1,-1,-1,-1,-1,1,-1,1,-1,-1,-1,0.008971570990979671
1,-1,-1,1,-1,1,-1,1,-1,-1,-1,-1,-1,1,1,-1,-1,-1,1,-1,0.008971740491688251
1,-1,-1,1,-1,1,-1,1,-1,-1,-1,-1,1,-1,1,-1,-1,-1,-1,-1,0.008971487171947956
1,-1,-1,1,-1,1,-1,1,-1,-1,-1,-1,1,-1,1,1,-1,-1,-1,-1,0.00897139124572277
1,-1,-1,1,-1,1,-1,1,-1,-1,-1,1,-1,-1,-1,1,-1,1,-1,-1,0.008972407318651676
1,-1,-1,1,-1,1,-1,1,-1,-1,-1,1,-1,-1,1,1,-1,1,-1,-1,0.00897190347313881
1,-1,-1,1,-1,1,-1,1,-1,-1,-1,1,1,-1,1,1,1,-1,-1,1,0.00897163525223732
1,-1,-1,1,-1,1,-1,1,-1,-1,1,-1,-1,-1,-1,-1,1,1,-1,1,0.008972604759037495
1,-1,-1,1,-1,1,-1,1,-1,-1,1,-1,-1,-1,1,1,1,1,1,1,0.008971793577075005
1,-1,-1,1,-1,1,-1,1,-1,-1,1,-1,1,1,1,1,1,1,1,-1,0.008971164934337139
1,-1,-1,1,-1,1,-1,1,-1,-1,1,1,-1,-1,1,-1,1,-1,-1,1,0.008972099982202053
1,-1,-1,1,-1,1,-1,1,-1,-1,1,1,-1,-1,1,1,1,-1,-1,-1,0.008971590548753738
1,-1,-1,1,-1,1,-1,1,-1,-1,1,1,-1,1,-1,-1,1,-1,-1,-1,0.00897231511771679
1,-1,-1,1,-1,1,-1,1,-1,-1,1,1,1,-1,-1,1,1,-1,1,1,0.008971959352493286
1,-1,-1,1,-1,1,-1,1,-1,-1,1,1,1,-1,1,1,1,-1,-1,-1,0.008971251547336578
1,-1,-1,1,-1,1,-1,1,-1,1,-1,-1,-1,1,-1,-1,-1,1,-1,1,0.008973042480647564
1,-1,-1,1,-1,1,-1,1,-1,1,-1,-1,-1,1,-1,-1,-1,1,1,-1,0.008972418494522572
1,-1,-1,1,-1,1,-1,1,-1,1,-1,-1,1,1,-1,1,1,-1,1,-1,0.008971640840172768
1,-1,-1,1,-1,1,-1,1,-1,1,-1,1,-1,1,-1,1,1,-1,1,-1,0.008972066454589367
1,-1,-1,1,-1,1,-1,1,-1,1,-1,1,1,-1,1,-1,-1,-1,1,-1,0.008971450850367546
1,-1,-1,1,-1,1,-1,1,-1,1,-1,1,1,-1,1,-1,1,1,1,1,0.008971694856882095
1,-1,-1,1,-1,1,-1,1,-1,1,-1,1,1,1,1,1,-1,1,-1,1,0.008972188457846642
1,-1,-1,1,-1,1,-1,1,-1,1,-1,1,1,1,1,1,1,-1,1,-1,0.008971222676336765
1,-1,-1,1,-1,1,-1,1,-1,1,1,-1,1,1,-1,-1,-1,1,1,1,0.008972521871328354
1,-1,-1,1,-1,1,-1,1,-1,1,1,1,-1,-1,-1,-1,-1,-1,-1,1,0.008972948417067528
1,-1,-1,1,-1,1,-1,1,-1,1,1,1,-1,-1,-1,-1,1,1,-1,-1,0.008972364477813244
1,-1,-1,1,-1,1,-1,1,-1,1,1,1,-1,1,1,1,-1,-1,1,1,0.008972261101007462
1,-1,-1,1,-1,1,-1,1,-1,1,1,1,1,-1,-1,-1,-1,1,1,-1,0.00897207111120224
1,-1,-1,1,-1,1,-1,1,-1,1,1,1,1,1,1,1,1,1,1,1,0.008971752598881721
1,-1,-1,1,-1,1,-1,1,1,-1,-1,-1,-1,1,1,1,-1,-1,1,-1,0.00897174421697855
1,-1,-1,1,-1,1,-1,1,1,-1,-1,-1,1,1,1,-1,-1,1,-1,1,0.008972210809588432
1,-1,-1,1,-1,1,-1,1,1,-1,-1,-1,1,1,1,-1,1,1,-1,-1,0.008971542119979858
1,-1,-1,1,-1,1,-1,1,1,-1,-1,1,-1,-1,-1,1,-1,1,1,-1,0.008972297422587872
1,-1,-1,1,-1,1,-1,1,1,-1,1,-1,-1,-1,1,1,-1,1,-1,1,0.00897235982120037
1,-1,-1,1,-1,1,-1,1,1,1,-1,-1,-1,-1,-1,-1,1,-1,-1,1,0.00897267647087574
1,-1,-1,1,-1,1,-1,1,1,1,-1,-1,-1,-1,-1,-1,1,1,-1,-1,0.008972348645329475
1,-1,-1,1,-1,1,-1,1,1,1,-1,-1,-1,1,-1,-1,1,1,-1,-1,0.008972473442554474
1,-1,-1,1,-1,1,-1,1,1,1,-1,-1,1,-1,-1,1,1,-1,-1,-1,0.00897182710468769
1,-1,-1,1,-1,1,-1,1,1,1,-1,1,-1,1,-1,-1,-1,1,1,-1,0.008972604759037495
1,-1,-1,1,-1,1,-1,1,1,1,-1,1,1,1,1,1,1,-1,-1,1,0.008971947245299816
1,-1,-1,1,-1,1,-1,1,1,1,1,-1,-1,1,-1,1,1,-1,1,1,0.008972523733973503
1,-1,-1,1,-1,1,1,-1,-1,-1,-1,-1,1,-1,-1,1,-1,1,1,1,0.008971848525106907
1,-1,-1,1,-1,1,1,-1,-1,-1,-1,-1,1,-1,1,1,-1,-1,1,1,0.008971257135272026
1,-1,-1,1,-1,1,1,-1,-1,-1,-1,1,-1,1,1,-1,-1,-1,-1,1,0.008972113020718098
1,-1,-1,1,-1,1,1,-1,-1,1,-1,1,-1,-1,-1,1,1,1,-1,-1,0.00897190161049366
1,-1,-1,1,-1,1,1,-1,-1,1,-1,1,1,1,-1,-1,-1,1,1,-1,0.008971828036010265
1,-1,-1,1,-1,1,1,-1,-1,1,1,-1,-1,1,-1,-1,-1,1,-1,-1,0.008972320705652237
1,-1,-1,1,-1,1,1,-1,-1,1,1,-1,1,1,-1,1,1,-1,1,-1,0.008971333503723145
1,-1,-1,1,-1,1,1,-1,-1,1,1,1,-1,1,-1,-1,-1,1,-1,1,0.008972820825874805
1,-1,-1,1,-1,1,1,-1,-1,1,1,1,1,1,-1,-1,1,1,-1,-1,0.008971812203526497
1,-1,-1,1,-1,1,1,-1,1,-1,-1,-1,-1,-1,1,-1,-1,1,-1,1,0.008972088806331158
1,-1,-1,1,-1,1,1,-1,1,-1,-1,-1,-1,1,1,-1,-1,-1,-1,1,0.008972126990556717
1,-1,-1,1,-1,1,1,-1,1,-1,-1,-1,1,-1,1,-1,1,-1,1,-1,0.008970784023404121
1,-1,-1,1,-1,1,1,-1,1,-1,-1,-1,1,1,-1,-1,-1,-1,-1,1,0.008972292765974998
1,-1,-1,1,-1,1,1,-1,1,-1,-1,-1,1,1,1,-1,1,1,-1,-1,0.008971204981207848
1,-1,-1,1,-1,1,1,-1,1,-1,-1,1,-1,-1,-1,1,-1,-1,1,-1,0.008971873670816422
1,-1,-1,1,-1,1,1,-1,1,-1,-1,1,-1,-1,1,1,-1,1,1,1,0.008971869014203548
1,-1,-1,1,-1,1,1,-1,1,-1,-1,1,1,-1,-1,1,-1,-1,1,-1,0.008971534669399261
1,-1,-1,1,-1,1,1,-1,1,-1,1,-1,1,-1,1,1,1,-1,-1,-1,0.008970927447080612
1,-1,-1,1,-1,1,1,-1,1,-1,1,1,-1,-1,-1,1,1,-1,-1,1,0.008972271345555782
1,-1,-1,1,-1,1,1,-1,1,-1,1,1,1,-1,-1,-1,-1,-1,1,1,0.008972073905169964
1,-1,-1,1,-1,1,1,-1,1,-1,1,1,1,-1,-1,-1,1,-1,1,-1,0.008971404284238815
1,-1,-1,1,-1,1,1,-1,1,-1,1,1,1,-1,1,-1,-1,-1,1,1,0.008971569128334522
1,-1,-1,1,-1,1,1,-1,1,1,-1,-1,-1,-1,-1,-1,1,1,-1,-1,0.008972011506557465
1,-1,-1,1,-1,1,1,-1,1,1,-1,-1,-1,1,1,-1,-1,1,1,1,0.008972090668976307
1,-1,-1,1,-1,1,1,-1,1,1,-1,-1,-1,1,1,-1,1,-1,1,-1,0.00897133443504572
1,-1,-1,1,-1,1,1,-1,1,1,-1,-1,1,-1,-1,-1,-1,1,-1,-1,0.008971928618848324
1,-1,-1,1,-1,1,1,-1,1,1,-1,1,1,-1,1,-1,-1,1,-1,-1,0.008971510455012321
1,-1,-1,1,-1,1,1,-1,1,1,-1,1,1,1,-1,1,-1,-1,-1,1,0.008972370065748692
1,-1,-1,1,-1,1,1,-1,1,1,-1,1,1,1,1,-1,1,-1,1,-1,0.008971082046627998
1,-1,-1,1,-1,1,1,-1,1,1,1,-1,-1,-1,1,-1,-1,-1,1,1,0.008971909061074257
1,-1,-1,1,-1,1,1,-1,1,1,1,-1,-1,1,1,1,-1,1,-1,-1,0.008971819654107094
1,-1,-1,1,-1,1,1,-1,1,1,1,-1,1,1,1,-1,1,-1,1,1,0.008971438743174076
1,-1,-1,1,-1,1,1,1,-1,-1,-1,-1,-1,1,-1,-1,-1,1,-1,1,0.008972969837486744
1,-1,-1,1,-1,1,1,1,-1,-1,-1,-1,1,-1,1,1,-1,-1,1,1,0.00897160917520523
1,-1,-1,1,-1,1,1,1,-1,-1,-1,-1,1,-1,1,1,-1,1,1,1,0.00897169578820467
1,-1,-1,1,-1,1,1,1,-1,-1,-1,1,-1,-1,-1,-1,1,-1,-1,1,0.008972590789198875
1,-1,-1,1,-1,1,1,1,-1,-1,-1,1,-1,1,-1,-1,1,1,1,-1,0.008972176350653172
1,-1,-1,1,-1,1,1,1,-1,-1,-1,1,1,-1,-1,1,1,1,1,1,0.008972031064331532
1,-1,-1,1,-1,1,1,1,-1,-1,1,-1,1,-1,-1,-1,1,-1,-1,1,0.00897219404578209
1,-1,-1,1,-1,1,1,1,-1,-1,1,-1,1,-1,-1,-1,1,1,-1,-1,0.0089718671515584
1,-1,-1,1,-1,1,1,1,-1,-1,1,-1,1,-1,-1,1,-1,1,1,-1,0.008971815928816795
1,-1,-1,1,-1,1,1,1,-1,-1,1,-1,1,-1,1,1,1,-1,-1,1,0.008971593342721462
1,-1,-1,1,-1,1,1,1,-1,-1,1,1,-1,-1,-1,-1,1,-1,1,1,0.008972409181296825
1,-1,-1,1,-1,1,1,1,-1,-1,1,1,-1,-1,-1,1,1,1,1,-1,0.008971985429525375
1,-1,-1,1,-1,1,1,1,-1,-1,1,1,1,1,1,-1,1,-1,-1,1,0.00897189974784851
1,-1,-1,1,-1,1,1,1,-1,1,-1,-1,-1,1,-1,1,-1,1,-1,-1,0.008972547017037868
1,-1,-1,1,-1,1,1,1,-1,1,1,-1,1,-1,-1,1,1,1,-1,1,0.008972271345555782
1,-1,-1,1,-1,1,1,1,-1,1,1,-1,1,-1,1,-1,-1,1,-1,-1,0.008971705101430416
1,-1,-1,1,-1,1,1,1,-1,1,1,1,-1,1,1,-1,1,1,-1,1,0.008972412906587124
1,-1,-1,1,-1,1,1,1,-1,1,1,1,1,1,-1,1,-1,-1,-1,-1,0.008972237817943096
1,-1,-1,1,-1,1,1,1,-1,1,1,1,1,1,1,-1,-1,1,1,1,0.008972118608653545
1,-1,-1,1,-1,1,1,1,1,-1,-1,-1,1,-1,-1,1,-1,1,1,1,0.008972300216555595
1,-1,-1,1,-1,1,1,1,1,-1,-1,-1,1,1,1,-1,-1,-1,1,1,0.008971929550170898
1,-1,-1,1,-1,1,1,1,1,-1,-1,-1,1,1,1,1,1,1,-1,-1,0.008971460163593292
1,-1,-1,1,-1,1,1,1,1,-1,-1,1,1,-1,-1,-1,1,1,-1,-1,0.008972023613750935
1,-1,-1,1,-1,1,1,1,1,-1,-1,1,1,1,-1,1,-1,-1,1,1,0.00897242408245802
1,-1,-1,1,-1,1,1,1,1,-1,-1,1,1,1,1,-1,1,1,1,1,0.008971846662461758
1,-1,-1,1,-1,1,1,1,1,-1,-1,1,1,1,1,1,1,-1,-1,1,0.008971874602138996
1,-1,-1,1,-1,1,1,1,1,-1,1,-1,1,-1,-1,-1,1,1,-1,-1,0.008971966803073883
1,-1,-1,1,-1,1,1,1,1,-1,1,-1,1,1,1,1,-1,-1,1,1,0.008971862494945526
1,-1,-1,1,-1,1,1,1,1,-1,1,-1,1,1,1,1,-1,1,1,-1,0.008971535600721836
1,-1,-1,1,-1,1,1,1,1,-1,1,1,-1,-1,1,1,-1,-1,-1,-1,0.008971961215138435
1,-1,-1,1,-1,1,1,1,1,-1,1,1,-1,-1,1,1,1,-1,-1,1,0.008972118608653545
1,-1,-1,1,-1,1,1,1,1,-1,1,1,1,-1,-1,1,1,-1,1,-1,0.008971660397946835
1,-1,-1,1,-1,1,1,1,1,-1,1,1,1,-1,1,-1,-1,-1,-1,1,0.00897213164716959
1,-1,-1,1,-1,1,1,1,1,-1,1,1,1,1,1,1,-1,-1,1,1,0.008971949107944965
1,-1,-1,1,-1,1,1,1,1,1,-1,-1,-1,-1,1,-1,1,-1,-1,1,0.008972186595201492
1,-1,-1,1,-1,1,1,1,1,1,-1,-1,-1,1,-1,-1,-1,1,-1,-1,0.008972743526101112
1,-1,-1,1,-1,1,1,1,1,1,-1,-1,1,-1,1,1,1,1,-1,1,0.008971837349236012
1,-1,-1,1,-1,1,1,1,1,1,-1,1,-1,-1,1,-1,1,-1,-1,-1,0.008971859700977802
1,-1,-1,1,-1,1,1,1,1,1,-1,1,-1,1,-1,1,-1,-1,-1,-1,0.008972647599875927
1,-1,-1,1,-1,1,1,1,1,1,-1,1,-1,1,1,-1,1,-1,-1,1,0.008972397074103355
1,-1,-1,1,-1,1,1,1,1,1,-1,1,1,1,1,1,1,-1,-1,1,0.00897196214646101
1,-1,-1,1,-1,1,1,1,1,1,1,-1,-1,1,1,-1,1,1,1,-1,0.008971801958978176
1,-1,-1,1,-1,1,1,1,1,1,1,1,-1,1,-1,1,-1,-1,1,1,0.00897288043051958
1,-1,-1,1,-1,1,1,1,1,1,1,1,1,-1,1,1,1,-1,1,-1,0.008971243165433407
1,-1,-1,1,-1,1,1,1,1,1,1,1,1,1,-1,-1,-1,-1,1,1,0.008972637355327606
1,-1,-1,1,-1,1,1,1,1,1,1,1,1,1,1,-1,-1,-1,-1,1,0.008972343057394028
1,-1,-1,1,1,-1,-1,-1,-1,-1,-1,-1,-1,-1,-1,-1,1,-1,1,1,0.008971547707915306
1,-1,-1,1,1,-1,-1,-1,-1,-1,-1,-1,-1,-1,-1,1,1,1,1,-1,0.008971123956143856
1,-1,-1,1,1,-1,-1,-1,-1,-1,-1,-1,1,1,-1,1,-1,1,-1,-1,0.008971374481916428
1,-1,-1,1,1,-1,-1,-1,-1,-1,-1,1,1,-1,1,-1,-1,-1,-1,1,0.008971256203949451
1,-1,-1,1,1,-1,-1,-1,-1,-1,1,-1,1,-1,-1,1,1,-1,-1,1,0.008971351198852062
1,-1,-1,1,1,-1,-1,-1,-1,-1,1,-1,1,-1,1,-1,1,-1,-1,1,0.00897094327956438
1,-1,-1,1,1,-1,-1,-1,-1,-1,1,1,-1,-1,1,1,-1,1,1,-1,0.008970990777015686
1,-1,-1,1,1,-1,-1,-1,-1,-1,1,1,1,-1,-1,-1,-1,1,1,1,0.008971665985882282
1,-1,-1,1,1,-1,-1,-1,-1,1,-1,-1,-1,-1,-1,-1,-1,-1,1,-1,0.008971476927399635
1,-1,-1,1,1,-1,-1,-1,-1,1,-1,-1,-1,1,1,1,-1,1,-1,1,0.00897170975804329
1,-1,-1,1,1,-1,-1,-1,-1,1,-1,-1,1,-1,-1,1,1,1,1,1,0.008971285074949265
1,-1,-1,1,1,-1,-1,-1,-1,1,-1,-1,1,1,1,1,1,-1,1,1,0.008970818482339382
1,-1,-1,1,1,-1,-1,-1,-1,1,-1,1,-1,-1,-1,-1,-1,-1,-1,1,0.008972186595201492
1,-1,-1,1,1,-1,-1,-1,-1,1,1,-1,1,-1,1,1,-1,-1,-1,1,0.008971190080046654
1,-1,-1,1,1,-1,-1,-1,-1,1,1,-1,1,1,1,1,1,-1,-1,-1,0.008970644325017929
1,-1,-1,1,1,-1,-1,-1,-1,1,1,1,-1,-1,1,1,1,1,1,-1,0.00897082220762968
1,-1,-1,1,1,-1,-1,-1,-1,1,1,1,-1,1,-1,1,-1,1,-1,-1,0.008971916511654854
1,-1,-1,1,1,-1,-1,-1,-1,1,1,1,-1,1,1,-1,1,-1,-1,-1,0.008971166796982288
1,-1,-1,1,1,-1,-1,-1,-1,1,1,1,1,1,-1,1,1,-1,-1,-1,0.00897123571485281
1,-1,-1,1,1,-1,-1,-1,-1,1,1,1,1,1,1,1,1,-1,1,-1,0.008970520459115505
1,-1,-1,1,1,-1,-1,-1,1,-1,-1,-1,-1,-1,-1,1,-1,1,1,1,0.008971893228590488
1,-1,-1,1,1,-1,-1,-1,1,-1,-1,-1,-1,-1,1,-1,1,-1,1,-1,0.008970729075372219
1,-1,-1,1,1,-1,-1,-1,1,-1,-1,-1,1,-1,1,1,1,-1,1,1,0.008970707654953003
1,-1,-1,1,1,-1,-1,-1,1,-1,-1,1,-1,-1,-1,-1,1,-1,1,-1,0.0089713204652071
1,-1,-1,1,1,-1,-1,-1,1,-1,-1,1,-1,1,-1,-1,1,1,-1,1,0.00897215399891138
1,-1,-1,1,1,-1,-1,-1,1,-1,-1,1,1,-1,-1,1,-1,-1,-1,-1,0.008971350267529488
1,-1,-1,1,1,-1,-1,-1,1,-1,-1,1,1,1,1,1,-1,-1,1,-1,0.008970759809017181
1,-1,-1,1,1,-1,-1,-1,1,-1,-1,1,1,1,1,1,-1,1,-1,1,0.008971469476819038
1,-1,-1,1,1,-1,-1,-1,1,-1,1,-1,-1,-1,-1,1,-1,1,1,-1,0.008971508592367172
1,-1,-1,1,1,-1,-1,-1,1,-1,1,1,1,-1,1,-1,-1,1,1,1,0.008971260860562325
1,-1,-1,1,1,-1,-1,-1,1,-1,1,1,1,1,-1,1,-1,1,-1,-1,0.008971590548753738
1,-1,-1,1,1,-1,-1,-1,1,1,-1,-1,1,1,-1,-1,-1,1,1,-1,0.008971448056399822
1,-1,-1,1,1,-1,-1,-1,1,1,-1,1,-1,-1,-1,-1,1,-1,-1,-1,0.008971617557108402
1,-1,-1,1,1,-1,-1,-1,1,1,-1,1,-1,-1,1,1,1,1,1,1,0.00897130649536848
1,-1,-1,1,1,-1,-1,-1,1,1,-1,1,1,-1,1,1,-1,-1,-1,1,0.008971347473561764
1,-1,-1,1,1,-1,-1,-1,1,1,1,1,-1,-1,-1,1,1,-1,-1,-1,0.00897155050188303
1,-1,-1,1,1,-1,-1,-1,1,1,1,1,-1,-1,1,1,1,-1,1,1,0.00897124968469143
1,-1,-1,1,1,-1,-1,-1,1,1,1,1,-1,1,1,1,1,-1,1,1,0.008971373550593853
1,-1,-1,1,1,-1,-1,-1,1,1,1,1,1,-1,1,-1,-1,-1,-1,1,0.008971472270786762
1,-1,-1,1,1,-1,-1,-1,1,1,1,1,1,1,-1,1,1,1,-1,1,0.008971835486590862
1,-1,-1,1,1,-1,-1,-1,1,1,1,1,1,1,1,1,1,-1,-1,-1,0.008970830589532852
1,-1,-1,1,1,-1,-1,1,-1,-1,-1,-1,-1,-1,-1,1,1,-1,-1,1,0.008972013369202614
1,-1,-1,1,1,-1,-1,1,-1,-1,-1,-1,-1,-1,1,1,1,-1,-1,-1,0.008971095085144043
1,-1,-1,1,1,-1,-1,1,-1,-1,-1,-1,1,-1,-1,-1,1,-1,-1,-1,0.00897135678678751
1,-1,-1,1,1,-1,-1,1,-1,-1,-1,-1,1,1,-1,-1,-1,-1,1,-1,0.00897152628749609
1,-1,-1,1,1,-1,-1,1,-1,-1,-1,-1,1,1,1,-1,1,1,1,1,0.008971265517175198
1,-1,-1,1,1,-1,-1,1,-1,-1,-1,1,-1,1,1,-1,-1,-1,1,1,0.008971860632300377
1,-1,-1,1,1,-1,-1,1,-1,-1,-1,1,1,-1,-1,-1,-1,1,1,-1,0.00897157471626997
1,-1,-1,1,1,-1,-1,1,-1,-1,-1,1,1,1,1,-1,1,1,-1,-1,0.00897114910185337
1,-1,-1,1,1,-1,-1,1,-1,-1,1,-1,-1,-1,1,1,-1,-1,1,1,0.008971584029495716
1,-1,-1,1,1,-1,-1,1,-1,-1,1,1,1,-1,-1,-1,1,1,1,1,0.008971761912107468
1,-1,-1,1,1,-1,-1,1,-1,-1,1,1,1,1,1,-1,1,-1,-1,1,0.008971505798399448
1,-1,-1,1,1,-1,-1,1,-1,-1,1,1,1,1,1,-1,1,1,-1,1,0.008971591480076313
1,-1,-1,1,1,-1,-1,1,-1,1,-1,-1,1,-1,1,-1,-1,1,-1,1,0.008971694856882095
1,-1,-1,1,1,-1,-1,1,-1,1,-1,-1,1,-1,1,1,1,1,1,-1,0.008970719762146473
1,-1,-1,1,1,-1,-1,1,-1,1,-1,-1,1,1,-1,-1,1,1,-1,1,0.008972068317234516
1,-1,-1,1,1,-1,-1,1,-1,1,-1,1,-1,1,-1,-1,-1,-1,-1,1,0.008972663432359695
1,-1,-1,1,1,-1,-1,1,-1,1,-1,1,1,-1,1,-1,-1,1,1,1,0.008971570990979671
1,-1,-1,1,1,-1,-1,1,-1,1,-1,1,1,-1,1,-1,1,1,1,1,0.008971315808594227
1,-1,-1,1,1,-1,-1,1,-1,1,-1,1,1,1,-1,1,-1,1,1,1,0.008972103707492352
1,-1,-1,1,1,-1,-1,1,-1,1,-1,1,1,1,1,-1,1,1,1,-1,0.008971026167273521
1,-1,-1,1,1,-1,-1,1,-1,1,1,-1,-1,1,-1,-1,1,1,1,-1,0.008971812203526497
1,-1,-1,1,1,-1,-1,1,-1,1,1,-1,-1,1,1,1,-1,1,1,1,0.008971881121397018
1,-1,-1,1,1,-1,-1,1,-1,1,1,-1,1,-1,-1,-1,-1,-1,-1,-1,0.008971729315817356
1,-1,-1,1,1,-1,-1,1,-1,1,1,1,-1,-1,1,-1,1,1,-1,-1,0.008971480652689934
1,-1,-1,1,1,-1,-1,1,-1,1,1,1,1,-1,-1,-1,-1,-1,-1,-1,0.008971815928816795
1,-1,-1,1,1,-1,-1,1,-1,1,1,1,1,1,-1,-1,1,1,-1,1,0.008972183801233768
1,-1,-1,1,1,-1,-1,1,1,-1,-1,-1,-1,1,-1,1,-1,-1,1,-1,0.008971869014203548
1,-1,-1,1,1,-1,-1,1,1,-1,-1,1,-1,-1,1,-1,1,1,1,-1,0.008971253409981728
1,-1,-1,1,1,-1,-1,1,1,-1,-1,1,-1,-1,1,-1,1,1,1,1,0.008971667848527431
1,-1,-1,1,1,-1,-1,1,1,-1,1,-1,-1,-1,-1,-1,-1,-1,-1,1,0.00897249486297369
1,-1,-1,1,1,-1,-1,1,1,-1,1,-1,1,1,1,-1,1,-1,-1,-1,0.008971105329692364
1,-1,-1,1,1,-1,-1,1,1,-1,1,1,1,-1,-1,-1,-1,-1,-1,1,0.008972241543233395
1,-1,-1,1,1,-1,-1,1,1,-1,1,1,1,-1,-1,-1,-1,1,-1,1,0.008972328156232834
1,-1,-1,1,1,-1,-1,1,1,1,-1,-1,-1,-1,1,1,1,1,-1,-1,0.00897136889398098
1,-1,-1,1,1,-1,-1,1,1,1,-1,-1,-1,1,1,1,1,1,-1,1,0.008971906267106533
1,-1,-1,1,1,-1,-1,1,1,1,-1,1,-1,1,-1,-1,1,-1,-1,-1,0.00897209346294403
1,-1,-1,1,1,-1,-1,1,1,1,-1,1,-1,1,1,1,-1,-1,-1,1,0.008972162380814552
1,-1,-1,1,1,-1,-1,1,1,1,1,-1,-1,-1,1,-1,1,1,1,1,0.00897169765084982
1,-1,-1,1,1,-1,-1,1,1,1,1,-1,-1,1,-1,1,1,-1,1,-1,0.00897173024713993
1,-1,-1,1,1,-1,-1,1,1,1,1,-1,1,1,-1,-1,-1,1,-1,-1,0.008972039446234703
1,-1,-1,1,1,-1,-1,1,1,1,1,-1,1,1,-1,1,1,-1,1,1,0.0089718047529459
1,-1,-1,1,1,-1,-1,1,1,1,1,1,-1,1,-1,1,-1,1,1,1,0.008972572162747383
1,-1,-1,1,1,-1,-1,1,1,1,1,1,1,-1,-1,-1,1,1,1,-1,0.008971535600721836
1,-1,-1,1,1,-1,-1,1,1,1,1,1,1,1,-1,1,1,1,-1,1,0.008972187526524067
1,-1,-1,1,1,-1,-1,1,1,1,1,1,1,1,1,1,-1,-1,1,-1,0.008971228264272213
1,-1,-1,1,1,-1,1,-1,-1,-1,-1,-1,-1,1,-1,-1,-1,1,1,-1,0.008971613831818104
1,-1,-1,1,1,-1,1,-1,-1,-1,-1,-1,1,-1,-1,-1,1,-1,1,-1,0.008970809169113636
1,-1,-1,1,1,-1,1,-1,-1,-1,-1,-1,1,-1,-1,1,1,1,-1,1,0.008971422910690308
1,-1,-1,1,1,-1,1,-1,-1,-1,-1,-1,1,-1,1,1,1,1,1,1,0.008970708586275578
1,-1,-1,1,1,-1,1,-1,-1,-1,-1,1,1,-1,-1,-1,-1,1,1,-1,0.00897123757749796
1,-1,-1,1,1,-1,1,-1,-1,-1,-1,1,1,1,1,1,-1,1,1,-1,0.008970760740339756
1,-1,-1,1,1,-1,1,-1,-1,-1,1,-1,-1,-1,-1,1,1,1,1,-1,0.008971167728304863
1,-1,-1,1,1,-1,1,-1,-1,-1,1,-1,-1,1,1,-1,1,1,1,1,0.008971297182142735
1,-1,-1,1,1,-1,1,-1,-1,-1,1,-1,1,1,-1,-1,1,1,-1,-1,0.008971258997917175
1,-1,-1,1,1,-1,1,-1,-1,-1,1,1,-1,1,1,-1,-1,-1,-1,1,0.008971762843430042
1,-1,-1,1,1,-1,1,-1,-1,-1,1,1,1,-1,-1,1,-1,1,-1,-1,0.00897138100117445
1,-1,-1,1,1,-1,1,-1,-1,1,-1,-1,-1,-1,1,1,1,1,-1,1,0.008971345610916615
1,-1,-1,1,1,-1,1,-1,-1,1,-1,1,-1,1,-1,-1,1,1,1,1,0.008971946313977242
1,-1,-1,1,1,-1,1,-1,-1,1,-1,1,-1,1,1,-1,-1,1,1,-1,0.008971283212304115
1,-1,-1,1,1,-1,1,-1,-1,1,-1,1,1,1,-1,-1,1,-1,1,1,0.008971520699560642
1,-1,-1,1,1,-1,1,-1,-1,1,-1,1,1,1,1,1,-1,1,1,-1,0.00897084828466177
1,-1,-1,1,1,-1,1,-1,-1,1,1,-1,-1,-1,-1,-1,1,-1,-1,-1,0.008971475064754486
1,-1,-1,1,1,-1,1,-1,-1,1,1,-1,-1,-1,-1,1,1,-1,-1,-1,0.0089713791385293
1,-1,-1,1,1,-1,1,-1,-1,1,1,-1,-1,1,-1,-1,-1,-1,-1,-1,0.00897185504436493
1,-1,-1,1,1,-1,1,-1,-1,1,1,-1,-1,1,-1,-1,-1,-1,1,-1,0.008971644565463066
1,-1,-1,1,1,-1,1,-1,-1,1,1,-1,1,1,1,1,-1,1,1,-1,0.008970791473984718
1,-1,-1,1,1,-1,1,-1,-1,1,1,1,-1,1,1,-1,-1,1,1,1,0.008971726521849632
1,-1,-1,1,1,-1,1,-1,1,-1,-1,-1,-1,-1,-1,-1,-1,-1,1,1,0.008971917442977428
1,-1,-1,1,1,-1,1,-1,1,-1,-1,-1,-1,1,-1,-1,-1,-1,1,1,0.008972041308879852
1,-1,-1,1,1,-1,1,-1,1,-1,-1,-1,-1,1,-1,1,1,1,-1,1,0.00897198636084795
1,-1,-1,1,1,-1,1,-1,1,-1,-1,-1,1,-1,-1,1,1,1,-1,-1,0.008971109986305237
1,-1,-1,1,1,-1,1,-1,1,-1,-1,-1,1,1,-1,1,-1,-1,1,-1,0.008971192874014378
1,-1,-1,1,1,-1,1,-1,1,-1,1,-1,1,-1,1,-1,1,-1,1,1,0.008970847353339195
1,-1,-1,1,1,-1,1,-1,1,-1,1,1,-1,-1,-1,1,1,1,-1,-1,0.00897156447172165
1,-1,-1,1,1,-1,1,-1,1,-1,1,1,-1,1,1,-1,-1,1,1,-1,0.008971325121819973
1,-1,-1,1,1,-1,1,-1,1,-1,1,1,-1,1,1,-1,1,-1,1,-1,0.008970983326435089
1,-1,-1,1,1,-1,1,-1,1,-1,1,1,1,-1,1,1,-1,1,-1,-1,0.008970976807177067
1,-1,-1,1,1,-1,1,-1,1,-1,1,1,1,-1,1,1,1,-1,1,-1,0.00897042453289032
1,-1,-1,1,1,-1,1,-1,1,-1,1,1,1,1,1,-1,1,1,-1,-1,0.008970940485596657
1,-1,-1,1,1,-1,1,-1,1,1,-1,-1,-1,-1,1,1,1,1,-1,1,0.008971445262432098
1,-1,-1,1,1,-1,1,-1,1,1,-1,1,-1,1,-1,-1,-1,1,1,-1,0.00897188764065504
1,-1,-1,1,1,-1,1,-1,1,1,-1,1,1,-1,-1,1,-1,1,-1,-1,0.008971539326012135
1,-1,-1,1,1,-1,1,-1,1,1,-1,1,1,-1,1,1,-1,1,-1,1,0.008971448056399822
1,-1,-1,1,1,-1,1,-1,1,1,-1,1,1,1,1,1,-1,1,1,1,0.008971361443400383
1,-1,-1,1,1,-1,1,-1,1,1,1,-1,1,1,1,-1,1,1,-1,1,0.008971355855464935
1,-1,-1,1,1,-1,1,-1,1,1,1,1,-1,-1,1,1,1,1,-1,-1,0.008971147239208221
1,-1,-1,1,1,-1,1,-1,1,1,1,1,-1,-1,1,1,1,1,1,1,0.008971350267529488
1,-1,-1,1,1,-1,1,-1,1,1,1,1,-1,1,1,-1,1,1,-1,1,0.008971781469881535
1,-1,-1,1,1,-1,1,-1,1,1,1,1,-1,1,1,1,-1,1,-1,1,0.008971940726041794
1,-1,-1,1,1,-1,1,-1,1,1,1,1,1,1,-1,-1,1,-1,-1,1,0.008971860632300377
1,-1,-1,1,1,-1,1,1,-1,-1,-1,1,1,-1,-1,1,-1,1,1,1,0.008971907198429108
1,-1,-1,1,1,-1,1,1,-1,-1,-1,1,1,-1,1,1,-1,-1,1,1,0.008971316739916801
1,-1,-1,1,1,-1,1,1,-1,-1,-1,1,1,1,1,1,1,-1,1,-1,0.008970770984888077
1,-1,-1,1,1,-1,1,1,-1,-1,1,-1,-1,1,-1,1,-1,-1,-1,1,0.008972437120974064
1,-1,-1,1,1,-1,1,1,-1,-1,1,-1,1,1,-1,1,-1,1,-1,1,0.008972184732556343
1,-1,-1,1,1,-1,1,1,-1,1,-1,-1,-1,-1,-1,-1,-1,-1,-1,-1,0.008972053416073322
1,-1,-1,1,1,-1,1,1,-1,1,-1,-1,-1,-1,-1,1,-1,1,-1,1,0.008972457610070705
1,-1,-1,1,1,-1,1,1,-1,1,-1,-1,1,1,-1,1,-1,-1,1,1,0.008971946313977242
1,-1,-1,1,1,-1,1,1,-1,1,-1,-1,1,1,1,1,-1,1,1,-1,0.008971113711595535
1,-1,-1,1,1,-1,1,1,-1,1,-1,1,-1,1,-1,-1,-1,-1,-1,1,0.00897267833352089
1,-1,-1,1,1,-1,1,1,-1,1,-1,1,-1,1,1,-1,-1,1,1,1,0.008972049690783024
1,-1,-1,1,1,-1,1,1,-1,1,-1,1,1,-1,1,-1,1,-1,-1,1,0.008971454575657845
1,-1,-1,1,1,-1,1,1,-1,1,-1,1,1,1,1,-1,1,-1,1,-1,0.008970954455435276
1,-1,-1,1,1,-1,1,1,-1,1,1,-1,-1,-1,1,-1,-1,-1,-1,-1,0.008971578441560268
1,-1,-1,1,1,-1,1,1,-1,1,1,-1,1,1,1,-1,1,-1,-1,1,0.008971521630883217
1,-1,-1,1,1,-1,1,1,-1,1,1,1,-1,-1,-1,1,-1,1,1,-1,0.008971949107944965
1,-1,-1,1,1,-1,1,1,-1,1,1,1,-1,1,-1,-1,1,-1,-1,1,0.008972452022135258
1,-1,-1,1,1,-1,1,1,-1,1,1,1,-1,1,-1,1,-1,1,1,-1,0.00897207297384739
1,-1,-1,1,1,-1,1,1,-1,1,1,1,1,-1,-1,-1,1,-1,-1,1,0.0089719882234931
1,-1,-1,1,1,-1,1,1,-1,1,1,1,1,-1,-1,1,-1,-1,-1,-1,0.00897173397243023
1,-1,-1,1,1,-1,1,1,1,-1,-1,-1,-1,-1,1,1,-1,1,-1,1,0.008971965871751308
1,-1,-1,1,1,-1,1,1,1,-1,-1,-1,-1,1,-1,-1,1,-1,-1,1,0.008972348645329475
1,-1,-1,1,1,-1,1,1,1,-1,-1,-1,1,-1,-1,-1,-1,-1,-1,-1,0.008971727453172207
1,-1,-1,1,1,-1,1,1,1,-1,-1,1,-1,1,1,1,-1,1,-1,1,0.008972176350653172
1,-1,-1,1,1,-1,1,1,1,-1,1,-1,1,-1,-1,-1,1,1,1,1,0.00897179078310728
1,-1,-1,1,1,-1,1,1,1,-1,1,1,-1,-1,1,-1,-1,1,-1,-1,0.008971763774752617
1,-1,-1,1,1,-1,1,1,1,-1,1,1,1,-1,1,1,-1,1,-1,1,0.0089717423543334
1,-1,-1,1,1,-1,1,1,1,1,-1,-1,-1,-1,1,1,-1,1,1,1,0.00897184293717146
1,-1,-1,1,1,-1,1,1,1,1,-1,-1,-1,1,-1,-1,-1,-1,1,-1,0.008972067385911942
1,-1,-1,1,1,-1,1,1,1,1,-1,-1,1,-1,1,-1,-1,1,1,-1,0.008971186354756355
1,-1,-1,1,1,-1,1,1,1,1,-1,-1,1,1,-1,-1,-1,1,-1,-1,0.00897202454507351
1,-1,-1,1,1,-1,1,1,1,1,-1,-1,1,1,-1,-1,-1,1,1,-1,0.00897181499749422
1,-1,-1,1,1,-1,1,1,1,1,-1,1,-1,-1,1,1,-1,-1,1,1,0.00897184293717146
1,-1,-1,1,1,-1,1,1,1,1,-1,1,1,-1,1,1,-1,-1,1,1,0.0089715039357543
1,-1,-1,1,1,-1,1,1,1,1,-1,1,1,1,-1,1,-1,-1,1,1,0.008972132578492165
1,-1,-1,1,1,-1,1,1,1,1,-1,1,1,1,1,-1,1,-1,1,-1,0.008971055038273335
1,-1,-1,1,1,-1,1,1,1,1,1,-1,-1,-1,-1,-1,-1,1,1,1,0.0089724725112319
1,-1,-1,1,1,-1,1,1,1,1,1,-1,-1,-1,-1,1,-1,-1,-1,1,0.008972500450909138
1,-1,-1,1,1,-1,1,1,1,1,1,1,-1,-1,-1,1,1,-1,-1,1,0.008972330950200558
1,-1,-1,1,1,-1,1,1,1,1,1,1,-1,-1,-1,1,1,1,1,1,0.008972207084298134
1,-1,-1,1,1,-1,1,1,1,1,1,1,1,-1,-1,1,-1,-1,1,1,0.008972037583589554
1,-1,-1,1,1,-1,1,1,1,1,1,1,1,1,-1,-1,-1,-1,-1,1,0.008972467854619026
1,-1,-1,1,1,-1,1,1,1,1,1,1,1,1,-1,1,1,1,-1,1,0.00897220242768526
1,-1,-1,1,1,1,-1,-1,-1,-1,-1,-1,-1,-1,-1,-1,1,-1,1,1,0.008971458300948143
1,-1,-1,1,1,1,-1,-1,-1,-1,-1,-1,-1,1,-1,-1,1,-1,-1,1,0.00897179264575243
1,-1,-1,1,1,1,-1,-1,-1,-1,-1,-1,-1,1,1,-1,1,1,1,-1,0.008970750495791435
1,-1,-1,1,1,1,-1,-1,-1,-1,-1,-1,1,1,1,1,-1,1,-1,-1,0.008970781229436398
1,-1,-1,1,1,1,-1,-1,-1,-1,-1,1,-1,-1,-1,-1,1,-1,-1,-1,0.008971341885626316
1,-1,-1,1,1,1,-1,-1,-1,-1,-1,1,1,1,1,1,1,1,1,1,0.008970815688371658
1,-1,-1,1,1,1,-1,-1,-1,-1,1,1,-1,-1,1,1,-1,1,-1,1,0.008971525356173515
1,-1,-1,1,1,1,-1,-1,-1,-1,1,1,-1,1,-1,-1,1,1,1,-1,0.00897137075662613
1,-1,-1,1,1,1,-1,-1,-1,-1,1,1,1,-1,-1,-1,1,-1,-1,-1,0.008971031755208969
1,-1,-1,1,1,1,-1,-1,-1,-1,1,1,1,1,-1,1,-1,1,-1,-1,0.008971401490271091
1,-1,-1,1,1,1,-1,-1,-1,1,-1,-1,-1,-1,-1,1,-1,-1,1,-1,0.008971291594207287
1,-1,-1,1,1,1,-1,-1,-1,1,-1,-1,-1,-1,1,1,1,1,1,-1,0.008970617316663265
1,-1,-1,1,1,1,-1,-1,-1,1,-1,-1,-1,1,-1,-1,-1,1,-1,-1,0.008971808478236198
1,-1,-1,1,1,1,-1,-1,-1,1,-1,-1,-1,1,-1,-1,1,1,-1,-1,0.00897155236452818
1,-1,-1,1,1,1,-1,-1,-1,1,-1,-1,-1,1,1,-1,-1,1,-1,-1,0.008971303701400757
1,-1,-1,1,1,1,-1,-1,-1,1,-1,-1,-1,1,1,-1,1,1,-1,1,0.008971462026238441
1,-1,-1,1,1,1,-1,-1,-1,1,-1,1,-1,1,1,-1,1,1,-1,1,0.008971547707915306
1,-1,-1,1,1,1,-1,-1,-1,1,1,-1,-1,-1,-1,-1,1,1,1,1,0.00897166132926941
1,-1,-1,1,1,1,-1,-1,-1,1,1,-1,-1,1,1,1,1,-1,-1,-1,0.0089708948507905
1,-1,-1,1,1,1,-1,-1,-1,1,1,-1,1,-1,-1,1,1,1,-1,1,0.008971435949206352
1,-1,-1,1,1,1,-1,-1,-1,1,1,-1,1,1,1,-1,1,-1,-1,-1,0.008970651775598526
1,-1,-1,1,1,1,-1,-1,-1,1,1,1,-1,-1,-1,1,1,1,1,1,0.008971652016043663
1,-1,-1,1,1,1,-1,-1,-1,1,1,1,1,-1,1,-1,-1,-1,1,1,0.008971073664724827
1,-1,-1,1,1,1,-1,-1,-1,1,1,1,1,-1,1,-1,-1,1,-1,1,0.008971369825303555
1,-1,-1,1,1,1,-1,-1,1,-1,-1,-1,-1,-1,-1,1,1,1,-1,1,0.008971759118139744
1,-1,-1,1,1,1,-1,-1,1,-1,-1,-1,1,1,1,1,1,-1,1,-1,0.008970328606665134
1,-1,-1,1,1,1,-1,-1,1,-1,-1,1,1,1,1,1,-1,1,-1,1,0.00897138100117445
1,-1,-1,1,1,1,-1,-1,1,-1,1,-1,-1,1,-1,-1,1,-1,-1,1,0.008971922099590302
1,-1,-1,1,1,1,-1,-1,1,-1,1,-1,1,-1,1,1,-1,-1,1,1,0.008970903232693672
1,-1,-1,1,1,1,-1,-1,1,-1,1,1,-1,1,-1,-1,1,1,1,1,0.008971884846687317
1,-1,-1,1,1,1,-1,-1,1,-1,1,1,-1,1,1,-1,-1,-1,-1,-1,0.008971345610916615
1,-1,-1,1,1,1,-1,-1,1,1,-1,-1,-1,1,-1,1,1,1,1,1,0.008971760049462318
1,-1,-1,1,1,1,-1,-1,1,1,-1,-1,-1,1,1,1,-1,1,-1,-1,0.008971307426691055
1,-1,-1,1,1,1,-1,-1,1,1,-1,-1,-1,1,1,1,-1,1,1,1,0.008971510455012321
1,-1,-1,1,1,1,-1,-1,1,1,-1,-1,1,-1,-1,-1,-1,-1,1,1,0.0089715626090765
1,-1,-1,1,1,1,-1,-1,1,1,-1,-1,1,-1,1,1,1,-1,1,-1,0.008970292285084724
1,-1,-1,1,1,1,-1,-1,1,1,-1,-1,1,1,1,-1,-1,1,1,1,0.008971268311142921
1,-1,-1,1,1,1,-1,-1,1,1,-1,-1,1,1,1,1,-1,-1,1,1,0.008971085771918297
1,-1,-1,1,1,1,-1,-1,1,1,-1,1,-1,-1,-1,1,-1,1,-1,1,0.008972188457846642
1,-1,-1,1,1,1,-1,-1,1,1,-1,1,1,-1,1,-1,1,-1,-1,-1,0.008970685303211212
1,-1,-1,1,1,1,-1,-1,1,1,-1,1,1,1,1,1,-1,1,-1,1,0.008971468545496464
1,-1,-1,1,1,1,-1,-1,1,1,1,-1,-1,1,1,-1,-1,1,-1,1,0.008971846662461758
1,-1,-1,1,1,1,-1,-1,1,1,1,-1,1,1,-1,1,-1,-1,-1,1,0.008971829898655415
1,-1,-1,1,1,1,-1,-1,1,1,1,-1,1,1,-1,1,-1,-1,1,-1,0.008971205912530422
1,-1,-1,1,1,1,-1,-1,1,1,1,1,-1,-1,-1,-1,-1,-1,1,-1,0.008971603587269783
1,-1,-1,1,1,1,-1,-1,1,1,1,1,-1,-1,1,-1,1,1,1,-1,0.008970929309725761
1,-1,-1,1,1,1,-1,-1,1,1,1,1,1,1,-1,1,1,-1,1,-1,0.008971036411821842
1,-1,-1,1,1,1,-1,1,-1,-1,-1,-1,-1,-1,1,1,1,-1,-1,1,0.008971420116722584
1,-1,-1,1,1,1,-1,1,-1,-1,-1,-1,1,-1,-1,1,-1,1,1,-1,0.008971303701400757
1,-1,-1,1,1,1,-1,1,-1,-1,-1,-1,1,-1,-1,1,1,1,-1,1,0.00897167157381773
1,-1,-1,1,1,1,-1,1,-1,-1,-1,-1,1,1,-1,-1,-1,1,1,1,0.008971937000751495
1,-1,-1,1,1,1,-1,1,-1,-1,-1,-1,1,1,-1,1,-1,-1,1,-1,0.008971340954303741
1,-1,-1,1,1,1,-1,1,-1,-1,-1,1,-1,-1,-1,1,-1,1,1,1,0.008972142823040485
1,-1,-1,1,1,1,-1,1,-1,-1,-1,1,-1,1,1,-1,-1,-1,1,-1,0.00897135864943266
1,-1,-1,1,1,1,-1,1,-1,-1,-1,1,-1,1,1,-1,1,-1,-1,1,0.008971726521849632
1,-1,-1,1,1,1,-1,1,-1,-1,-1,1,1,1,1,1,1,-1,-1,1,0.008971291594207287
1,-1,-1,1,1,1,-1,1,-1,-1,1,-1,-1,1,-1,-1,-1,1,-1,-1,0.008972102776169777
1,-1,-1,1,1,1,-1,1,-1,-1,1,-1,1,1,1,-1,1,1,-1,1,0.008971416391432285
1,-1,-1,1,1,1,-1,1,-1,-1,1,1,-1,-1,-1,-1,1,-1,1,-1,0.008971513248980045
1,-1,-1,1,1,1,-1,1,-1,-1,1,1,1,-1,-1,1,1,-1,1,-1,0.008971077390015125
1,-1,-1,1,1,1,-1,1,-1,1,-1,-1,-1,-1,1,-1,-1,1,1,-1,0.008971321396529675
1,-1,-1,1,1,1,-1,1,-1,1,-1,-1,-1,1,-1,-1,1,1,1,1,0.008972108364105225
1,-1,-1,1,1,1,-1,1,-1,1,-1,-1,-1,1,1,-1,-1,1,1,1,0.008971859700977802
1,-1,-1,1,1,1,-1,1,-1,1,-1,-1,1,-1,-1,-1,-1,1,1,-1,0.008971487171947956
1,-1,-1,1,1,1,-1,1,-1,1,-1,-1,1,-1,-1,1,1,-1,-1,1,0.008971672505140305
1,-1,-1,1,1,1,-1,1,-1,1,-1,1,-1,-1,-1,-1,-1,-1,-1,1,0.008972450159490108
1,-1,-1,1,1,1,-1,1,-1,1,-1,1,-1,-1,1,1,-1,1,-1,-1,0.008971522562205791
1,-1,-1,1,1,1,-1,1,-1,1,-1,1,-1,1,-1,1,-1,-1,1,1,0.008972267620265484
1,-1,-1,1,1,1,-1,1,-1,1,-1,1,1,-1,-1,-1,-1,-1,-1,-1,0.00897169765084982
1,-1,-1,1,1,1,-1,1,-1,1,-1,1,1,-1,1,-1,-1,-1,-1,-1,0.008971192874014378
1,-1,-1,1,1,1,-1,1,-1,1,-1,1,1,1,1,-1,-1,-1,1,1,0.008971520699560642
1,-1,-1,1,1,1,-1,1,-1,1,1,-1,-1,1,-1,1,1,1,1,-1,0.008971627801656723
1,-1,-1,1,1,1,-1,1,-1,1,1,-1,-1,1,1,1,1,-1,-1,-1,0.008971246890723705
1,-1,-1,1,1,1,-1,1,-1,1,1,-1,1,1,1,-1,1,1,1,1,0.008971293456852436
1,-1,-1,1,1,1,-1,1,-1,1,1,1,-1,-1,1,-1,-1,-1,-1,1,0.008971975184977055
1,-1,-1,1,1,1,-1,1,-1,1,1,1,-1,1,1,1,-1,1,1,-1,0.008971464820206165
1,-1,-1,1,1,1,-1,1,-1,1,1,1,-1,1,1,1,1,1,-1,1,0.008971833623945713
1,-1,-1,1,1,1,-1,1,-1,1,1,1,1,-1,-1,1,1,1,-1,-1,0.008971461094915867
1,-1,-1,1,1,1,-1,1,1,-1,-1,-1,-1,-1,-1,1,1,1,-1,1,0.008972111158072948
1,-1,-1,1,1,1,-1,1,1,-1,-1,-1,-1,1,1,-1,1,1,-1,1,0.008971826173365116
1,-1,-1,1,1,1,-1,1,1,-1,-1,-1,-1,1,1,1,-1,-1,1,1,0.008971689268946648
1,-1,-1,1,1,1,-1,1,1,-1,-1,-1,1,-1,-1,1,1,1,-1,1,0.008971772156655788
1,-1,-1,1,1,1,-1,1,1,-1,-1,-1,1,-1,1,-1,-1,1,-1,1,0.008971619419753551
1,-1,-1,1,1,1,-1,1,1,-1,-1,-1,1,-1,1,-1,1,-1,-1,1,0.008971277624368668
1,-1,-1,1,1,1,-1,1,1,-1,-1,1,1,-1,1,-1,1,1,1,-1,0.008970825932919979
1,-1,-1,1,1,1,-1,1,1,-1,-1,1,1,-1,1,1,1,-1,1,1,0.008971056900918484
1,-1,-1,1,1,1,-1,1,1,-1,-1,1,1,1,-1,-1,-1,-1,-1,-1,0.008971834555268288
1,-1,-1,1,1,1,-1,1,1,-1,-1,1,1,1,1,1,1,-1,-1,-1,0.008970977738499641
1,-1,-1,1,1,1,-1,1,1,-1,1,-1,-1,1,-1,-1,-1,-1,1,1,0.008972319774329662
1,-1,-1,1,1,1,-1,1,1,-1,1,-1,1,1,-1,-1,-1,1,1,1,0.008972066454589367
1,-1,-1,1,1,1,-1,1,1,-1,1,1,-1,1,-1,1,1,1,-1,1,0.008972350507974625
1,-1,-1,1,1,1,-1,1,1,1,-1,-1,1,-1,-1,1,1,-1,-1,-1,0.008971359580755234
1,-1,-1,1,1,1,-1,1,1,1,-1,-1,1,-1,1,1,-1,1,-1,1,0.008971610106527805
1,-1,-1,1,1,1,-1,1,1,1,-1,-1,1,1,-1,-1,-1,1,-1,-1,0.008971921168267727
1,-1,-1,1,1,1,-1,1,1,1,-1,-1,1,1,-1,1,1,-1,-1,1,0.008971896953880787
1,-1,-1,1,1,1,-1,1,1,1,-1,1,1,-1,-1,1,-1,-1,-1,-1,0.008971701376140118
1,-1,-1,1,1,1,-1,1,1,1,1,1,-1,-1,-1,1,-1,-1,1,1,0.008972273208200932
1,-1,-1,1,1,1,-1,1,1,1,1,1,-1,-1,1,1,1,1,-1,-1,0.008971395902335644
1,-1,-1,1,1,1,1,-1,-1,-1,-1,-1,1,-1,-1,1,1,-1,-1,-1,0.00897083431482315
1,-1,-1,1,1,1,1,-1,-1,-1,-1,-1,1,-1,1,-1,-1,1,1,1,0.008970971219241619
1,-1,-1,1,1,1,1,-1,-1,-1,-1,-1,1,1,-1,-1,-1,1,1,1,0.008971599861979485
1,-1,-1,1,1,1,1,-1,-1,-1,-1,-1,1,1,1,1,-1,-1,-1,1,0.008971123024821281
1,-1,-1,1,1,1,1,-1,-1,-1,-1,-1,1,1,1,1,1,1,-1,-1,0.008970540016889572
1,-1,-1,1,1,1,1,-1,-1,-1,-1,1,-1,-1,-1,-1,1,1,-1,1,0.008971855975687504
1,-1,-1,1,1,1,1,-1,-1,-1,-1,1,-1,-1,1,1,1,-1,-1,1,0.008971169590950012
1,-1,-1,1,1,1,1,-1,-1,-1,-1,1,-1,1,1,-1,1,1,-1,-1,0.008971061557531357
1,-1,-1,1,1,1,1,-1,-1,-1,1,-1,1,1,-1,-1,-1,1,-1,-1,0.008971425704658031
1,-1,-1,1,1,1,1,-1,-1,-1,1,-1,1,1,-1,-1,-1,1,-1,1,0.00897183921188116
1,-1,-1,1,1,1,1,-1,-1,-1,1,1,1,-1,1,-1,-1,-1,-1,1,0.00897121150046587
1,-1,-1,1,1,1,1,-1,-1,-1,1,1,1,1,1,1,-1,1,-1,1,0.008971325121819973
1,-1,-1,1,1,1,1,-1,-1,1,-1,-1,-1,-1,1,-1,1,-1,-1,-1,0.008970852941274643
1,-1,-1,1,1,1,1,-1,-1,1,-1,-1,-1,-1,1,1,-1,1,-1,1,0.00897151231765747
1,-1,-1,1,1,1,1,-1,-1,1,-1,-1,-1,1,-1,-1,-1,-1,-1,-1,0.008971736766397953
1,-1,-1,1,1,1,1,-1,-1,1,-1,-1,1,-1,-1,1,1,1,1,-1,0.00897079799324274
1,-1,-1,1,1,1,1,-1,-1,1,-1,1,-1,-1,1,1,-1,-1,1,1,0.008971301838755608
1,-1,-1,1,1,1,1,-1,-1,1,1,-1,-1,-1,-1,-1,1,-1,1,1,0.008971589617431164
1,-1,-1,1,1,1,1,-1,-1,1,1,-1,-1,1,1,1,-1,1,-1,-1,0.008971251547336578
1,-1,-1,1,1,1,1,-1,-1,1,1,-1,1,-1,-1,-1,1,-1,-1,1,0.008971461094915867
1,-1,-1,1,1,1,1,-1,-1,1,1,1,1,-1,-1,-1,1,-1,1,1,0.008971337229013443
1,-1,-1,1,1,1,1,-1,-1,1,1,1,1,1,-1,-1,-1,1,-1,1,0.008972013369202614
1,-1,-1,1,1,1,1,-1,1,-1,-1,-1,-1,-1,1,1,-1,-1,1,-1,0.008970814757049084
1,-1,-1,1,1,1,1,-1,1,-1,-1,-1,-1,1,-1,1,-1,-1,1,1,0.008971856907010078
1,-1,-1,1,1,1,1,-1,1,-1,-1,-1,1,-1,1,1,1,1,-1,1,0.008970930241048336
1,-1,-1,1,1,1,1,-1,1,-1,-1,1,-1,-1,1,-1,1,1,1,-1,0.008970827795565128
1,-1,-1,1,1,1,1,-1,1,-1,-1,1,-1,1,-1,-1,-1,1,-1,-1,0.008971922099590302
1,-1,-1,1,1,1,1,-1,1,-1,-1,1,-1,1,-1,-1,1,-1,-1,-1,0.008971580304205418
1,-1,-1,1,1,1,1,-1,1,-1,-1,1,1,1,-1,1,-1,-1,-1,1,0.008971814066171646
1,-1,-1,1,1,1,1,-1,1,-1,1,-1,1,-1,-1,-1,1,1,-1,1,0.008971559815108776
1,-1,-1,1,1,1,1,-1,1,-1,1,-1,1,1,-1,1,1,1,-1,-1,0.008971174247562885
1,-1,-1,1,1,1,1,-1,1,-1,1,1,-1,-1,-1,1,-1,1,-1,1,0.008972144685685635
1,-1,-1,1,1,1,1,-1,1,-1,1,1,-1,-1,1,-1,-1,-1,1,1,0.008971440605819225
1,-1,-1,1,1,1,1,-1,1,-1,1,1,-1,1,1,1,1,1,-1,-1,0.008971095085144043
1,-1,-1,1,1,1,1,-1,1,-1,1,1,1,1,-1,-1,1,1,1,-1,0.008971146307885647
1,-1,-1,1,1,1,1,-1,1,-1,1,1,1,1,-1,1,1,1,-1,-1,0.008971260860562325
1,-1,-1,1,1,1,1,-1,1,-1,1,1,1,1,1,-1,1,-1,-1,-1,0.008970766328275204
1,-1,-1,1,1,1,1,-1,1,1,-1,-1,-1,1,-1,1,-1,-1,-1,1,0.00897215399891138
1,-1,-1,1,1,1,1,-1,1,1,-1,1,-1,-1,1,1,1,-1,1,1,0.008971146307885647
1,-1,-1,1,1,1,1,-1,1,1,1,-1,-1,-1,-1,-1,-1,-1,-1,-1,0.0089717423543334
1,-1,-1,1,1,1,1,-1,1,1,1,-1,-1,1,-1,1,-1,1,-1,-1,0.008971855975687504
1,-1,-1,1,1,1,1,-1,1,1,1,-1,1,-1,-1,1,-1,1,-1,-1,0.00897139310836792
1,-1,-1,1,1,1,1,-1,1,1,1,-1,1,-1,1,1,-1,-1,-1,1,0.008971216157078743
1,-1,-1,1,1,1,1,-1,1,1,1,-1,1,1,-1,-1,-1,1,-1,-1,0.00897161290049553
1,-1,-1,1,1,1,1,-1,1,1,1,1,-1,-1,-1,-1,1,1,-1,-1,0.00897165946662426
1,-1,-1,1,1,1,1,-1,1,1,1,1,1,1,-1,1,-1,1,-1,-1,0.008971603587269783
1,-1,-1,1,1,1,1,1,-1,-1,-1,-1,-1,-1,1,1,1,-1,-1,1,0.008971435017883778
1,-1,-1,1,1,1,1,1,-1,-1,-1,-1,-1,1,-1,-1,1,-1,1,1,0.008971949107944965
1,-1,-1,1,1,1,1,1,-1,-1,-1,-1,-1,1,-1,1,1,-1,1,1,0.00897185318171978
1,-1,-1,1,1,1,1,1,-1,-1,1,-1,-1,1,-1,1,1,-1,1,1,0.008971882984042168
1,-1,-1,1,1,1,1,1,-1,-1,1,-1,1,1,1,1,-1,-1,-1,-1,0.008971091359853745
1,-1,-1,1,1,1,1,1,-1,-1,1,1,-1,1,-1,-1,1,1,-1,1,0.00897236168384552
1,-1,-1,1,1,1,1,1,-1,-1,1,1,1,-1,-1,1,-1,-1,-1,1,0.008971971459686756
1,-1,-1,1,1,1,1,1,-1,1,-1,-1,-1,-1,-1,-1,1,1,1,-1,0.00897158496081829
1,-1,-1,1,1,1,1,1,-1,1,-1,-1,1,-1,-1,-1,-1,1,1,1,0.00897191558033228
1,-1,-1,1,1,1,1,1,-1,1,-1,-1,1,-1,-1,1,-1,1,-1,1,0.008972029201686382
1,-1,-1,1,1,1,1,1,-1,1,-1,-1,1,-1,1,-1,1,1,1,1,0.008971155621111393
1,-1,-1,1,1,1,1,1,-1,1,-1,-1,1,1,-1,-1,1,1,-1,1,0.008971993811428547
1,-1,-1,1,1,1,1,1,-1,1,-1,1,1,-1,1,1,-1,1,1,-1,0.008970987983047962
1,-1,-1,1,1,1,1,1,-1,1,1,-1,-1,-1,1,1,-1,-1,-1,1,0.008971807546913624
1,-1,-1,1,1,1,1,1,-1,1,1,-1,1,-1,-1,-1,-1,1,-1,1,0.008972154930233955
1,-1,-1,1,1,1,1,1,-1,1,1,-1,1,1,1,1,-1,1,1,-1,0.00897105410695076
1,-1,-1,1,1,1,1,1,-1,1,1,1,1,-1,-1,-1,-1,1,-1,1,0.008972241543233395
1,-1,-1,1,1,1,1,1,1,-1,-1,-1,-1,1,1,1,-1,1,-1,-1,0.00897158682346344
1,-1,-1,1,1,1,1,1,1,-1,-1,-1,1,-1,-1,-1,-1,1,-1,1,0.008972138166427612
1,-1,-1,1,1,1,1,1,1,-1,-1,-1,1,-1,1,-1,-1,-1,1,-1,0.008970923721790314
1,-1,-1,1,1,1,1,1,1,-1,-1,-1,1,1,-1,-1,1,-1,-1,-1,0.008971506729722023
1,-1,-1,1,1,1,1,1,1,-1,1,-1,1,1,1,1,-1,1,1,-1,0.008971067145466805
1,-1,-1,1,1,1,1,1,1,-1,1,1,-1,-1,1,-1,1,1,-1,1,0.008971832692623138
1,-1,-1,1,1,1,1,1,1,1,-1,1,-1,-1,1,-1,-1,-1,1,-1,0.008971436880528927
1,-1,-1,1,1,1,1,1,1,1,-1,1,-1,1,1,-1,-1,-1,-1,-1,0.008971771225333214
1,-1,-1,1,1,1,1,1,1,1,-1,1,-1,1,1,1,1,1,-1,1,0.008971919305622578
1,-1,-1,1,1,1,1,1,1,1,-1,1,1,1,1,1,-1,1,-1,-1,0.008971421979367733
1,-1,-1,1,1,1,1,1,1,1,1,-1,-1,1,1,1,1,-1,1,-1,0.008971151895821095
1,-1,-1,1,1,1,1,1,1,1,1,1,-1,-1,-1,-1,1,-1,1,-1,0.008971715345978737
1,-1,-1,1,1,1,1,1,1,1,1,1,1,1,-1,1,-1,-1,1,-1,0.00897165946662426
1,-1,-1,1,1,1,1,1,1,1,1,1,1,1,-1,1,1,1,-1,-1,0.008971699513494968
1,-1,-1,1,1,1,1,1,1,1,1,1,1,1,1,-1,1,-1,-1,1,0.008971619419753551
1,-1,1,-1,-1,-1,-1,-1,-1,-1,-1,-1,-1,-1,1,-1,1,-1,-1,1,0.008971731178462505
1,-1,1,-1,-1,-1,-1,-1,-1,-1,-1,-1,-1,1,1,1,-1,1,1,-1,0.008971476927399635
1,-1,1,-1,-1,-1,-1,-1,-1,-1,-1,1,-1,-1,-1,1,1,-1,-1,-1,0.008971813134849072
1,-1,1,-1,-1,-1,-1,-1,-1,-1,-1,1,1,-1,-1,-1,1,1,-1,1,0.00897206924855709
1,-1,1,-1,-1,-1,-1,-1,-1,-1,1,-1,-1,-1,1,1,1,1,1,-1,0.00897112675011158
1,-1,1,-1,-1,-1,-1,-1,-1,-1,1,-1,-1,1,-1,-1,-1,-1,1,-1,0.00897202081978321
1,-1,1,-1,-1,-1,-1,-1,-1,-1,1,-1,-1,1,-1,-1,1,1,-1,1,0.008972475305199623
1,-1,1,-1,-1,-1,-1,-1,-1,-1,1,-1,1,1,-1,1,1,1,-1,1,0.008972040377557278
1,-1,1,-1,-1,-1,-1,-1,-1,-1,1,-1,1,1,1,-1,-1,1,-1,1,0.00897188764065504
1,-1,1,-1,-1,-1,-1,-1,-1,-1,1,-1,1,1,1,-1,1,-1,1,1,0.008971335366368294
1,-1,1,-1,-1,-1,-1,-1,-1,-1,1,1,-1,1,-1,1,1,-1,-1,-1,0.008971965871751308
1,-1,1,-1,-1,-1,-1,-1,-1,-1,1,1,1,-1,1,1,-1,-1,-1,-1,0.008971254341304302
1,-1,1,-1,-1,-1,-1,-1,-1,1,-1,-1,-1,1,1,1,1,-1,-1,-1,0.008971433155238628
1,-1,1,-1,-1,-1,-1,-1,-1,1,-1,-1,-1,1,1,1,1,1,-1,-1,0.008971518836915493
1,-1,1,-1,-1,-1,-1,-1,-1,1,-1,1,-1,-1,-1,1,-1,-1,1,1,0.008972358889877796
1,-1,1,-1,-1,-1,-1,-1,-1,1,-1,1,-1,1,-1,-1,1,-1,-1,-1,0.008972120471298695
1,-1,1,-1,-1,-1,-1,-1,-1,1,-1,1,1,1,1,-1,1,1,1,1,0.008971566334366798
1,-1,1,-1,-1,-1,-1,-1,-1,1,1,-1,-1,-1,-1,-1,-1,1,-1,1,0.008972695097327232
1,-1,1,-1,-1,-1,-1,-1,-1,1,1,-1,1,1,1,-1,-1,1,1,1,0.008971764706075191
1,-1,1,-1,-1,-1,-1,-1,-1,1,1,1,-1,-1,1,-1,-1,1,-1,-1,0.008971862494945526
1,-1,1,-1,-1,-1,-1,-1,-1,1,1,1,-1,-1,1,-1,1,-1,-1,-1,0.008971520699560642
1,-1,1,-1,-1,-1,-1,-1,-1,1,1,1,1,1,1,-1,-1,1,1,1,0.00897185131907463
1,-1,1,-1,-1,-1,-1,-1,1,-1,-1,-1,-1,1,1,1,-1,1,-1,1,0.008972201496362686
1,-1,1,-1,-1,-1,-1,-1,1,-1,1,-1,-1,1,-1,-1,-1,1,-1,1,0.008972831070423126
1,-1,1,-1,-1,-1,-1,-1,1,-1,1,-1,1,-1,-1,1,1,-1,1,-1,0.00897130649536848
1,-1,1,-1,-1,-1,-1,-1,1,-1,1,-1,1,1,1,1,1,1,-1,-1,0.00897122174501419
1,-1,1,-1,-1,-1,-1,-1,1,1,-1,-1,1,-1,1,-1,-1,1,1,-1,0.00897129811346531
1,-1,1,-1,-1,-1,-1,-1,1,1,-1,-1,1,1,-1,1,1,1,-1,-1,0.008971784263849258
1,-1,1,-1,-1,-1,-1,-1,1,1,-1,1,-1,-1,1,-1,1,1,1,-1,0.00897146761417389
1,-1,1,-1,-1,-1,-1,-1,1,1,1,-1,-1,1,-1,1,-1,1,-1,-1,0.008972409181296825
1,-1,1,-1,-1,-1,-1,-1,1,1,1,-1,1,1,-1,1,-1,-1,-1,-1,0.008971983566880226
1,-1,1,-1,-1,-1,-1,-1,1,1,1,1,-1,1,-1,1,-1,1,1,-1,0.008972285315394402
1,-1,1,-1,-1,-1,-1,-1,1,1,1,1,-1,1,1,1,1,1,1,-1,0.00897152442485094
1,-1,1,-1,-1,-1,-1,-1,1,1,1,1,1,1,1,-1,-1,-1,1,1,0.00897186528891325
1,-1,1,-1,-1,-1,-1,-1,1,1,1,1,1,1,1,1,1,1,-1,1,0.008971809409558773
1,-1,1,-1,-1,-1,-1,1,-1,-1,-1,-1,-1,1,-1,1,-1,-1,-1,1,0.00897287204861641
1,-1,1,-1,-1,-1,-1,1,-1,-1,-1,-1,-1,1,-1,1,1,1,-1,-1,0.008972288109362125
1,-1,1,-1,-1,-1,-1,1,-1,-1,-1,-1,1,1,-1,1,-1,-1,-1,-1,0.008972118608653545
1,-1,1,-1,-1,-1,-1,1,-1,-1,-1,1,-1,-1,1,-1,-1,-1,-1,1,0.008972425945103168
1,-1,1,-1,-1,-1,-1,1,-1,-1,1,-1,-1,1,-1,-1,1,-1,-1,-1,0.008972328156232834
1,-1,1,-1,-1,-1,-1,1,-1,-1,1,-1,1,-1,1,1,-1,-1,-1,-1,0.008971519768238068
1,-1,1,-1,-1,-1,-1,1,-1,-1,1,1,-1,-1,-1,-1,-1,-1,1,-1,0.00897233560681343
1,-1,1,-1,-1,-1,-1,1,-1,1,-1,-1,-1,-1,-1,1,1,1,-1,-1,0.008972251787781715
1,-1,1,-1,-1,-1,-1,1,-1,1,-1,-1,-1,1,-1,1,1,-1,1,1,0.00897249300032854
1,-1,1,-1,-1,-1,-1,1,-1,1,-1,-1,1,1,1,-1,1,1,-1,-1,0.008971628732979298
1,-1,1,-1,-1,-1,-1,1,-1,1,-1,1,-1,-1,-1,1,1,1,1,-1,0.008972127921879292
1,-1,1,-1,-1,-1,-1,1,-1,1,-1,1,-1,-1,1,-1,-1,1,-1,1,0.008972599171102047
1,-1,1,-1,-1,-1,-1,1,-1,1,-1,1,-1,-1,1,1,1,1,1,-1,0.00897162314504385
1,-1,1,-1,-1,-1,-1,1,-1,1,-1,1,-1,1,-1,-1,-1,-1,-1,1,0.008973141200840473
1,-1,1,-1,-1,-1,-1,1,-1,1,1,-1,1,1,1,-1,-1,1,-1,-1,0.00897191371768713
1,-1,1,-1,-1,-1,-1,1,-1,1,1,1,-1,1,-1,1,-1,1,-1,1,0.00897316075861454
1,-1,1,-1,-1,-1,-1,1,-1,1,1,1,1,1,1,-1,-1,-1,1,1,0.008972116746008396
1,-1,1,-1,-1,-1,-1,1,1,-1,-1,-1,-1,-1,-1,1,1,-1,1,-1,0.008971967734396458
1,-1,1,-1,-1,-1,-1,1,1,-1,-1,-1,-1,1,-1,-1,1,-1,-1,-1,0.008972398936748505
1,-1,1,-1,-1,-1,-1,1,1,-1,-1,-1,-1,1,1,-1,-1,-1,1,-1,0.00897193979471922
1,-1,1,-1,-1,-1,-1,1,1,-1,-1,1,-1,1,1,1,-1,1,-1,1,0.00897264014929533
1,-1,1,-1,-1,-1,-1,1,1,-1,1,-1,-1,-1,1,1,-1,-1,1,1,0.008972162380814552
1,-1,1,-1,-1,-1,-1,1,1,-1,1,-1,-1,1,-1,-1,1,1,1,-1,0.008972303941845894
1,-1,1,-1,-1,-1,-1,1,1,-1,1,-1,-1,1,-1,1,1,1,1,-1,0.008972208015620708
1,-1,1,-1,-1,-1,-1,1,1,-1,1,-1,-1,1,1,-1,1,1,1,1,0.008972212672233582
1,-1,1,-1,-1,-1,-1,1,1,-1,1,1,-1,1,-1,-1,1,1,-1,1,0.008973014540970325
1,-1,1,-1,-1,-1,-1,1,1,-1,1,1,1,-1,-1,-1,1,-1,1,-1,0.00897184107452631
1,-1,1,-1,-1,-1,-1,1,1,-1,1,1,1,-1,-1,1,-1,-1,-1,1,0.008972624316811562
1,-1,1,-1,-1,-1,-1,1,1,-1,1,1,1,-1,1,1,-1,1,-1,1,0.00897220615297556
1,-1,1,-1,-1,-1,-1,1,1,-1,1,1,1,1,-1,1,-1,1,-1,1,0.008972834795713425
1,-1,1,-1,-1,-1,-1,1,1,1,-1,1,-1,-1,-1,1,1,1,-1,-1,0.008972438052296638
1,-1,1,-1,-1,-1,-1,1,1,1,-1,1,-1,1,-1,-1,1,1,1,-1,0.00897244829684496
1,-1,1,-1,-1,-1,-1,1,1,1,-1,1,1,-1,1,-1,1,-1,1,1,0.008971808478236198
1,-1,1,-1,-1,-1,-1,1,1,1,1,-1,-1,-1,-1,-1,1,-1,1,-1,0.008972181007266045
1,-1,1,-1,-1,-1,-1,1,1,1,1,-1,-1,-1,-1,-1,1,1,-1,1,0.008972890675067902
1,-1,1,-1,-1,-1,-1,1,1,1,1,-1,-1,1,-1,-1,-1,1,-1,-1,0.008972857147455215
1,-1,1,-1,-1,-1,-1,1,1,1,1,-1,-1,1,-1,1,-1,1,1,1,0.008972964249551296
1,-1,1,-1,-1,-1,-1,1,1,1,1,-1,1,-1,1,-1,1,-1,-1,-1,0.008971547707915306
1,-1,1,-1,-1,-1,-1,1,1,1,1,-1,1,-1,1,1,-1,1,-1,1,0.008972207084298134
1,-1,1,-1,-1,-1,-1,1,1,1,1,1,-1,-1,1,-1,1,-1,1,1,0.008972176350653172
1,-1,1,-1,-1,-1,-1,1,1,1,1,1,-1,1,1,1,1,-1,-1,-1,0.008972001262009144
1,-1,1,-1,-1,-1,1,-1,-1,-1,-1,-1,1,-1,1,-1,-1,1,1,-1,0.00897112488746643
1,-1,1,-1,-1,-1,1,-1,-1,-1,-1,1,-1,-1,1,-1,1,-1,-1,1,0.008971832692623138
1,-1,1,-1,-1,-1,1,-1,-1,-1,-1,1,-1,1,-1,1,-1,1,1,1,0.00897249672561884
1,-1,1,-1,-1,-1,1,-1,-1,-1,-1,1,-1,1,1,-1,1,1,1,1,0.008971832692623138
1,-1,1,-1,-1,-1,1,-1,-1,-1,-1,1,-1,1,1,1,1,-1,1,1,0.008971650153398514
1,-1,1,-1,-1,-1,1,-1,-1,-1,-1,1,1,-1,-1,1,1,1,-1,-1,0.00897157471626997
1,-1,1,-1,-1,-1,1,-1,-1,-1,1,1,-1,-1,1,1,1,-1,1,1,0.008971556089818478
1,-1,1,-1,-1,-1,1,-1,-1,-1,1,1,-1,1,-1,-1,-1,1,-1,-1,0.008972418494522572
1,-1,1,-1,-1,-1,1,-1,-1,-1,1,1,-1,1,-1,1,1,-1,-1,-1,0.008971980772912502
1,-1,1,-1,-1,-1,1,-1,-1,1,-1,1,-1,-1,-1,-1,-1,1,1,1,0.008972556330263615
1,-1,1,-1,-1,-1,1,-1,-1,1,-1,1,-1,1,-1,-1,-1,1,-1,1,0.008972890675067902
1,-1,1,-1,-1,-1,1,-1,-1,1,1,-1,-1,1,-1,-1,-1,-1,1,-1,0.008972123265266418
1,-1,1,-1,-1,-1,1,-1,1,-1,-1,-1,-1,-1,1,1,1,-1,-1,-1,0.008971336297690868
1,-1,1,-1,-1,-1,1,-1,1,-1,-1,-1,-1,-1,1,1,1,1,1,-1,0.008971212431788445
1,-1,1,-1,-1,-1,1,-1,1,-1,-1,-1,-1,1,-1,1,1,-1,-1,-1,0.008971964940428734
1,-1,1,-1,-1,-1,1,-1,1,-1,-1,-1,-1,1,1,1,-1,-1,1,1,0.008971919305622578
1,-1,1,-1,-1,-1,1,-1,1,-1,-1,-1,-1,1,1,1,-1,1,1,1,0.008972005918622017
1,-1,1,-1,-1,-1,1,-1,1,-1,-1,1,-1,-1,-1,-1,1,1,1,-1,0.00897189974784851
1,-1,1,-1,-1,-1,1,-1,1,-1,-1,1,-1,-1,-1,1,1,1,-1,-1,0.008972013369202614
1,-1,1,-1,-1,-1,1,-1,1,-1,-1,1,1,-1,1,1,-1,-1,1,1,0.008971543051302433
1,-1,1,-1,-1,-1,1,-1,1,-1,1,-1,-1,-1,-1,-1,-1,1,1,1,0.008972511626780033
1,-1,1,-1,-1,-1,1,-1,1,-1,1,-1,1,-1,-1,1,-1,1,1,-1,0.008971663191914558
1,-1,1,-1,-1,-1,1,-1,1,-1,1,1,-1,1,1,1,1,-1,1,-1,0.008971366100013256
1,-1,1,-1,-1,-1,1,-1,1,-1,1,1,1,-1,1,1,-1,1,1,-1,0.008971245028078556
1,-1,1,-1,-1,-1,1,-1,1,-1,1,1,1,1,-1,-1,-1,1,-1,-1,0.00897218007594347
1,-1,1,-1,-1,-1,1,-1,1,1,-1,-1,-1,-1,-1,1,-1,-1,1,-1,0.00897197425365448
1,-1,1,-1,-1,-1,1,-1,1,1,-1,-1,-1,1,-1,-1,-1,-1,-1,1,0.008972818031907082
1,-1,1,-1,-1,-1,1,-1,1,1,-1,-1,1,-1,-1,-1,1,1,1,-1,0.008971561677753925
1,-1,1,-1,-1,-1,1,-1,1,1,-1,-1,1,1,-1,1,1,-1,-1,-1,0.008971713483333588
1,-1,1,-1,-1,-1,1,-1,1,1,-1,-1,1,1,1,-1,1,-1,-1,1,0.00897171813994646
1,-1,1,-1,-1,-1,1,-1,1,1,-1,1,-1,1,1,1,1,-1,1,-1,0.008971423842012882
1,-1,1,-1,-1,-1,1,-1,1,1,-1,1,1,-1,-1,1,-1,-1,-1,1,0.008972344920039177
1,-1,1,-1,-1,-1,1,-1,1,1,-1,1,1,-1,1,1,1,1,-1,1,0.008971670642495155
1,-1,1,-1,-1,-1,1,-1,1,1,-1,1,1,1,-1,-1,1,-1,-1,-1,0.008971896022558212
1,-1,1,-1,-1,-1,1,-1,1,1,-1,1,1,1,1,1,1,1,1,1,0.00897158496081829
1,-1,1,-1,-1,-1,1,-1,1,1,1,-1,1,-1,1,1,-1,1,-1,-1,0.00897145550698042
1,-1,1,-1,-1,-1,1,-1,1,1,1,1,-1,-1,-1,1,-1,1,1,-1,0.008972175419330597
1,-1,1,-1,-1,-1,1,-1,1,1,1,1,-1,1,-1,-1,1,-1,1,-1,0.008972054347395897
1,-1,1,-1,-1,-1,1,-1,1,1,1,1,-1,1,1,1,-1,1,1,-1,0.008971795439720154
1,-1,1,-1,-1,-1,1,1,-1,-1,-1,1,-1,-1,-1,1,1,-1,-1,1,0.0089725935831666
1,-1,1,-1,-1,-1,1,1,-1,-1,-1,1,1,-1,-1,-1,-1,-1,-1,1,0.00897260569036007
1,-1,1,-1,-1,-1,1,1,-1,-1,1,1,-1,-1,-1,1,-1,1,1,-1,0.008972340263426304
1,-1,1,-1,-1,-1,1,1,-1,1,-1,-1,-1,-1,-1,-1,1,-1,1,1,0.008972479961812496
1,-1,1,-1,-1,-1,1,1,-1,1,-1,-1,1,-1,-1,1,-1,-1,1,1,0.008972300216555595
1,-1,1,-1,-1,-1,1,1,-1,1,-1,-1,1,-1,-1,1,1,-1,1,-1,0.008971631526947021
1,-1,1,-1,-1,-1,1,1,-1,1,-1,-1,1,-1,1,1,1,-1,-1,-1,0.008971337229013443
1,-1,1,-1,-1,-1,1,1,-1,1,-1,-1,1,1,1,1,1,-1,-1,1,0.008971874602138996
1,-1,1,-1,-1,-1,1,1,-1,1,-1,1,1,-1,1,-1,-1,-1,1,1,0.008971978910267353
1,-1,1,-1,-1,-1,1,1,-1,1,1,-1,-1,-1,-1,-1,-1,-1,-1,-1,0.008972561918199062
1,-1,1,-1,-1,-1,1,1,-1,1,1,-1,1,-1,1,-1,-1,-1,1,-1,0.008971507661044598
1,-1,1,-1,-1,-1,1,1,-1,1,1,-1,1,1,-1,-1,-1,1,-1,1,0.008972846902906895
1,-1,1,-1,-1,-1,1,1,-1,1,1,1,-1,1,1,1,1,-1,-1,-1,0.00897191558033228
1,-1,1,-1,-1,-1,1,1,-1,1,1,1,1,1,-1,-1,1,-1,-1,1,0.008972590789198875
1,-1,1,-1,-1,-1,1,1,-1,1,1,1,1,1,-1,1,-1,1,1,1,0.00897262617945671
1,-1,1,-1,-1,-1,1,1,1,-1,-1,-1,1,1,1,1,1,-1,-1,-1,0.008971473202109337
1,-1,1,-1,-1,-1,1,1,1,-1,-1,1,1,-1,-1,1,-1,-1,1,-1,0.008971985429525375
1,-1,1,-1,-1,-1,1,1,1,-1,-1,1,1,1,1,1,1,-1,1,-1,0.008971349336206913
1,-1,1,-1,-1,-1,1,1,1,-1,1,-1,-1,-1,-1,1,-1,1,1,-1,0.008972354233264923
1,-1,1,-1,-1,-1,1,1,1,-1,1,-1,1,-1,1,-1,1,1,-1,-1,0.008971561677753925
1,-1,1,-1,-1,-1,1,1,1,-1,1,1,-1,-1,-1,-1,-1,-1,-1,1,0.0089730741456151
1,-1,1,-1,-1,-1,1,1,1,-1,1,1,-1,1,-1,-1,-1,1,1,1,0.0089730741456151
1,-1,1,-1,-1,-1,1,1,1,-1,1,1,1,-1,1,-1,-1,1,1,-1,0.008971692994236946
1,-1,1,-1,-1,-1,1,1,1,1,-1,-1,-1,-1,-1,1,-1,1,-1,1,0.008973035961389542
1,-1,1,-1,-1,-1,1,1,1,1,-1,-1,-1,-1,1,1,1,1,1,-1,0.008971652016043663
1,-1,1,-1,-1,-1,1,1,1,1,-1,-1,1,1,1,-1,1,1,-1,-1,0.008971743285655975
1,-1,1,-1,-1,-1,1,1,1,1,1,-1,1,1,1,-1,1,-1,1,1,0.00897188950330019
1,-1,1,-1,-1,-1,1,1,1,1,1,1,-1,-1,-1,1,1,1,-1,1,0.00897289626300335
1,-1,1,-1,-1,-1,1,1,1,1,1,1,-1,1,-1,1,-1,1,-1,-1,0.008972861804068089
1,-1,1,-1,-1,1,-1,-1,-1,-1,-1,-1,-1,1,-1,1,-1,1,-1,1,0.00897251721471548
1,-1,1,-1,-1,1,-1,-1,-1,-1,-1,-1,1,-1,1,-1,1,1,-1,-1,0.008970975875854492
1,-1,1,-1,-1,1,-1,-1,-1,-1,-1,-1,1,1,1,1,-1,1,1,1,0.008971462957561016
1,-1,1,-1,-1,1,-1,-1,-1,-1,1,-1,-1,1,-1,1,1,1,-1,-1,0.00897187739610672
1,-1,1,-1,-1,1,-1,-1,-1,-1,1,-1,1,-1,1,1,1,1,1,-1,0.008970699273049831
1,-1,1,-1,-1,1,-1,-1,-1,-1,1,1,1,-1,-1,-1,1,-1,-1,-1,0.008971510455012321
1,-1,1,-1,-1,1,-1,-1,-1,1,-1,-1,-1,-1,-1,1,-1,1,1,1,0.008972270414233208
1,-1,1,-1,-1,1,-1,-1,-1,1,-1,-1,1,-1,-1,-1,-1,-1,1,-1,0.008971527218818665
1,-1,1,-1,-1,1,-1,-1,-1,1,-1,1,1,-1,-1,1,1,1,1,1,0.008971761912107468
1,-1,1,-1,-1,1,-1,-1,-1,1,-1,1,1,-1,1,-1,-1,-1,1,1,0.008971522562205791
1,-1,1,-1,-1,1,-1,-1,-1,1,1,-1,-1,1,-1,1,-1,1,-1,-1,0.008972220122814178
1,-1,1,-1,-1,1,-1,-1,-1,1,1,-1,-1,1,1,1,-1,-1,-1,1,0.008972043171525002
1,-1,1,-1,-1,1,-1,-1,-1,1,1,-1,1,-1,-1,-1,-1,1,-1,1,0.00897226668894291
1,-1,1,-1,-1,1,-1,-1,-1,1,1,-1,1,-1,-1,-1,1,1,-1,1,0.008972011506557465
1,-1,1,-1,-1,1,-1,-1,-1,1,1,-1,1,-1,-1,1,1,1,-1,1,0.008971914649009705
1,-1,1,-1,-1,1,-1,-1,-1,1,1,-1,1,-1,1,1,1,-1,1,-1,0.008970700204372406
1,-1,1,-1,-1,1,-1,-1,-1,1,1,-1,1,1,1,1,-1,1,1,-1,0.008971165865659714
1,-1,1,-1,-1,1,-1,-1,-1,1,1,1,-1,1,-1,1,1,-1,1,-1,0.00897175446152687
1,-1,1,-1,-1,1,-1,-1,1,-1,-1,-1,-1,-1,-1,1,-1,1,-1,-1,0.008972079493105412
1,-1,1,-1,-1,1,-1,-1,1,-1,-1,-1,-1,-1,1,-1,-1,1,-1,1,0.00897208508104086
1,-1,1,-1,-1,1,-1,-1,1,-1,-1,-1,-1,1,1,1,1,1,1,-1,0.008971232920885086
1,-1,1,-1,-1,1,-1,-1,1,-1,-1,1,-1,-1,1,1,-1,-1,1,-1,0.008971365168690681
1,-1,1,-1,-1,1,-1,-1,1,-1,-1,1,-1,1,1,-1,-1,-1,-1,1,0.008972208946943283
1,-1,1,-1,-1,1,-1,-1,1,-1,1,-1,-1,-1,1,1,1,1,-1,-1,0.008971348404884338
1,-1,1,-1,-1,1,-1,-1,1,-1,1,-1,1,1,-1,1,-1,1,-1,1,0.008972306735813618
1,-1,1,-1,-1,1,-1,-1,1,-1,1,1,-1,1,-1,1,1,-1,1,1,0.008972181007266045
1,-1,1,-1,-1,1,-1,-1,1,1,-1,1,1,-1,-1,1,1,1,1,-1,0.008971448056399822
1,-1,1,-1,-1,1,-1,-1,1,1,1,-1,-1,1,1,-1,1,1,1,-1,0.008971445262432098
1,-1,1,-1,-1,1,-1,-1,1,1,1,1,-1,-1,1,-1,-1,1,-1,1,0.008972288109362125
1,-1,1,-1,-1,1,-1,-1,1,1,1,1,-1,1,-1,-1,-1,1,-1,1,0.008972915820777416
1,-1,1,-1,-1,1,-1,-1,1,1,1,1,-1,1,1,-1,1,1,-1,1,0.00897215586155653
1,-1,1,-1,-1,1,-1,-1,1,1,1,1,-1,1,1,1,-1,-1,1,1,0.008972018957138062
1,-1,1,-1,-1,1,-1,-1,1,1,1,1,1,-1,-1,1,-1,1,1,1,0.008972146548330784
1,-1,1,-1,-1,1,-1,-1,1,1,1,1,1,-1,-1,1,1,-1,-1,1,0.008972015231847763
1,-1,1,-1,-1,1,-1,-1,1,1,1,1,1,-1,1,1,-1,1,-1,-1,0.008971438743174076
1,-1,1,-1,-1,1,-1,-1,1,1,1,1,1,1,1,1,-1,-1,-1,1,0.008971890434622765
1,-1,1,-1,-1,1,-1,1,-1,-1,-1,-1,-1,-1,-1,-1,-1,1,1,1,0.008972630836069584
1,-1,1,-1,-1,1,-1,1,-1,-1,-1,-1,1,-1,1,-1,1,-1,1,1,0.008971445262432098
1,-1,1,-1,-1,1,-1,1,-1,-1,-1,1,-1,-1,-1,1,1,1,1,-1,0.00897195190191269
1,-1,1,-1,-1,1,-1,1,-1,-1,-1,1,1,1,-1,1,-1,-1,1,1,0.008972319774329662
1,-1,1,-1,-1,1,-1,1,-1,-1,-1,1,1,1,1,1,1,1,-1,1,0.008971855975687504
1,-1,1,-1,-1,1,-1,1,-1,-1,1,-1,-1,-1,1,-1,1,-1,1,-1,0.008971400558948517
1,-1,1,-1,-1,1,-1,1,-1,-1,1,-1,1,-1,-1,-1,1,-1,1,1,0.008971979841589928
1,-1,1,-1,-1,1,-1,1,-1,-1,1,-1,1,-1,1,1,1,-1,-1,-1,0.00897117517888546
1,-1,1,-1,-1,1,-1,1,-1,-1,1,-1,1,1,-1,1,-1,-1,1,-1,0.008971849456429482
1,-1,1,-1,-1,1,-1,1,-1,-1,1,1,-1,1,1,1,1,1,1,-1,0.00897160079330206
1,-1,1,-1,-1,1,-1,1,-1,-1,1,1,1,-1,1,-1,-1,1,-1,-1,0.008971699513494968
1,-1,1,-1,-1,1,-1,1,-1,1,-1,-1,-1,-1,-1,-1,1,1,1,1,0.008972463198006153
1,-1,1,-1,-1,1,-1,1,-1,1,1,-1,-1,-1,1,1,1,1,1,1,0.00897189136594534
1,-1,1,-1,-1,1,-1,1,-1,1,1,-1,1,-1,1,-1,-1,-1,-1,1,0.008972028270363808
1,-1,1,-1,-1,1,-1,1,-1,1,1,-1,1,-1,1,-1,-1,1,1,1,0.008971904404461384
1,-1,1,-1,-1,1,-1,1,-1,1,1,-1,1,1,-1,-1,1,-1,-1,1,0.008972400799393654
1,-1,1,-1,-1,1,-1,1,-1,1,1,-1,1,1,1,-1,-1,-1,1,1,0.008971941657364368
1,-1,1,-1,-1,1,-1,1,-1,1,1,-1,1,1,1,-1,1,-1,-1,-1,0.008971482515335083
1,-1,1,-1,-1,1,-1,1,-1,1,1,1,-1,-1,-1,-1,1,-1,-1,-1,0.0089722890406847
1,-1,1,-1,-1,1,-1,1,-1,1,1,1,1,-1,1,1,-1,1,1,1,0.008971894159913063
1,-1,1,-1,-1,1,-1,1,-1,1,1,1,1,1,-1,-1,-1,-1,-1,-1,0.008972329087555408
1,-1,1,-1,-1,1,-1,1,-1,1,1,1,1,1,-1,-1,-1,-1,-1,1,0.008972743526101112
1,-1,1,-1,-1,1,-1,1,-1,1,1,1,1,1,1,-1,-1,1,-1,1,0.008972324430942535
1,-1,1,-1,-1,1,-1,1,1,-1,-1,-1,-1,-1,1,-1,1,-1,-1,1,0.00897209532558918
1,-1,1,-1,-1,1,-1,1,1,-1,-1,-1,-1,1,-1,1,-1,-1,1,-1,0.008972259238362312
1,-1,1,-1,-1,1,-1,1,1,-1,-1,-1,-1,1,1,-1,-1,1,1,-1,0.008971937000751495
1,-1,1,-1,-1,1,-1,1,1,-1,-1,-1,1,-1,1,1,1,-1,-1,1,0.00897165946662426
1,-1,1,-1,-1,1,-1,1,1,-1,-1,-1,1,1,-1,-1,1,-1,1,1,0.008972174488008022
1,-1,1,-1,-1,1,-1,1,1,-1,-1,1,1,-1,-1,-1,1,-1,-1,1,0.008972346782684326
1,-1,1,-1,-1,1,-1,1,1,-1,-1,1,1,-1,1,-1,-1,1,1,1,0.00897197425365448
1,-1,1,-1,-1,1,-1,1,1,-1,-1,1,1,-1,1,1,1,1,-1,-1,0.008971418254077435
1,-1,1,-1,-1,1,-1,1,1,-1,1,-1,-1,-1,1,-1,-1,-1,-1,1,0.008972380310297012
1,-1,1,-1,-1,1,-1,1,1,-1,1,-1,-1,1,1,-1,-1,1,-1,1,0.0089725898578763
1,-1,1,-1,-1,1,-1,1,1,-1,1,-1,1,-1,1,-1,1,-1,1,-1,0.00897116120904684
1,-1,1,-1,-1,1,-1,1,1,-1,1,-1,1,1,1,1,1,-1,-1,-1,0.008971399627625942
1,-1,1,-1,-1,1,-1,1,1,-1,1,1,1,-1,1,-1,1,-1,1,-1,0.00897124782204628
1,-1,1,-1,-1,1,-1,1,1,-1,1,1,1,-1,1,1,-1,-1,-1,-1,0.008971617557108402
1,-1,1,-1,-1,1,-1,1,1,1,-1,-1,-1,1,1,-1,-1,-1,1,-1,0.00897193793207407
1,-1,1,-1,-1,1,-1,1,1,1,-1,-1,1,-1,1,-1,-1,1,1,-1,0.00897156074643135
1,-1,1,-1,-1,1,-1,1,1,1,-1,-1,1,1,-1,1,1,-1,-1,1,0.00897237565368414
1,-1,1,-1,-1,1,-1,1,1,1,-1,1,-1,1,1,1,-1,1,-1,-1,0.008972224779427052
1,-1,1,-1,-1,1,-1,1,1,1,-1,1,1,-1,-1,-1,1,-1,1,-1,0.008971810340881348
1,-1,1,-1,-1,1,-1,1,1,1,-1,1,1,-1,1,-1,1,1,-1,-1,0.008971601724624634
1,-1,1,-1,-1,1,-1,1,1,1,1,-1,1,-1,-1,-1,-1,1,1,-1,0.00897209532558918
1,-1,1,-1,-1,1,-1,1,1,1,1,-1,1,-1,1,1,-1,-1,1,1,0.008971821516752243
1,-1,1,-1,-1,1,-1,1,1,1,1,1,-1,1,-1,-1,-1,-1,1,1,0.008972971700131893
1,-1,1,-1,-1,1,-1,1,1,1,1,1,1,-1,-1,-1,-1,-1,-1,1,0.008972719311714172
1,-1,1,-1,-1,1,-1,1,1,1,1,1,1,1,1,-1,1,1,1,-1,0.008971544913947582
1,-1,1,-1,-1,1,1,-1,-1,-1,-1,-1,-1,-1,-1,-1,-1,-1,-1,1,0.008972417563199997
1,-1,1,-1,-1,1,1,-1,-1,-1,-1,-1,1,-1,-1,1,1,-1,-1,-1,0.008971313014626503
1,-1,1,-1,-1,1,1,-1,-1,-1,-1,-1,1,1,-1,1,1,-1,-1,-1,0.008971436880528927
1,-1,1,-1,-1,1,1,-1,-1,-1,-1,1,-1,-1,-1,-1,1,-1,1,-1,0.008971625007689
1,-1,1,-1,-1,1,1,-1,-1,-1,1,-1,-1,-1,-1,-1,1,1,1,1,0.008972067385911942
1,-1,1,-1,-1,1,1,-1,-1,-1,1,-1,-1,-1,-1,1,1,1,1,-1,0.008971557952463627
1,-1,1,-1,-1,1,1,-1,-1,-1,1,-1,-1,-1,1,-1,1,-1,1,-1,0.008971063420176506
1,-1,1,-1,-1,1,1,-1,-1,-1,1,-1,1,1,-1,1,-1,-1,-1,-1,0.00897172186523676
1,-1,1,-1,-1,1,1,-1,-1,1,-1,-1,1,-1,1,-1,1,1,-1,1,0.00897149182856083
1,-1,1,-1,-1,1,1,-1,-1,1,-1,-1,1,1,-1,1,1,-1,1,1,0.008971727453172207
1,-1,1,-1,-1,1,1,-1,-1,1,-1,1,-1,-1,-1,-1,-1,1,-1,-1,0.008972263894975185
1,-1,1,-1,-1,1,1,-1,-1,1,-1,1,1,-1,1,-1,1,1,1,1,0.008971367962658405
1,-1,1,-1,-1,1,1,-1,-1,1,-1,1,1,1,1,-1,1,1,1,-1,0.0089710783213377
1,-1,1,-1,-1,1,1,-1,-1,1,1,-1,-1,-1,1,-1,1,1,1,1,0.008971650153398514
1,-1,1,-1,-1,1,1,-1,-1,1,1,-1,1,-1,-1,1,1,1,1,1,0.008971719071269035
1,-1,1,-1,-1,1,1,-1,-1,1,1,-1,1,-1,1,1,1,-1,1,1,0.008971128612756729
1,-1,1,-1,-1,1,1,-1,-1,1,1,1,-1,-1,-1,-1,1,-1,-1,-1,0.00897195190191269
1,-1,1,-1,-1,1,1,-1,-1,1,1,1,1,-1,1,-1,-1,-1,1,-1,0.008971153758466244
1,-1,1,-1,-1,1,1,-1,1,-1,-1,-1,1,-1,1,-1,-1,1,1,-1,0.008971136063337326
1,-1,1,-1,-1,1,1,-1,1,-1,-1,1,-1,-1,-1,-1,1,1,1,-1,0.008971811272203922
1,-1,1,-1,-1,1,1,-1,1,-1,-1,1,-1,1,1,-1,1,-1,-1,1,0.008971967734396458
1,-1,1,-1,-1,1,1,-1,1,-1,-1,1,1,-1,-1,-1,1,1,1,1,0.008971885778009892
1,-1,1,-1,-1,1,1,-1,1,-1,-1,1,1,-1,1,1,-1,1,-1,1,0.008971750736236572
1,-1,1,-1,-1,1,1,-1,1,-1,-1,1,1,1,-1,-1,1,-1,-1,-1,0.00897172000259161
1,-1,1,-1,-1,1,1,-1,1,-1,-1,1,1,1,-1,1,1,-1,-1,-1,0.00897162314504385
1,-1,1,-1,-1,1,1,-1,1,-1,1,-1,1,1,-1,1,-1,-1,1,1,0.008972025476396084
1,-1,1,-1,-1,1,1,-1,1,-1,1,-1,1,1,1,-1,1,1,1,1,0.008971448056399822
1,-1,1,-1,-1,1,1,-1,1,-1,1,1,1,-1,-1,-1,-1,-1,-1,-1,0.008971881121397018
1,-1,1,-1,-1,1,1,-1,1,-1,1,1,1,-1,1,1,-1,1,-1,1,0.008971779607236385
1,-1,1,-1,-1,1,1,-1,1,1,-1,-1,1,-1,-1,-1,1,-1,-1,-1,0.00897159706801176
1,-1,1,-1,-1,1,1,-1,1,1,-1,-1,1,1,-1,-1,-1,-1,1,-1,0.008971765637397766
1,-1,1,-1,-1,1,1,-1,1,1,-1,1,1,-1,-1,1,1,1,-1,-1,0.00897167343646288
1,-1,1,-1,-1,1,1,-1,1,1,-1,1,1,1,-1,1,1,-1,-1,-1,0.008971710689365864
1,-1,1,-1,-1,1,1,-1,1,1,-1,1,1,1,1,1,1,1,-1,-1,0.008971292525529861
1,-1,1,-1,-1,1,1,-1,1,1,1,-1,1,1,1,-1,-1,1,-1,-1,0.00897158682346344
1,-1,1,-1,-1,1,1,-1,1,1,1,1,1,1,1,1,1,-1,-1,-1,0.00897123571485281
1,-1,1,-1,-1,1,1,1,-1,-1,-1,-1,-1,-1,-1,1,1,1,1,-1,0.008971880190074444
1,-1,1,-1,-1,1,1,1,-1,-1,-1,-1,1,1,-1,-1,-1,-1,1,-1,0.008971930481493473
1,-1,1,-1,-1,1,1,1,-1,-1,-1,1,-1,-1,1,-1,-1,-1,-1,1,0.0089723514392972
1,-1,1,-1,-1,1,1,1,-1,-1,-1,1,-1,-1,1,1,1,1,1,-1,0.008971462026238441
1,-1,1,-1,-1,1,1,1,-1,-1,1,-1,-1,1,1,-1,-1,-1,1,1,0.008972208015620708
1,-1,1,-1,-1,1,1,1,-1,-1,1,-1,-1,1,1,-1,-1,1,-1,-1,0.008972091600298882
1,-1,1,-1,-1,1,1,1,-1,-1,1,-1,1,1,1,-1,-1,-1,1,-1,0.00897145550698042
1,-1,1,-1,-1,1,1,1,-1,-1,1,1,-1,-1,1,1,-1,-1,1,1,0.008972074836492538
1,-1,1,-1,-1,1,1,1,-1,-1,1,1,-1,-1,1,1,1,-1,1,1,0.00897181872278452
1,-1,1,-1,-1,1,1,1,-1,-1,1,1,1,-1,-1,-1,-1,1,1,1,0.00897242221981287
1,-1,1,-1,-1,1,1,1,-1,-1,1,1,1,-1,1,-1,-1,-1,-1,-1,0.008971628732979298
1,-1,1,-1,-1,1,1,1,-1,-1,1,1,1,-1,1,1,1,-1,-1,-1,0.008971276693046093
1,-1,1,-1,-1,1,1,1,-1,-1,1,1,1,1,1,-1,-1,-1,1,-1,0.008971542119979858
1,-1,1,-1,-1,1,1,1,-1,-1,1,1,1,1,1,1,-1,1,-1,1,0.00897215586155653
1,-1,1,-1,-1,1,1,1,-1,1,-1,-1,1,-1,-1,-1,-1,-1,1,-1,0.008971894159913063
1,-1,1,-1,-1,1,1,1,-1,1,-1,1,1,-1,1,-1,1,-1,-1,-1,0.008971430361270905
1,-1,1,-1,-1,1,1,1,-1,1,1,-1,-1,-1,-1,1,1,1,-1,1,0.008972620591521263
1,-1,1,-1,-1,1,1,1,-1,1,1,-1,-1,-1,1,-1,1,1,-1,1,0.008972212672233582
1,-1,1,-1,-1,1,1,1,-1,1,1,-1,1,-1,-1,-1,1,1,-1,-1,0.00897196400910616
1,-1,1,-1,-1,1,1,1,-1,1,1,1,1,-1,-1,-1,-1,1,-1,-1,0.008972306735813618
1,-1,1,-1,-1,1,1,1,1,-1,-1,1,-1,1,-1,1,1,1,-1,-1,0.008972400799393654
1,-1,1,-1,-1,1,1,1,1,-1,1,-1,-1,-1,-1,-1,-1,1,-1,-1,0.008972572162747383
1,-1,1,-1,-1,1,1,1,1,-1,1,-1,-1,1,-1,-1,1,-1,-1,1,0.008972767740488052
1,-1,1,-1,-1,1,1,1,1,-1,1,-1,1,1,1,-1,-1,1,-1,1,0.008972265757620335
1,-1,1,-1,-1,1,1,1,1,-1,1,1,-1,-1,-1,1,-1,-1,-1,1,0.008972889743745327
1,-1,1,-1,-1,1,1,1,1,-1,1,1,-1,1,-1,1,-1,-1,1,-1,0.008972389623522758
1,-1,1,-1,-1,1,1,1,1,-1,1,1,1,-1,1,-1,-1,-1,-1,-1,0.008971728384494781
1,-1,1,-1,-1,1,1,1,1,-1,1,1,1,-1,1,1,-1,-1,1,-1,0.008971421979367733
1,-1,1,-1,-1,1,1,1,1,-1,1,1,1,1,1,-1,1,-1,-1,-1,0.00897159706801176
1,-1,1,-1,-1,1,1,1,1,1,-1,-1,-1,1,-1,1,1,1,-1,1,0.008972815237939358
1,-1,1,-1,-1,1,1,1,1,1,-1,-1,1,-1,-1,-1,-1,-1,1,-1,0.008971993811428547
1,-1,1,-1,-1,1,1,1,1,1,-1,-1,1,1,1,1,1,1,-1,-1,0.008971557952463627
1,-1,1,-1,-1,1,1,1,1,1,1,-1,-1,-1,-1,1,-1,-1,-1,-1,0.008972477167844772
1,-1,1,-1,-1,1,1,1,1,1,1,-1,-1,1,-1,-1,1,-1,-1,1,0.008972855284810066
1,-1,1,-1,-1,1,1,1,1,1,1,-1,1,1,1,-1,-1,1,-1,-1,0.00897193979471922
1,-1,1,-1,-1,1,1,1,1,1,1,1,-1,-1,-1,1,-1,-1,1,-1,0.008972353301942348
1,-1,1,-1,-1,1,1,1,1,1,1,1,-1,-1,1,1,1,-1,1,-1,0.008971592411398888
1,-1,1,-1,-1,1,1,1,1,1,1,1,1,-1,-1,-1,1,1,-1,-1,0.008972151204943657
1,-1,1,-1,1,-1,-1,-1,-1,-1,-1,-1,-1,-1,1,1,1,-1,1,1,0.008970957249403
1,-1,1,-1,1,-1,-1,-1,-1,-1,-1,-1,1,-1,1,-1,-1,1,-1,-1,0.008970852009952068
1,-1,1,-1,1,-1,-1,-1,-1,-1,-1,-1,1,-1,1,1,1,1,1,1,0.008970703929662704
1,-1,1,-1,1,-1,-1,-1,-1,-1,-1,-1,1,1,-1,-1,1,-1,-1,-1,0.00897113885730505
1,-1,1,-1,1,-1,-1,-1,-1,-1,-1,-1,1,1,1,1,-1,-1,1,1,0.008970997296273708
1,-1,1,-1,1,-1,-1,-1,-1,-1,-1,1,-1,1,-1,-1,-1,1,-1,-1,0.008971906267106533
1,-1,1,-1,1,-1,-1,-1,-1,-1,-1,1,-1,1,-1,-1,1,1,1,1,0.008971854113042355
1,-1,1,-1,1,-1,-1,-1,-1,-1,-1,1,1,1,1,-1,-1,1,-1,-1,0.008971062488853931
1,-1,1,-1,1,-1,-1,-1,-1,-1,1,-1,-1,1,1,1,1,1,1,1,0.008971196599304676
1,-1,1,-1,1,-1,-1,-1,-1,-1,1,-1,1,1,1,1,1,-1,-1,1,0.00897098146378994
1,-1,1,-1,1,-1,-1,-1,-1,1,-1,-1,1,-1,1,1,1,1,-1,-1,0.008970587514340878
1,-1,1,-1,1,-1,-1,-1,-1,1,-1,-1,1,1,-1,-1,1,1,-1,-1,0.008971313014626503
1,-1,1,-1,1,-1,-1,-1,-1,1,-1,1,1,-1,-1,1,1,-1,-1,-1,0.008971092291176319
1,-1,1,-1,1,-1,-1,-1,-1,1,1,-1,-1,-1,-1,1,1,-1,1,1,0.008971578441560268
1,-1,1,-1,1,-1,-1,-1,-1,1,1,-1,-1,-1,-1,1,1,1,1,-1,0.008971250616014004
1,-1,1,-1,1,-1,-1,-1,-1,1,1,-1,-1,-1,1,1,-1,-1,-1,1,0.008971539326012135
1,-1,1,-1,1,-1,-1,-1,-1,1,1,-1,-1,1,-1,-1,-1,-1,-1,-1,0.008971850387752056
1,-1,1,-1,1,-1,-1,-1,-1,1,1,-1,1,-1,-1,1,-1,-1,1,1,0.008971494622528553
1,-1,1,-1,1,-1,-1,-1,-1,1,1,-1,1,-1,1,1,1,-1,-1,-1,0.008970530703663826
1,-1,1,-1,1,-1,-1,-1,-1,1,1,1,1,-1,1,-1,-1,1,1,-1,0.008970845490694046
1,-1,1,-1,1,-1,-1,-1,-1,1,1,1,1,-1,1,1,-1,1,1,1,0.00897116307169199
1,-1,1,-1,1,-1,-1,-1,-1,1,1,1,1,1,-1,-1,1,-1,-1,1,0.008971755392849445
1,-1,1,-1,1,-1,-1,-1,-1,1,1,1,1,1,-1,1,1,1,-1,-1,0.00897133257240057
1,-1,1,-1,1,-1,-1,-1,1,-1,-1,-1,-1,-1,1,1,-1,1,-1,-1,0.008971195667982101
1,-1,1,-1,1,-1,-1,-1,1,-1,-1,-1,1,-1,1,-1,-1,-1,1,1,0.008971069939434528
1,-1,1,-1,1,-1,-1,-1,1,-1,-1,-1,1,-1,1,-1,1,-1,-1,-1,0.008970610797405243
1,-1,1,-1,1,-1,-1,-1,1,-1,-1,-1,1,1,-1,1,1,1,1,1,0.008971432223916054
1,-1,1,-1,1,-1,-1,-1,1,-1,-1,1,-1,-1,-1,1,-1,-1,1,1,0.00897190347313881
1,-1,1,-1,1,-1,-1,-1,1,-1,-1,1,-1,1,1,-1,1,1,1,1,0.008971449919044971
1,-1,1,-1,1,-1,-1,-1,1,-1,-1,1,1,1,-1,-1,-1,1,1,1,0.008971870876848698
1,-1,1,-1,1,-1,-1,-1,1,-1,-1,1,1,1,-1,-1,1,-1,-1,1,0.008971738629043102
1,-1,1,-1,1,-1,-1,-1,1,-1,1,-1,-1,1,-1,-1,-1,1,1,-1,0.008971738629043102
1,-1,1,-1,1,-1,-1,-1,1,-1,1,-1,-1,1,-1,-1,1,-1,-1,-1,0.008971607312560081
1,-1,1,-1,1,-1,-1,-1,1,-1,1,-1,1,-1,1,1,1,-1,1,1,0.008970746770501137
1,-1,1,-1,1,-1,-1,-1,1,-1,1,1,1,-1,1,1,-1,-1,-1,-1,0.008970885537564754
1,-1,1,-1,1,-1,-1,-1,1,1,-1,-1,-1,-1,-1,1,1,-1,-1,1,0.008971858769655228
1,-1,1,-1,1,-1,-1,-1,1,1,-1,-1,1,-1,-1,-1,1,1,-1,-1,0.008971288800239563
1,-1,1,-1,1,-1,-1,-1,1,1,-1,-1,1,-1,-1,1,-1,1,1,-1,0.00897123757749796
1,-1,1,-1,1,-1,-1,-1,1,1,-1,-1,1,-1,1,-1,-1,-1,1,1,0.008971156552433968
1,-1,1,-1,1,-1,-1,-1,1,1,-1,-1,1,-1,1,1,1,1,1,1,0.008970891125500202
1,-1,1,-1,1,-1,-1,-1,1,1,-1,1,-1,-1,-1,-1,1,-1,1,-1,0.00897141732275486
1,-1,1,-1,1,-1,-1,-1,1,1,-1,1,-1,-1,1,-1,-1,-1,-1,-1,0.0089713791385293
1,-1,1,-1,1,-1,-1,-1,1,1,-1,1,1,-1,1,1,-1,-1,-1,1,0.008971357718110085
1,-1,1,-1,1,-1,-1,-1,1,1,-1,1,1,1,-1,-1,1,1,-1,-1,0.008971499279141426
1,-1,1,-1,1,-1,-1,-1,1,1,-1,1,1,1,1,-1,-1,-1,-1,-1,0.008971164003014565
1,-1,1,-1,1,-1,-1,-1,1,1,1,-1,-1,1,-1,-1,-1,1,1,1,0.008972239680588245
1,-1,1,-1,1,-1,-1,-1,1,1,1,-1,1,-1,-1,1,-1,1,-1,1,0.00897189136594534
1,-1,1,-1,1,-1,-1,-1,1,1,1,-1,1,-1,1,-1,1,1,1,1,0.008971016854047775
1,-1,1,-1,1,-1,-1,-1,1,1,1,-1,1,-1,1,1,-1,-1,-1,-1,0.008970886468887329
1,-1,1,-1,1,-1,-1,-1,1,1,1,-1,1,1,-1,-1,-1,-1,-1,-1,0.00897161103785038
1,-1,1,-1,1,-1,-1,1,-1,-1,-1,-1,-1,-1,-1,-1,1,1,1,1,0.008971995674073696
1,-1,1,-1,1,-1,-1,1,-1,-1,-1,-1,-1,-1,-1,1,-1,-1,-1,-1,0.008971866220235825
1,-1,1,-1,1,-1,-1,1,-1,-1,-1,1,-1,1,-1,1,1,-1,-1,-1,0.008971820585429668
1,-1,1,-1,1,-1,-1,1,-1,-1,-1,1,-1,1,1,1,-1,-1,-1,1,0.008971985429525375
1,-1,1,-1,1,-1,-1,1,-1,-1,-1,1,-1,1,1,1,1,1,1,-1,0.008971191942691803
1,-1,1,-1,1,-1,-1,1,-1,-1,1,-1,-1,-1,1,-1,1,-1,-1,-1,0.008971231058239937
1,-1,1,-1,1,-1,-1,1,-1,-1,1,-1,-1,-1,1,-1,1,1,-1,-1,0.008971317671239376
1,-1,1,-1,1,-1,-1,1,-1,-1,1,-1,-1,1,-1,-1,1,1,1,-1,0.008971735835075378
1,-1,1,-1,1,-1,-1,1,-1,-1,1,-1,-1,1,-1,1,1,1,1,-1,0.008971638977527618
1,-1,1,-1,1,-1,-1,1,-1,-1,1,-1,1,1,-1,1,1,1,1,-1,0.008971299976110458
1,-1,1,-1,1,-1,-1,1,-1,-1,1,-1,1,1,1,-1,-1,-1,-1,1,0.00897168554365635
1,-1,1,-1,1,-1,-1,1,-1,-1,1,-1,1,1,1,-1,1,-1,-1,1,0.00897142942994833
1,-1,1,-1,1,-1,-1,1,-1,-1,1,1,1,-1,-1,-1,1,1,1,-1,0.00897135864943266
1,-1,1,-1,1,-1,-1,1,-1,-1,1,1,1,-1,1,1,-1,1,-1,1,0.008971638046205044
1,-1,1,-1,1,-1,-1,1,-1,-1,1,1,1,1,-1,-1,1,1,1,1,0.008971896953880787
1,-1,1,-1,1,-1,-1,1,-1,1,1,-1,-1,1,-1,1,-1,-1,-1,1,0.008972520008683205
1,-1,1,-1,1,-1,-1,1,-1,1,1,-1,1,-1,1,1,-1,1,-1,-1,0.008971224538981915
1,-1,1,-1,1,-1,-1,1,-1,1,1,-1,1,1,1,-1,1,-1,-1,-1,0.008971103467047215
1,-1,1,-1,1,-1,-1,1,-1,1,1,1,-1,1,-1,-1,-1,1,-1,1,0.008972789160907269
1,-1,1,-1,1,-1,-1,1,1,-1,-1,-1,-1,-1,1,-1,1,-1,1,-1,0.008971091359853745
1,-1,1,-1,1,-1,-1,1,1,-1,-1,-1,1,1,1,1,-1,1,-1,-1,0.00897133257240057
1,-1,1,-1,1,-1,-1,1,1,-1,1,-1,-1,-1,-1,1,-1,-1,-1,-1,0.008971994742751122
1,-1,1,-1,1,-1,-1,1,1,-1,1,-1,1,-1,1,1,1,-1,1,1,0.008971098810434341
1,-1,1,-1,1,-1,-1,1,1,-1,1,-1,1,1,1,-1,-1,1,1,1,0.00897166132926941
1,-1,1,-1,1,-1,-1,1,1,-1,1,1,-1,-1,1,1,1,-1,-1,1,0.008971734903752804
1,-1,1,-1,1,-1,-1,1,1,-1,1,1,-1,1,-1,-1,1,-1,1,-1,0.008971835486590862
1,-1,1,-1,1,-1,-1,1,1,-1,1,1,-1,1,1,1,1,1,1,1,0.008971734903752804
1,-1,1,-1,1,-1,-1,1,1,-1,1,1,1,-1,-1,1,1,1,1,1,0.008971775881946087
1,-1,1,-1,1,-1,-1,1,1,-1,1,1,1,-1,1,-1,-1,-1,1,-1,0.008971123956143856
1,-1,1,-1,1,-1,-1,1,1,1,-1,-1,-1,1,-1,-1,-1,-1,1,1,0.008972476236522198
1,-1,1,-1,1,-1,-1,1,1,1,-1,-1,-1,1,1,-1,1,-1,1,1,0.008971716277301311
1,-1,1,-1,1,-1,-1,1,1,1,-1,-1,-1,1,1,1,1,-1,-1,1,0.00897183082997799
1,-1,1,-1,1,-1,-1,1,1,1,-1,1,-1,-1,-1,1,1,-1,-1,1,0.008972297422587872
1,-1,1,-1,1,-1,-1,1,1,1,-1,1,-1,1,-1,-1,-1,-1,1,-1,0.008972149342298508
1,-1,1,-1,1,-1,-1,1,1,1,-1,1,-1,1,1,1,1,1,1,-1,0.0089713791385293
1,-1,1,-1,1,-1,-1,1,1,1,-1,1,1,-1,-1,1,1,1,1,-1,0.008971421048045158
1,-1,1,-1,1,-1,-1,1,1,1,1,-1,-1,-1,1,1,1,-1,1,-1,0.008971111848950386
1,-1,1,-1,1,-1,-1,1,1,1,1,-1,-1,1,-1,1,-1,-1,1,-1,0.008971995674073696
1,-1,1,-1,1,-1,-1,1,1,1,1,-1,-1,1,-1,1,1,1,-1,-1,0.00897203665226698
1,-1,1,-1,1,-1,-1,1,1,1,1,-1,-1,1,1,-1,-1,-1,-1,1,0.008972211740911007
1,-1,1,-1,1,-1,-1,1,1,1,1,1,-1,-1,1,-1,-1,1,-1,1,0.008972260169684887
1,-1,1,-1,1,-1,-1,1,1,1,1,1,-1,-1,1,1,1,-1,1,-1,0.008971198461949825
1,-1,1,-1,1,-1,-1,1,1,1,1,1,1,-1,1,1,1,1,-1,-1,0.008971155621111393
1,-1,1,-1,1,-1,1,-1,-1,-1,-1,-1,-1,1,-1,1,-1,-1,1,1,0.008971855975687504
1,-1,1,-1,1,-1,1,-1,-1,-1,-1,1,1,-1,1,-1,-1,-1,1,1,0.008971070870757103
1,-1,1,-1,1,-1,1,-1,-1,-1,-1,1,1,-1,1,-1,1,1,1,-1,0.008970487862825394
1,-1,1,-1,1,-1,1,-1,-1,-1,-1,1,1,1,1,-1,-1,1,-1,1,0.008971490897238255
1,-1,1,-1,1,-1,1,-1,-1,-1,1,-1,-1,1,1,1,1,1,-1,-1,0.008971007540822029
1,-1,1,-1,1,-1,1,-1,-1,-1,1,-1,1,-1,-1,-1,-1,1,1,-1,0.008971191011369228
1,-1,1,-1,1,-1,1,-1,-1,-1,1,1,-1,-1,1,1,-1,-1,-1,1,0.008971553295850754
1,-1,1,-1,1,-1,1,-1,-1,-1,1,1,-1,-1,1,1,1,1,1,-1,0.008970759809017181
1,-1,1,-1,1,-1,1,-1,-1,-1,1,1,-1,1,-1,1,1,1,-1,1,0.00897201243788004
1,-1,1,-1,1,-1,1,-1,-1,1,-1,-1,-1,-1,1,-1,1,1,1,1,0.008971241302788258
1,-1,1,-1,1,-1,1,-1,-1,1,-1,-1,-1,1,1,1,-1,1,-1,1,0.008971734903752804
1,-1,1,-1,1,-1,1,-1,-1,1,-1,-1,1,-1,1,1,-1,1,1,1,0.008971061557531357
1,-1,1,-1,1,-1,1,-1,-1,1,-1,-1,1,1,-1,-1,-1,-1,-1,1,0.008971910923719406
1,-1,1,-1,1,-1,1,-1,-1,1,1,-1,1,-1,-1,-1,1,-1,1,-1,0.008970936760306358
1,-1,1,-1,1,-1,1,-1,-1,1,1,-1,1,-1,-1,1,-1,1,1,-1,0.008971181698143482
1,-1,1,-1,1,-1,1,-1,-1,1,1,1,-1,-1,-1,-1,1,-1,1,1,0.008971775881946087
1,-1,1,-1,1,-1,1,-1,-1,1,1,1,-1,-1,1,1,1,-1,1,1,0.00897117517888546
1,-1,1,-1,1,-1,1,-1,1,-1,-1,-1,1,-1,-1,-1,-1,-1,-1,1,0.008971799165010452
1,-1,1,-1,1,-1,1,-1,1,-1,-1,-1,1,1,1,-1,1,1,-1,-1,0.008970835246145725
1,-1,1,-1,1,-1,1,-1,1,-1,-1,-1,1,1,1,1,1,-1,-1,1,0.008971067145466805
1,-1,1,-1,1,-1,1,-1,1,-1,-1,1,-1,-1,1,-1,-1,1,-1,1,0.00897180661559105
1,-1,1,-1,1,-1,1,-1,1,-1,-1,1,1,1,1,-1,1,1,-1,-1,0.008970921859145164
1,-1,1,-1,1,-1,1,-1,1,-1,1,-1,-1,-1,1,-1,1,1,-1,-1,0.008971080183982849
1,-1,1,-1,1,-1,1,-1,1,-1,1,1,1,-1,1,-1,1,1,-1,1,0.008971241302788258
1,-1,1,-1,1,-1,1,-1,1,1,-1,-1,-1,-1,1,1,-1,-1,-1,1,0.008971625007689
1,-1,1,-1,1,-1,1,-1,1,1,-1,-1,-1,1,1,-1,-1,1,1,1,0.008971720933914185
1,-1,1,-1,1,-1,1,-1,1,1,-1,-1,1,-1,1,-1,1,-1,1,-1,0.008970502763986588
1,-1,1,-1,1,-1,1,-1,1,1,-1,-1,1,1,-1,-1,-1,1,1,-1,0.008971473202109337
1,-1,1,-1,1,-1,1,-1,1,1,-1,1,-1,1,-1,1,1,-1,1,-1,0.008971460163593292
1,-1,1,-1,1,-1,1,-1,1,1,1,-1,-1,1,-1,-1,-1,1,1,1,0.00897225458174944
1,-1,1,-1,1,-1,1,-1,1,1,1,-1,-1,1,1,-1,1,-1,1,-1,0.008970994502305984
1,-1,1,-1,1,-1,1,-1,1,1,1,-1,1,-1,1,-1,-1,-1,1,1,0.00897120125591755
1,-1,1,-1,1,-1,1,-1,1,1,1,-1,1,1,-1,1,-1,1,1,1,0.008971819654107094
1,-1,1,-1,1,-1,1,1,-1,-1,-1,-1,-1,-1,1,-1,1,1,1,1,0.008971505798399448
1,-1,1,-1,1,-1,1,1,-1,-1,-1,-1,-1,1,1,1,1,-1,-1,1,0.00897165760397911
1,-1,1,-1,1,-1,1,1,-1,-1,-1,-1,1,1,1,1,-1,-1,-1,-1,0.00897116120904684
1,-1,1,-1,1,-1,1,1,-1,-1,-1,1,-1,-1,1,-1,-1,-1,-1,1,0.00897197239100933
1,-1,1,-1,1,-1,1,1,-1,-1,-1,1,-1,1,1,1,-1,1,-1,-1,0.008971672505140305
1,-1,1,-1,1,-1,1,1,-1,-1,-1,1,1,-1,-1,1,1,-1,-1,1,0.008971786126494408
1,-1,1,-1,1,-1,1,1,-1,-1,-1,1,1,-1,1,1,-1,1,1,-1,0.008970999158918858
1,-1,1,-1,1,-1,1,1,-1,-1,-1,1,1,1,-1,-1,-1,1,-1,-1,0.008971934206783772
1,-1,1,-1,1,-1,1,1,-1,-1,1,-1,-1,-1,1,1,-1,1,1,1,0.008971694856882095
1,-1,1,-1,1,-1,1,1,-1,-1,1,1,1,-1,1,-1,1,-1,-1,-1,0.00897099357098341
1,-1,1,-1,1,-1,1,1,-1,1,-1,-1,-1,-1,-1,-1,-1,1,1,1,0.008972353301942348
1,-1,1,-1,1,-1,1,1,-1,1,-1,-1,-1,1,-1,1,1,1,1,-1,0.008971712552011013
1,-1,1,-1,1,-1,1,1,-1,1,-1,1,-1,1,1,-1,-1,-1,-1,1,0.008972183801233768
1,-1,1,-1,1,-1,1,1,-1,1,-1,1,-1,1,1,1,1,1,1,1,0.00897170789539814
1,-1,1,-1,1,-1,1,1,-1,1,-1,1,1,-1,1,-1,1,1,1,1,0.008971340954303741
1,-1,1,-1,1,-1,1,1,-1,1,1,-1,-1,-1,-1,-1,-1,-1,1,-1,0.008971882984042168
1,-1,1,-1,1,-1,1,1,-1,1,1,-1,-1,-1,1,-1,1,-1,1,-1,0.008971123024821281
1,-1,1,-1,1,-1,1,1,-1,1,1,-1,1,1,1,-1,-1,1,-1,1,0.008971873670816422
1,-1,1,-1,1,-1,1,1,-1,1,1,1,1,1,1,1,-1,1,1,1,0.008971653878688812
1,-1,1,-1,1,-1,1,1,1,-1,-1,-1,-1,-1,1,1,-1,1,-1,-1,0.0089715626090765
1,-1,1,-1,1,-1,1,1,1,-1,-1,-1,-1,1,-1,-1,1,1,1,1,0.008972235023975372
1,-1,1,-1,1,-1,1,1,1,-1,-1,-1,-1,1,-1,1,-1,-1,-1,1,0.008972518146038055
1,-1,1,-1,1,-1,1,1,1,-1,1,-1,-1,1,-1,-1,1,-1,1,1,0.00897217821329832
1,-1,1,-1,1,-1,1,1,1,-1,1,-1,1,-1,-1,-1,-1,-1,1,-1,0.008971557021141052
1,-1,1,-1,1,-1,1,1,1,-1,1,-1,1,-1,1,1,1,-1,1,1,0.008971113711595535
1,-1,1,-1,1,-1,1,1,1,-1,1,1,1,-1,-1,-1,-1,-1,1,1,0.00897205714136362
1,-1,1,-1,1,-1,1,1,1,-1,1,1,1,-1,1,-1,-1,1,1,1,0.008971638046205044
1,-1,1,-1,1,-1,1,1,1,-1,1,1,1,-1,1,1,1,1,1,1,0.008971286937594414
1,-1,1,-1,1,-1,1,1,1,-1,1,1,1,1,1,-1,1,1,-1,1,0.008971717208623886
1,-1,1,-1,1,-1,1,1,1,-1,1,1,1,1,1,1,-1,1,1,-1,0.008971252478659153
1,-1,1,-1,1,-1,1,1,1,1,-1,-1,-1,-1,-1,-1,1,1,1,-1,0.008971784263849258
1,-1,1,-1,1,-1,1,1,1,1,-1,-1,1,-1,1,1,-1,-1,-1,1,0.008971638046205044
1,-1,1,-1,1,-1,1,1,1,1,-1,-1,1,1,1,-1,-1,1,-1,1,0.008971944451332092
1,-1,1,-1,1,-1,1,1,1,1,-1,1,-1,-1,-1,1,1,-1,-1,1,0.008972312323749065
1,-1,1,-1,1,-1,1,1,1,1,1,-1,-1,-1,-1,1,-1,-1,1,1,0.008972300216555595
1,-1,1,-1,1,-1,1,1,1,1,1,-1,1,1,-1,-1,-1,-1,-1,1,0.008972391486167908
1,-1,1,-1,1,-1,1,1,1,1,1,-1,1,1,-1,-1,-1,1,-1,-1,0.008972064591944218
1,-1,1,-1,1,-1,1,1,1,1,1,1,-1,-1,-1,1,1,1,1,-1,0.008971803821623325
1,-1,1,-1,1,-1,1,1,1,1,1,1,-1,1,-1,-1,1,-1,-1,-1,0.008972148410975933
1,-1,1,-1,1,-1,1,1,1,1,1,1,1,-1,-1,-1,1,-1,-1,1,0.008972099050879478
1,-1,1,-1,1,1,-1,-1,-1,-1,-1,-1,-1,1,-1,1,1,-1,-1,-1,0.008971293456852436
1,-1,1,-1,1,1,-1,-1,-1,-1,-1,-1,1,-1,-1,-1,1,-1,1,-1,0.008970716036856174
1,-1,1,-1,1,1,-1,-1,-1,-1,-1,1,1,-1,-1,-1,1,-1,1,-1,0.008970802649855614
1,-1,1,-1,1,1,-1,-1,-1,-1,-1,1,1,-1,-1,1,1,-1,-1,1,0.008971329778432846
1,-1,1,-1,1,1,-1,-1,-1,-1,-1,1,1,1,-1,1,-1,1,-1,-1,0.008971381932497025
1,-1,1,-1,1,1,-1,-1,-1,-1,1,-1,-1,-1,1,1,1,1,-1,-1,0.008970780298113823
1,-1,1,-1,1,1,-1,-1,-1,-1,1,1,-1,-1,1,1,-1,-1,1,1,0.008971239440143108
1,-1,1,-1,1,1,-1,-1,-1,-1,1,1,-1,1,1,1,1,-1,1,1,0.008971108123660088
1,-1,1,-1,1,1,-1,-1,-1,1,-1,-1,-1,1,1,-1,-1,-1,1,-1,0.00897101778537035
1,-1,1,-1,1,1,-1,-1,-1,1,-1,-1,1,-1,1,-1,1,-1,-1,1,0.008970922790467739
1,-1,1,-1,1,1,-1,-1,-1,1,-1,-1,1,1,-1,1,-1,-1,-1,1,0.008971710689365864
1,-1,1,-1,1,1,-1,-1,-1,1,-1,1,1,1,-1,-1,1,1,1,-1,0.008971099741756916
1,-1,1,-1,1,1,-1,-1,-1,1,1,-1,-1,1,-1,1,1,1,-1,-1,0.008971496485173702
1,-1,1,-1,1,1,-1,-1,-1,1,1,1,-1,-1,1,-1,-1,1,1,1,0.008971509523689747
1,-1,1,-1,1,1,-1,-1,-1,1,1,1,-1,1,-1,-1,-1,-1,-1,1,0.008972262032330036
1,-1,1,-1,1,1,-1,-1,-1,1,1,1,-1,1,-1,-1,1,1,1,-1,0.008971468545496464
1,-1,1,-1,1,1,-1,-1,1,-1,-1,-1,-1,-1,1,-1,1,1,1,-1,0.008970736525952816
1,-1,1,-1,1,1,-1,-1,1,-1,-1,-1,-1,-1,1,1,1,1,1,-1,0.00897064059972763
1,-1,1,-1,1,1,-1,-1,1,-1,-1,1,-1,-1,-1,-1,1,1,1,-1,0.008971327915787697
1,-1,1,-1,1,1,-1,-1,1,-1,-1,1,1,-1,-1,-1,1,1,-1,1,0.00897161290049553
1,-1,1,-1,1,1,-1,-1,1,-1,-1,1,1,-1,1,-1,-1,-1,-1,-1,0.008970864117145538
1,-1,1,-1,1,1,-1,-1,1,-1,-1,1,1,1,-1,1,1,1,1,1,0.008971430361270905
1,-1,1,-1,1,1,-1,-1,1,-1,1,-1,-1,1,-1,1,1,1,-1,-1,0.008971508592367172
1,-1,1,-1,1,1,-1,-1,1,-1,1,1,1,-1,1,-1,-1,-1,-1,1,0.00897130649536848
1,-1,1,-1,1,1,-1,-1,1,-1,1,1,1,1,1,1,-1,-1,-1,1,0.00897133443504572
1,-1,1,-1,1,1,-1,-1,1,-1,1,1,1,1,1,1,-1,-1,1,1,0.008971123956143856
1,-1,1,-1,1,1,-1,-1,1,1,-1,-1,-1,1,-1,1,1,-1,-1,-1,0.008971480652689934
1,-1,1,-1,1,1,-1,-1,1,1,-1,1,-1,-1,-1,-1,-1,1,-1,1,0.008972294628620148
1,-1,1,-1,1,1,-1,-1,1,1,-1,1,-1,-1,-1,1,1,1,-1,1,0.008971942588686943
1,-1,1,-1,1,1,-1,-1,1,1,-1,1,1,-1,1,1,1,-1,1,1,0.008970802649855614
1,-1,1,-1,1,1,-1,-1,1,1,1,-1,-1,-1,1,-1,1,1,-1,-1,0.008971063420176506
1,-1,1,-1,1,1,-1,-1,1,1,1,-1,-1,1,1,1,-1,-1,1,-1,0.008971050381660461
1,-1,1,-1,1,1,-1,-1,1,1,1,1,-1,-1,1,-1,1,-1,1,-1,0.008970853872597218
1,-1,1,-1,1,1,-1,1,-1,-1,-1,-1,-1,-1,1,-1,-1,1,-1,-1,0.008971454575657845
1,-1,1,-1,1,1,-1,1,-1,-1,-1,-1,-1,1,1,-1,-1,1,1,1,0.00897178240120411
1,-1,1,-1,1,1,-1,1,-1,-1,-1,1,-1,1,1,-1,1,-1,1,1,0.008971527218818665
1,-1,1,-1,1,1,-1,1,-1,-1,-1,1,1,1,1,1,1,1,1,1,0.008971177972853184
1,-1,1,-1,1,1,-1,1,-1,-1,1,-1,-1,1,1,1,-1,-1,1,-1,0.008971215225756168
1,-1,1,-1,1,1,-1,1,-1,-1,1,-1,1,-1,-1,-1,1,1,1,1,0.00897159706801176
1,-1,1,-1,1,1,-1,1,-1,-1,1,1,1,1,1,1,1,-1,1,-1,0.008970706723630428
1,-1,1,-1,1,1,-1,1,-1,1,-1,-1,-1,1,1,-1,-1,1,-1,-1,0.008971665985882282
1,-1,1,-1,1,1,-1,1,-1,1,-1,1,-1,1,1,1,-1,-1,1,1,0.008971774019300938
1,-1,1,-1,1,1,-1,1,-1,1,1,1,-1,-1,-1,1,1,-1,-1,-1,0.008971724659204483
1,-1,1,-1,1,1,-1,1,-1,1,1,1,-1,1,1,1,1,1,-1,-1,0.008971430361270905
1,-1,1,-1,1,1,-1,1,-1,1,1,1,1,-1,-1,-1,1,1,1,1,0.008971771225333214
1,-1,1,-1,1,1,-1,1,1,-1,-1,-1,-1,1,-1,-1,-1,-1,1,-1,0.008971886709332466
1,-1,1,-1,1,1,-1,1,1,-1,-1,-1,1,1,1,-1,-1,-1,1,1,0.008971456438302994
1,-1,1,-1,1,1,-1,1,1,-1,-1,1,-1,-1,1,-1,1,-1,1,-1,0.008971089497208595
1,-1,1,-1,1,1,-1,1,1,-1,-1,1,-1,1,-1,-1,-1,-1,-1,-1,0.008972183801233768
1,-1,1,-1,1,1,-1,1,1,-1,-1,1,-1,1,1,1,1,1,-1,1,0.00897182710468769
1,-1,1,-1,1,1,-1,1,1,-1,-1,1,1,-1,-1,-1,-1,1,1,1,0.008972009643912315
1,-1,1,-1,1,1,-1,1,1,-1,1,-1,-1,1,1,1,-1,1,1,1,0.00897181499749422
1,-1,1,-1,1,1,-1,1,1,-1,1,-1,1,-1,-1,-1,1,-1,-1,-1,0.008971408009529114
1,-1,1,-1,1,1,-1,1,1,-1,1,-1,1,-1,1,1,1,1,-1,1,0.00897130649536848
1,-1,1,-1,1,1,-1,1,1,-1,1,1,-1,-1,-1,-1,-1,1,1,-1,0.008971964940428734
1,-1,1,-1,1,1,-1,1,1,1,-1,1,-1,-1,-1,-1,1,1,1,-1,0.008971767500042915
1,-1,1,-1,1,1,-1,1,1,1,-1,1,1,-1,-1,-1,-1,1,1,-1,0.0089716836810112
1,-1,1,-1,1,1,-1,1,1,1,-1,1,1,-1,-1,1,1,1,1,1,0.008971745148301125
1,-1,1,-1,1,1,-1,1,1,1,1,-1,1,-1,-1,1,-1,1,1,1,0.008971944451332092
1,-1,1,-1,1,1,-1,1,1,1,1,-1,1,-1,-1,1,1,1,1,-1,0.008971274830400944
1,-1,1,-1,1,1,-1,1,1,1,1,-1,1,-1,1,1,1,1,1,1,0.008971183560788631
1,-1,1,-1,1,1,-1,1,1,1,1,1,-1,-1,-1,1,1,-1,1,1,0.008972028270363808
1,-1,1,-1,1,1,-1,1,1,1,1,1,1,1,-1,-1,-1,-1,1,-1,0.008971750736236572
1,-1,1,-1,1,1,1,-1,-1,-1,-1,-1,-1,-1,-1,-1,-1,1,-1,-1,0.008971622213721275
1,-1,1,-1,1,1,1,-1,-1,-1,-1,-1,1,-1,-1,-1,-1,-1,-1,-1,0.008971196599304676
1,-1,1,-1,1,1,1,-1,-1,-1,-1,-1,1,-1,1,-1,1,-1,1,-1,0.008970226161181927
1,-1,1,-1,1,1,1,-1,-1,-1,-1,1,1,-1,1,-1,-1,1,-1,1,0.008971278555691242
1,-1,1,-1,1,1,1,-1,-1,-1,1,-1,-1,-1,-1,1,-1,-1,1,-1,0.008971258997917175
1,-1,1,-1,1,1,1,-1,-1,-1,1,-1,1,-1,1,-1,1,-1,1,1,0.008970669470727444
1,-1,1,-1,1,1,1,-1,-1,-1,1,1,-1,1,-1,-1,1,1,1,1,0.008971809409558773
1,-1,1,-1,1,1,1,-1,-1,-1,1,1,-1,1,-1,1,-1,1,1,1,0.008971968665719032
1,-1,1,-1,1,1,1,-1,-1,1,-1,-1,-1,-1,1,-1,-1,1,-1,1,0.008971618488430977
1,-1,1,-1,1,1,1,-1,-1,1,-1,-1,-1,-1,1,-1,1,-1,1,1,0.00897106621414423
1,-1,1,-1,1,1,1,-1,-1,1,-1,-1,-1,1,1,1,-1,1,1,-1,0.008971022441983223
1,-1,1,-1,1,1,1,-1,-1,1,-1,1,1,1,1,-1,1,1,-1,-1,0.008970820344984531
1,-1,1,-1,1,1,1,-1,-1,1,1,-1,1,-1,-1,1,-1,1,-1,-1,0.008971303701400757
1,-1,1,-1,1,1,1,-1,-1,1,1,1,-1,1,-1,-1,1,1,1,-1,0.008971483446657658
1,-1,1,-1,1,1,1,-1,-1,1,1,1,-1,1,1,1,1,1,1,-1,0.00897088274359703
1,-1,1,-1,1,1,1,-1,-1,1,1,1,1,-1,-1,1,1,1,-1,-1,0.008971134200692177
1,-1,1,-1,1,1,1,-1,1,-1,-1,-1,1,-1,1,-1,-1,1,-1,-1,0.008970878086984158
1,-1,1,-1,1,1,1,-1,1,-1,-1,1,-1,-1,1,1,-1,-1,1,-1,0.008970911614596844
1,-1,1,-1,1,1,1,-1,1,-1,-1,1,-1,1,-1,1,1,-1,1,1,0.00897169765084982
1,-1,1,-1,1,1,1,-1,1,-1,-1,1,1,1,1,-1,1,1,1,-1,0.008970622904598713
1,-1,1,-1,1,1,1,-1,1,-1,1,-1,-1,-1,-1,-1,-1,1,-1,1,0.008972165174782276
1,-1,1,-1,1,1,1,-1,1,-1,1,-1,-1,1,-1,-1,-1,1,1,1,0.008972078561782837
1,-1,1,-1,1,1,1,-1,1,-1,1,-1,1,1,1,1,1,-1,-1,-1,0.0089705940335989
1,-1,1,-1,1,1,1,-1,1,-1,1,1,-1,1,1,1,1,1,-1,-1,0.008971105329692364
1,-1,1,-1,1,1,1,-1,1,1,-1,-1,1,-1,-1,1,-1,1,-1,-1,0.008971374481916428
1,-1,1,-1,1,1,1,-1,1,1,-1,-1,1,-1,1,1,1,-1,1,1,0.008970730938017368
1,-1,1,-1,1,1,1,-1,1,1,-1,-1,1,1,1,-1,1,1,1,-1,0.008970623835921288
1,-1,1,-1,1,1,1,-1,1,1,-1,1,-1,1,-1,-1,-1,1,1,-1,0.008971809409558773
1,-1,1,-1,1,1,1,-1,1,1,-1,1,1,-1,1,1,-1,1,1,1,0.008971159346401691
1,-1,1,-1,1,1,1,-1,1,1,1,-1,-1,1,1,-1,-1,-1,-1,-1,0.008971371687948704
1,-1,1,-1,1,1,1,-1,1,1,1,-1,1,1,-1,-1,1,1,1,-1,0.008971157483756542
1,-1,1,-1,1,1,1,-1,1,1,1,1,-1,1,-1,-1,-1,-1,-1,1,0.008972376585006714
1,-1,1,-1,1,1,1,-1,1,1,1,1,-1,1,1,-1,1,1,1,-1,0.0089710783213377
1,-1,1,-1,1,1,1,1,-1,-1,-1,-1,-1,-1,1,-1,-1,-1,1,-1,0.00897117331624031
1,-1,1,-1,1,1,1,1,-1,-1,-1,-1,1,1,-1,1,1,-1,1,1,0.00897152442485094
1,-1,1,-1,1,1,1,1,-1,-1,1,-1,1,-1,-1,-1,-1,-1,1,-1,0.008971367962658405
1,-1,1,-1,1,1,1,1,-1,-1,1,-1,1,-1,1,1,-1,-1,-1,1,0.00897139124572277
1,-1,1,-1,1,1,1,1,-1,-1,1,-1,1,1,-1,1,-1,1,-1,-1,0.008971692062914371
1,-1,1,-1,1,1,1,1,-1,-1,1,1,-1,-1,1,-1,1,1,-1,-1,0.008971329778432846
1,-1,1,-1,1,1,1,1,-1,-1,1,1,1,-1,-1,1,-1,-1,1,-1,0.00897135864943266
1,-1,1,-1,1,1,1,1,-1,-1,1,1,1,1,1,1,1,1,-1,-1,0.008971018716692924
1,-1,1,-1,1,1,1,1,-1,1,-1,-1,-1,-1,-1,-1,-1,-1,-1,-1,0.008971975184977055
1,-1,1,-1,1,1,1,1,-1,1,-1,-1,-1,-1,1,-1,-1,1,-1,-1,0.008971557021141052
1,-1,1,-1,1,1,1,1,-1,1,-1,-1,1,-1,-1,1,1,-1,-1,1,0.00897169765084982
1,-1,1,-1,1,1,1,1,-1,1,1,-1,-1,-1,-1,-1,1,1,1,1,0.008972038514912128
1,-1,1,-1,1,1,1,1,-1,1,1,-1,1,1,-1,-1,-1,-1,1,-1,0.008971579372882843
1,-1,1,-1,1,1,1,1,-1,1,1,-1,1,1,-1,-1,1,1,-1,-1,0.008971620351076126
1,-1,1,-1,1,1,1,1,-1,1,1,1,1,1,1,-1,1,1,-1,-1,0.008971202187240124
1,-1,1,-1,1,1,1,1,1,-1,-1,-1,-1,-1,-1,-1,-1,1,1,1,0.008972277864813805
1,-1,1,-1,1,1,1,1,1,-1,-1,-1,1,1,-1,1,1,1,1,-1,0.008971297182142735
1,-1,1,-1,1,1,1,1,1,-1,-1,-1,1,1,1,1,1,1,-1,-1,0.008971002884209156
1,-1,1,-1,1,1,1,1,1,-1,-1,1,1,-1,-1,-1,1,1,1,-1,0.008971355855464935
1,-1,1,-1,1,1,1,1,1,-1,-1,1,1,1,1,-1,-1,-1,-1,-1,0.00897135492414236
1,-1,1,-1,1,1,1,1,1,-1,1,-1,1,1,1,1,-1,1,-1,1,0.008971701376140118
1,-1,1,-1,1,1,1,1,1,-1,1,1,-1,-1,-1,-1,-1,1,1,-1,0.008971979841589928
1,-1,1,-1,1,1,1,1,1,-1,1,1,-1,1,1,1,1,-1,-1,1,0.008971785195171833
1,-1,1,-1,1,1,1,1,1,-1,1,1,1,-1,1,-1,-1,1,1,1,0.008971549570560455
1,-1,1,-1,1,1,1,1,1,1,-1,-1,-1,-1,-1,1,-1,1,1,1,0.008972268551588058
1,-1,1,-1,1,1,1,1,1,1,-1,1,1,-1,-1,-1,-1,-1,-1,1,0.008972235955297947
1,-1,1,-1,1,1,1,1,1,1,1,-1,-1,1,-1,1,-1,1,1,-1,0.00897200871258974
1,-1,1,-1,1,1,1,1,1,1,1,-1,-1,1,-1,1,1,-1,1,-1,0.008971666917204857
1,-1,1,-1,1,1,1,1,1,1,1,-1,1,-1,-1,1,-1,-1,1,1,0.008971872739493847
1,-1,1,-1,1,1,1,1,1,1,1,-1,1,-1,1,-1,-1,-1,-1,1,0.008971674367785454
1,-1,1,-1,1,1,1,1,1,1,1,-1,1,-1,1,-1,1,1,-1,-1,0.008971091359853745
1,-1,1,-1,1,1,1,1,1,1,1,-1,1,1,1,-1,1,-1,-1,1,0.008971543051302433
1,-1,1,-1,1,1,1,1,1,1,1,1,-1,1,1,-1,1,1,-1,-1,0.008971640840172768
1,-1,1,-1,1,1,1,1,1,1,1,1,-1,1,1,1,-1,1,1,-1,0.008971590548753738
1,-1,1,1,-1,-1,-1,-1,-1,-1,-1,-1,-1,1,-1,-1,-1,1,-1,-1,0.00897259172052145
1,-1,1,1,-1,-1,-1,-1,-1,-1,-1,-1,1,-1,1,-1,-1,-1,-1,-1,0.008971537463366985
1,-1,1,1,-1,-1,-1,-1,-1,-1,-1,1,1,-1,-1,1,-1,-1,1,1,0.008972235955297947
1,-1,1,1,-1,-1,-1,-1,-1,-1,-1,1,1,-1,-1,1,1,1,1,1,0.008972066454589367
1,-1,1,1,-1,-1,-1,-1,-1,-1,1,1,-1,1,-1,1,-1,-1,1,1,0.008972728624939919
1,-1,1,1,-1,-1,-1,-1,-1,-1,1,1,-1,1,1,1,-1,-1,-1,1,0.00897243432700634
1,-1,1,1,-1,-1,-1,-1,-1,-1,1,1,1,-1,1,1,1,1,-1,1,0.008971801958978176
1,-1,1,1,-1,-1,-1,-1,-1,-1,1,1,1,1,1,-1,-1,-1,-1,1,0.008972191251814365
1,-1,1,1,-1,-1,-1,-1,-1,1,-1,-1,-1,1,1,1,1,-1,1,-1,0.00897152628749609
1,-1,1,1,-1,-1,-1,-1,-1,1,-1,-1,1,1,-1,1,-1,-1,-1,-1,0.00897215772420168
1,-1,1,1,-1,-1,-1,-1,-1,1,-1,1,-1,-1,-1,1,-1,1,-1,1,0.008972958661615849
1,-1,1,1,-1,-1,-1,-1,-1,1,-1,1,1,1,-1,-1,-1,1,1,1,0.00897262990474701
1,-1,1,1,-1,-1,-1,-1,-1,1,1,-1,1,-1,-1,1,1,-1,-1,1,0.008972221054136753
1,-1,1,1,-1,-1,-1,-1,-1,1,1,1,-1,-1,-1,1,-1,1,1,-1,0.008972364477813244
1,-1,1,1,-1,-1,-1,-1,-1,1,1,1,-1,-1,1,-1,1,1,-1,-1,0.008971910923719406
1,-1,1,1,-1,-1,-1,-1,-1,1,1,1,-1,1,1,1,1,1,1,-1,0.008971728384494781
1,-1,1,1,-1,-1,-1,-1,1,-1,-1,-1,1,-1,-1,-1,-1,1,-1,1,0.00897264201194048
1,-1,1,1,-1,-1,-1,-1,1,-1,-1,1,1,-1,1,-1,-1,-1,-1,1,0.008972138166427612
1,-1,1,1,-1,-1,-1,-1,1,-1,1,1,-1,-1,-1,-1,-1,1,1,1,0.008972886949777603
1,-1,1,1,-1,-1,-1,-1,1,-1,1,1,-1,-1,1,1,1,1,-1,1,0.00897224061191082
1,-1,1,1,-1,-1,-1,-1,1,-1,1,1,-1,1,1,-1,-1,-1,1,-1,0.008972005918622017
1,-1,1,1,-1,-1,-1,-1,1,-1,1,1,1,1,-1,1,-1,-1,-1,1,0.008972699753940105
1,-1,1,1,-1,-1,-1,-1,1,1,-1,-1,-1,1,1,-1,1,-1,1,-1,0.00897172186523676
1,-1,1,1,-1,-1,-1,-1,1,1,-1,1,1,-1,-1,-1,-1,1,1,-1,0.00897219218313694
1,-1,1,1,-1,-1,-1,-1,1,1,-1,1,1,-1,-1,-1,1,1,-1,-1,0.008972146548330784
1,-1,1,1,-1,-1,-1,-1,1,1,-1,1,1,-1,1,1,1,-1,-1,1,0.008971873670816422
1,-1,1,1,-1,-1,-1,-1,1,1,-1,1,1,1,1,1,1,-1,-1,-1,0.008971584029495716
1,-1,1,1,-1,-1,-1,-1,1,1,1,-1,1,-1,-1,-1,1,-1,1,-1,0.00897179264575243
1,-1,1,1,-1,-1,-1,-1,1,1,1,-1,1,-1,-1,1,-1,-1,-1,1,0.008972576819360256
1,-1,1,1,-1,-1,-1,-1,1,1,1,-1,1,1,-1,-1,-1,-1,-1,1,0.008972796611487865
1,-1,1,1,-1,-1,-1,-1,1,1,1,-1,1,1,-1,-1,-1,-1,1,-1,0.008972172625362873
1,-1,1,1,-1,-1,-1,-1,1,1,1,1,1,-1,-1,1,1,1,1,1,0.008972283452749252
1,-1,1,1,-1,-1,-1,-1,1,1,1,1,1,1,-1,-1,-1,1,-1,-1,0.00897255539894104
1,-1,1,1,-1,-1,-1,-1,1,1,1,1,1,1,1,-1,1,-1,-1,1,0.008972123265266418
1,-1,1,1,-1,-1,-1,1,-1,-1,-1,-1,-1,1,-1,1,1,-1,1,1,0.008972709067165852
1,-1,1,1,-1,-1,-1,1,-1,-1,-1,-1,1,-1,1,-1,1,-1,-1,1,0.008972047828137875
1,-1,1,1,-1,-1,-1,1,-1,-1,-1,-1,1,-1,1,-1,1,1,-1,-1,0.00897172000259161
1,-1,1,1,-1,-1,-1,1,-1,-1,-1,1,-1,-1,-1,1,1,1,-1,-1,0.008972554467618465
1,-1,1,1,-1,-1,-1,1,-1,-1,-1,1,1,1,-1,1,-1,1,-1,-1,0.008972594514489174
1,-1,1,1,-1,-1,-1,1,-1,-1,1,-1,-1,-1,1,1,1,-1,-1,1,0.008972319774329662
1,-1,1,1,-1,-1,-1,1,-1,-1,1,-1,-1,1,1,-1,-1,1,-1,-1,0.0089724687859416
1,-1,1,1,-1,-1,-1,1,-1,-1,1,-1,1,1,1,-1,-1,1,1,-1,0.008971919305622578
1,-1,1,1,-1,-1,-1,1,-1,-1,1,1,-1,-1,1,-1,1,-1,-1,-1,0.008972088806331158
1,-1,1,1,-1,-1,-1,1,-1,-1,1,1,-1,1,1,1,-1,-1,-1,1,0.008972786366939545
1,-1,1,1,-1,-1,-1,1,-1,-1,1,1,1,1,1,1,-1,-1,-1,-1,0.008972033858299255
1,-1,1,1,-1,-1,-1,1,-1,1,-1,-1,-1,1,1,-1,1,1,-1,1,0.008972684852778912
1,-1,1,1,-1,-1,-1,1,-1,1,-1,-1,1,-1,-1,-1,1,-1,-1,1,0.00897264014929533
1,-1,1,1,-1,-1,-1,1,-1,1,-1,1,-1,1,1,1,1,1,-1,-1,0.008972261101007462
1,-1,1,1,-1,-1,-1,1,-1,1,-1,1,1,-1,-1,-1,1,1,1,1,0.00897260196506977
1,-1,1,1,-1,-1,-1,1,-1,1,-1,1,1,1,-1,-1,1,1,-1,-1,0.008972522802650928
1,-1,1,1,-1,-1,-1,1,-1,1,-1,1,1,1,1,-1,1,1,1,1,0.008972221985459328
1,-1,1,1,-1,-1,-1,1,-1,1,1,-1,-1,1,-1,-1,1,-1,-1,-1,0.008972718380391598
1,-1,1,1,-1,-1,-1,1,-1,1,1,-1,1,1,-1,-1,-1,-1,1,1,0.008972838521003723
1,-1,1,1,-1,-1,-1,1,-1,1,1,1,-1,-1,-1,1,1,1,-1,1,0.008973084390163422
1,-1,1,1,-1,-1,-1,1,-1,1,1,1,-1,1,-1,-1,1,1,-1,-1,0.008972891606390476
1,-1,1,1,-1,-1,-1,1,1,-1,-1,-1,-1,-1,-1,-1,1,1,-1,-1,0.00897266436368227
1,-1,1,1,-1,-1,-1,1,1,-1,-1,-1,1,-1,1,1,1,1,1,1,0.00897192768752575
1,-1,1,1,-1,-1,-1,1,1,-1,-1,1,-1,-1,-1,-1,-1,-1,1,-1,0.008972709998488426
1,-1,1,1,-1,-1,-1,1,1,-1,-1,1,1,-1,-1,1,1,1,-1,-1,0.00897231511771679
1,-1,1,1,-1,-1,-1,1,1,-1,1,-1,-1,1,-1,-1,-1,-1,1,-1,0.008972777053713799
1,-1,1,1,-1,-1,-1,1,1,-1,1,-1,1,1,1,-1,1,-1,1,1,0.008972090668976307
1,-1,1,1,-1,-1,-1,1,1,-1,1,1,-1,1,1,1,-1,1,1,-1,0.008972348645329475
1,-1,1,1,-1,-1,-1,1,1,1,-1,-1,-1,-1,1,1,-1,-1,1,-1,0.008972110226750374
1,-1,1,1,-1,-1,-1,1,1,1,-1,-1,1,1,-1,-1,1,-1,1,1,0.008972653187811375
1,-1,1,1,-1,-1,-1,1,1,1,-1,-1,1,1,1,-1,1,-1,1,-1,0.008971734903752804
1,-1,1,1,-1,-1,-1,1,1,1,-1,1,1,-1,1,1,1,-1,-1,1,0.008972225710749626
1,-1,1,1,-1,-1,-1,1,1,1,1,-1,-1,1,-1,-1,-1,-1,-1,-1,0.0089730741456151
1,-1,1,1,-1,-1,-1,1,1,1,1,-1,-1,1,1,1,1,-1,1,1,0.008972421288490295
1,-1,1,1,-1,-1,-1,1,1,1,1,-1,1,-1,-1,1,-1,-1,-1,1,0.00897292885929346
1,-1,1,1,-1,-1,-1,1,1,1,1,-1,1,1,-1,1,-1,-1,-1,1,0.008973052725195885
1,-1,1,1,-1,-1,-1,1,1,1,1,1,1,-1,-1,-1,-1,-1,-1,-1,0.008972697891294956
1,-1,1,1,-1,-1,-1,1,1,1,1,1,1,1,1,-1,1,-1,-1,-1,0.00897206086665392
1,-1,1,1,-1,-1,1,-1,-1,-1,-1,-1,-1,1,-1,-1,-1,-1,-1,1,0.008972933515906334
1,-1,1,1,-1,-1,1,-1,-1,-1,-1,1,-1,-1,-1,-1,1,-1,1,1,0.008972430601716042
1,-1,1,1,-1,-1,1,-1,-1,-1,-1,1,-1,-1,-1,1,1,-1,1,1,0.008972334675490856
1,-1,1,1,-1,-1,1,-1,-1,-1,-1,1,-1,-1,1,-1,1,-1,1,-1,0.00897151231765747
1,-1,1,1,-1,-1,1,-1,-1,-1,-1,1,1,-1,-1,1,-1,-1,1,-1,0.008971837349236012
1,-1,1,1,-1,-1,1,-1,-1,-1,-1,1,1,1,-1,1,1,-1,1,-1,0.008971705101430416
1,-1,1,1,-1,-1,1,-1,-1,-1,1,-1,-1,-1,-1,1,-1,-1,1,1,0.00897253304719925
1,-1,1,1,-1,-1,1,-1,-1,-1,1,-1,-1,1,1,-1,1,1,1,-1,0.008971665054559708
1,-1,1,1,-1,-1,1,-1,-1,-1,1,-1,1,1,1,-1,-1,1,1,1,0.008971995674073696
1,-1,1,1,-1,-1,1,-1,-1,-1,1,1,-1,-1,1,1,-1,1,-1,1,0.008972411043941975
1,-1,1,1,-1,-1,1,-1,-1,-1,1,1,-1,1,-1,1,1,1,1,1,0.008972574025392532
1,-1,1,1,-1,-1,1,-1,-1,-1,1,1,1,1,1,1,1,-1,1,1,0.008971643634140491
1,-1,1,1,-1,-1,1,-1,-1,-1,1,1,1,1,1,1,1,1,1,-1,0.008971316739916801
1,-1,1,1,-1,-1,1,-1,-1,1,-1,-1,-1,1,1,1,1,-1,1,-1,0.008971541188657284
1,-1,1,1,-1,-1,1,-1,-1,1,-1,1,-1,1,-1,-1,1,-1,-1,1,0.008972852490842342
1,-1,1,1,-1,-1,1,-1,-1,1,-1,1,-1,1,-1,1,-1,-1,1,1,0.008972801268100739
1,-1,1,1,-1,-1,1,-1,-1,1,-1,1,1,-1,-1,1,-1,1,1,1,0.00897242408245802
1,-1,1,1,-1,-1,1,-1,-1,1,-1,1,1,-1,1,1,1,1,1,1,0.008971664123237133
1,-1,1,1,-1,-1,1,-1,-1,1,1,-1,-1,-1,-1,-1,-1,-1,1,1,0.008972716517746449
1,-1,1,1,-1,-1,1,-1,-1,1,1,-1,-1,1,-1,-1,-1,1,-1,-1,0.00897272303700447
1,-1,1,1,-1,-1,1,-1,-1,1,1,-1,1,-1,1,-1,1,-1,-1,-1,0.008971413597464561
1,-1,1,1,-1,-1,1,-1,-1,1,1,-1,1,-1,1,1,-1,-1,1,1,0.008971776813268661
1,-1,1,1,-1,-1,1,-1,-1,1,1,-1,1,1,-1,-1,-1,-1,-1,-1,0.008972297422587872
1,-1,1,1,-1,-1,1,-1,-1,1,1,-1,1,1,1,1,-1,-1,-1,1,0.008972111158072948
1,-1,1,1,-1,-1,1,-1,-1,1,1,1,1,-1,1,-1,-1,1,1,1,0.00897204503417015
1,-1,1,1,-1,-1,1,-1,-1,1,1,1,1,1,-1,1,-1,1,-1,1,0.008972788229584694
1,-1,1,1,-1,-1,1,-1,1,-1,-1,-1,-1,-1,-1,1,-1,-1,-1,1,0.008972813375294209
1,-1,1,1,-1,-1,1,-1,1,-1,-1,-1,-1,1,-1,1,-1,1,1,-1,0.00897239986807108
1,-1,1,1,-1,-1,1,-1,1,-1,-1,-1,1,-1,-1,-1,1,1,-1,1,0.008972401730716228
1,-1,1,1,-1,-1,1,-1,1,-1,-1,-1,1,-1,1,-1,1,-1,1,-1,0.008971186354756355
1,-1,1,1,-1,-1,1,-1,1,-1,-1,1,-1,1,1,-1,1,-1,-1,1,0.00897235982120037
1,-1,1,1,-1,-1,1,-1,1,-1,-1,1,1,-1,-1,1,1,1,-1,-1,0.008971977978944778
1,-1,1,1,-1,-1,1,-1,1,-1,1,-1,1,-1,1,1,-1,1,-1,-1,0.00897167157381773
1,-1,1,1,-1,-1,1,-1,1,-1,1,-1,1,1,-1,-1,1,-1,-1,1,0.0089724687859416
1,-1,1,1,-1,-1,1,-1,1,-1,1,-1,1,1,1,-1,1,-1,1,-1,0.008971340022981167
1,-1,1,1,-1,-1,1,-1,1,-1,1,1,1,-1,1,-1,-1,1,-1,-1,0.008971854113042355
1,-1,1,1,-1,-1,1,-1,1,-1,1,1,1,-1,1,-1,1,1,1,-1,0.008971388451755047
1,-1,1,1,-1,-1,1,-1,1,-1,1,1,1,-1,1,1,-1,-1,-1,-1,0.008971672505140305
1,-1,1,1,-1,-1,1,-1,1,1,-1,-1,1,1,-1,1,-1,-1,-1,1,0.008972685784101486
1,-1,1,1,-1,-1,1,-1,1,1,-1,1,-1,-1,-1,1,1,-1,-1,1,0.008972731418907642
1,-1,1,1,-1,-1,1,-1,1,1,-1,1,-1,-1,1,1,-1,-1,1,-1,0.008971858769655228
1,-1,1,1,-1,-1,1,-1,1,1,-1,1,-1,1,-1,1,-1,-1,1,1,0.008972900919616222
1,-1,1,1,-1,-1,1,-1,1,1,-1,1,1,1,1,-1,-1,1,-1,-1,0.00897203665226698
1,-1,1,1,-1,-1,1,-1,1,1,1,-1,-1,1,-1,-1,-1,-1,1,1,0.008972940035164356
1,-1,1,1,-1,-1,1,-1,1,1,1,-1,-1,1,1,1,1,-1,1,1,0.008972084149718285
1,-1,1,1,-1,-1,1,-1,1,1,1,-1,1,-1,-1,-1,1,1,-1,-1,0.008972104638814926
1,-1,1,1,-1,-1,1,-1,1,1,1,-1,1,-1,1,1,1,-1,1,1,0.008971620351076126
1,-1,1,1,-1,-1,1,-1,1,1,1,1,-1,1,1,-1,1,1,-1,-1,0.008972149342298508
1,-1,1,1,-1,-1,1,-1,1,1,1,1,1,-1,-1,1,-1,-1,-1,-1,0.008972263894975185
1,-1,1,1,-1,-1,1,-1,1,1,1,1,1,-1,-1,1,1,1,-1,1,0.008972507901489735
1,-1,1,1,-1,-1,1,-1,1,1,1,1,1,1,1,-1,-1,-1,1,1,0.008972182869911194
1,-1,1,1,-1,-1,1,1,-1,-1,-1,-1,-1,1,-1,1,-1,1,-1,1,0.008973276242613792
1,-1,1,1,-1,-1,1,1,-1,-1,-1,-1,1,-1,-1,-1,1,-1,1,-1,0.008971943520009518
1,-1,1,1,-1,-1,1,1,-1,-1,-1,-1,1,1,1,-1,-1,-1,1,-1,0.00897181872278452
1,-1,1,1,-1,-1,1,1,-1,-1,-1,1,-1,1,1,-1,1,1,-1,-1,0.008972284384071827
1,-1,1,1,-1,-1,1,1,-1,-1,-1,1,1,1,-1,-1,-1,1,1,1,0.008972909301519394
1,-1,1,1,-1,-1,1,1,-1,-1,-1,1,1,1,1,-1,-1,1,1,-1,0.008971991017460823
1,-1,1,1,-1,-1,1,1,-1,-1,-1,1,1,1,1,1,1,-1,1,1,0.008971966803073883
1,-1,1,1,-1,-1,1,1,-1,-1,1,-1,-1,-1,1,1,-1,-1,1,-1,0.008971966803073883
1,-1,1,1,-1,-1,1,1,-1,-1,1,-1,-1,1,-1,-1,1,1,-1,1,0.008973145857453346
1,-1,1,1,-1,-1,1,1,-1,-1,1,1,-1,-1,-1,1,-1,-1,1,-1,0.008972558192908764
1,-1,1,1,-1,-1,1,1,-1,-1,1,1,-1,1,1,1,-1,1,-1,1,0.008972886949777603
1,-1,1,1,-1,-1,1,1,-1,-1,1,1,1,-1,-1,1,-1,-1,1,-1,0.00897221826016903
1,-1,1,1,-1,-1,1,1,-1,-1,1,1,1,1,-1,-1,1,1,1,-1,0.008972269482910633
1,-1,1,1,-1,-1,1,1,-1,1,-1,-1,-1,1,-1,-1,1,1,1,1,0.008972994051873684
1,-1,1,1,-1,-1,1,1,-1,1,-1,-1,-1,1,1,-1,1,1,1,1,0.008972489275038242
1,-1,1,1,-1,-1,1,1,-1,1,-1,-1,1,1,-1,1,-1,1,-1,-1,0.008972610346972942
1,-1,1,1,-1,-1,1,1,-1,1,1,-1,-1,-1,-1,-1,1,-1,-1,-1,0.008972609415650368
1,-1,1,1,-1,-1,1,1,-1,1,1,-1,-1,-1,1,-1,-1,1,-1,1,0.00897285994142294
1,-1,1,1,-1,-1,1,1,-1,1,1,-1,-1,1,-1,1,1,-1,1,-1,0.008972426876425743
1,-1,1,1,-1,-1,1,1,-1,1,1,-1,-1,1,1,-1,-1,1,1,-1,0.008972360752522945
1,-1,1,1,-1,-1,1,1,-1,1,1,-1,1,-1,1,-1,-1,1,1,1,0.00897231139242649
1,-1,1,1,-1,-1,1,1,-1,1,1,-1,1,-1,1,1,-1,-1,-1,1,0.008972338400781155
1,-1,1,1,-1,-1,1,1,-1,1,1,-1,1,1,-1,-1,-1,1,1,-1,0.008972525596618652
1,-1,1,1,-1,-1,1,1,-1,1,1,1,-1,-1,-1,-1,1,1,-1,-1,0.008972781710326672
1,-1,1,1,-1,-1,1,1,-1,1,1,1,1,-1,-1,-1,-1,-1,1,-1,0.008972401730716228
1,-1,1,1,-1,-1,1,1,-1,1,1,1,1,-1,-1,1,1,1,-1,-1,0.008972346782684326
1,-1,1,1,-1,-1,1,1,-1,1,1,1,1,1,1,1,-1,1,1,1,0.008972425013780594
1,-1,1,1,-1,-1,1,1,1,-1,-1,-1,1,-1,1,-1,-1,1,-1,1,0.008972504176199436
1,-1,1,1,-1,-1,1,1,1,-1,-1,1,-1,-1,-1,-1,1,1,1,-1,0.00897255539894104
1,-1,1,1,-1,-1,1,1,1,-1,1,1,-1,-1,1,-1,1,-1,-1,1,0.00897261779755354
1,-1,1,1,-1,-1,1,1,1,-1,1,1,-1,1,1,1,-1,-1,-1,-1,0.008972487412393093
1,-1,1,1,-1,-1,1,1,1,-1,1,1,1,-1,1,1,-1,1,-1,-1,0.008972110226750374
1,-1,1,1,-1,-1,1,1,1,-1,1,1,1,1,1,-1,1,1,1,-1,0.008971864357590675
1,-1,1,1,-1,-1,1,1,1,1,-1,-1,1,1,-1,-1,-1,1,-1,-1,0.008972806856036186
1,-1,1,1,-1,-1,1,1,1,1,-1,1,-1,-1,-1,1,-1,1,-1,-1,0.008973011747002602
1,-1,1,1,-1,-1,1,1,1,1,-1,1,-1,-1,1,-1,-1,1,-1,-1,0.00897260382771492
1,-1,1,1,-1,-1,1,1,1,1,-1,1,-1,-1,1,1,-1,1,1,1,0.008972710929811
1,-1,1,1,-1,-1,1,1,1,1,-1,1,-1,1,-1,1,-1,-1,-1,1,0.00897346343845129
1,-1,1,1,-1,-1,1,1,1,1,-1,1,-1,1,1,1,-1,-1,-1,-1,0.00897254515439272
1,-1,1,1,-1,-1,1,1,1,1,-1,1,1,1,1,1,-1,-1,1,1,0.008972409181296825
1,-1,1,1,-1,-1,1,1,1,1,1,-1,-1,1,1,1,-1,1,1,-1,0.008972364477813244
1,-1,1,1,-1,-1,1,1,1,1,1,-1,1,-1,-1,-1,-1,-1,1,1,0.008972829207777977
1,-1,1,1,-1,-1,1,1,1,1,1,-1,1,1,1,1,1,-1,-1,1,0.008972306735813618
1,-1,1,1,-1,-1,1,1,1,1,1,1,-1,-1,1,1,1,1,1,1,0.00897248461842537
1,-1,1,1,-1,-1,1,1,1,1,1,1,1,-1,1,1,-1,1,-1,1,0.008972611278295517
1,-1,1,1,-1,1,-1,-1,-1,-1,-1,-1,1,-1,-1,-1,1,1,-1,-1,0.008971784263849258
1,-1,1,1,-1,1,-1,-1,-1,-1,-1,-1,1,1,-1,-1,-1,1,1,1,0.008972367271780968
1,-1,1,1,-1,1,-1,-1,-1,-1,-1,-1,1,1,1,-1,-1,-1,1,-1,0.008971362374722958
1,-1,1,1,-1,1,-1,-1,-1,-1,-1,1,-1,1,1,1,-1,1,1,1,0.00897219218313694
1,-1,1,1,-1,1,-1,-1,-1,-1,-1,1,1,-1,-1,-1,1,1,-1,-1,0.008971870876848698
1,-1,1,1,-1,1,-1,-1,-1,-1,-1,1,1,1,1,1,-1,1,1,1,0.00897185318171978
1,-1,1,1,-1,1,-1,-1,-1,-1,-1,1,1,1,1,1,1,1,-1,1,0.008971807546913624
1,-1,1,1,-1,1,-1,-1,-1,-1,1,1,-1,-1,-1,1,1,-1,-1,1,0.00897247064858675
1,-1,1,1,-1,1,-1,-1,-1,-1,1,1,-1,-1,1,1,1,-1,-1,1,0.008971965871751308
1,-1,1,1,-1,1,-1,-1,-1,-1,1,1,-1,1,-1,-1,1,-1,1,1,0.008972479961812496
1,-1,1,1,-1,1,-1,-1,-1,1,-1,-1,1,1,1,1,1,1,1,-1,0.008971184492111206
1,-1,1,1,-1,1,-1,-1,-1,1,-1,1,-1,-1,-1,-1,1,-1,-1,1,0.008972624316811562
1,-1,1,1,-1,1,-1,-1,-1,1,-1,1,-1,1,1,1,1,1,1,1,0.008972023613750935
1,-1,1,1,-1,1,-1,-1,-1,1,-1,1,1,-1,-1,1,1,-1,-1,1,0.008972189389169216
1,-1,1,1,-1,1,-1,-1,-1,1,-1,1,1,1,1,-1,-1,1,-1,1,0.008972246199846268
1,-1,1,1,-1,1,-1,-1,-1,1,1,-1,-1,-1,1,1,-1,1,-1,-1,0.008971895091235638
1,-1,1,1,-1,1,-1,-1,-1,1,1,-1,-1,1,1,1,-1,1,-1,-1,0.008972018957138062
1,-1,1,1,-1,1,-1,-1,-1,1,1,-1,1,-1,-1,1,1,-1,1,1,0.008971922099590302
1,-1,1,1,-1,1,-1,-1,-1,1,1,-1,1,-1,1,1,1,1,-1,1,0.008971713483333588
1,-1,1,1,-1,1,-1,-1,-1,1,1,-1,1,1,1,1,-1,1,-1,-1,0.008971679955720901
1,-1,1,1,-1,1,-1,-1,-1,1,1,1,-1,-1,-1,-1,1,1,1,-1,0.008972115814685822
1,-1,1,1,-1,1,-1,-1,-1,1,1,1,-1,1,-1,-1,-1,-1,1,1,0.00897282361984253
1,-1,1,1,-1,1,-1,-1,-1,1,1,1,1,-1,-1,-1,1,1,-1,-1,0.008971987292170525
1,-1,1,1,-1,1,-1,-1,1,-1,-1,-1,-1,-1,-1,-1,-1,-1,1,-1,0.008972182869911194
1,-1,1,1,-1,1,-1,-1,1,-1,-1,-1,-1,-1,-1,-1,1,-1,-1,1,0.008972550742328167
1,-1,1,1,-1,1,-1,-1,1,-1,-1,-1,-1,1,-1,1,1,1,-1,-1,0.00897225085645914
1,-1,1,1,-1,1,-1,-1,1,-1,-1,-1,-1,1,1,-1,1,-1,-1,1,0.00897216983139515
1,-1,1,1,-1,1,-1,-1,1,-1,-1,-1,-1,1,1,1,-1,1,1,-1,0.008971791714429855
1,-1,1,1,-1,1,-1,-1,1,-1,-1,-1,1,-1,1,-1,1,1,-1,-1,0.0089713791385293
1,-1,1,1,-1,1,-1,-1,1,-1,-1,1,-1,1,-1,-1,1,1,1,-1,0.008972222916781902
1,-1,1,1,-1,1,-1,-1,1,-1,-1,1,-1,1,1,-1,1,1,1,1,0.008972132578492165
1,-1,1,1,-1,1,-1,-1,1,-1,-1,1,1,1,1,-1,-1,1,-1,1,0.008972259238362312
1,-1,1,1,-1,1,-1,-1,1,-1,1,-1,-1,-1,1,-1,1,1,-1,1,0.008972161449491978
1,-1,1,1,-1,1,-1,-1,1,-1,1,-1,1,-1,1,1,-1,-1,1,-1,0.00897127203643322
1,-1,1,1,-1,1,-1,-1,1,-1,1,-1,1,1,1,-1,-1,-1,-1,-1,0.008971702307462692
1,-1,1,1,-1,1,-1,-1,1,-1,1,-1,1,1,1,1,1,1,-1,1,0.008971850387752056
1,-1,1,1,-1,1,-1,-1,1,-1,1,1,-1,1,1,-1,-1,-1,1,-1,0.008971917442977428
1,-1,1,1,-1,1,-1,-1,1,1,-1,1,-1,1,-1,-1,1,-1,-1,1,0.008972848765552044
1,-1,1,1,-1,1,-1,-1,1,1,-1,1,-1,1,-1,1,-1,-1,1,1,0.00897279754281044
1,-1,1,1,-1,1,-1,-1,1,1,-1,1,1,1,-1,-1,1,1,-1,-1,0.00897218193858862
1,-1,1,1,-1,1,-1,-1,1,1,1,-1,-1,1,1,1,-1,1,1,-1,0.008971908129751682
1,-1,1,1,-1,1,-1,-1,1,1,1,-1,1,1,-1,1,1,1,-1,-1,0.008972028270363808
1,-1,1,1,-1,1,-1,-1,1,1,1,1,-1,1,1,-1,1,-1,1,1,0.008972163312137127
1,-1,1,1,-1,1,-1,-1,1,1,1,1,1,-1,-1,-1,-1,1,1,1,0.008972546085715294
1,-1,1,1,-1,1,-1,-1,1,1,1,1,1,1,-1,-1,1,1,-1,1,0.008972625248134136
1,-1,1,1,-1,1,-1,1,-1,-1,-1,-1,1,-1,-1,-1,-1,-1,-1,1,0.008972719311714172
1,-1,1,1,-1,1,-1,1,-1,-1,-1,-1,1,1,-1,1,-1,1,-1,-1,0.008972419425845146
1,-1,1,1,-1,1,-1,1,-1,-1,-1,1,-1,-1,-1,-1,1,-1,1,1,0.008972679264843464
1,-1,1,1,-1,1,-1,1,-1,-1,-1,1,-1,-1,-1,1,-1,1,1,-1,0.008972510695457458
1,-1,1,1,-1,1,-1,1,-1,-1,-1,1,-1,1,1,-1,-1,-1,1,1,0.008972554467618465
1,-1,1,1,-1,1,-1,1,-1,-1,-1,1,1,-1,-1,1,-1,-1,1,-1,0.008972086012363434
1,-1,1,1,-1,1,-1,1,-1,-1,-1,1,1,1,-1,-1,1,1,1,1,0.008972549811005592
1,-1,1,1,-1,1,-1,1,-1,-1,1,-1,-1,-1,1,-1,1,1,-1,1,0.008972413837909698
1,-1,1,1,-1,1,-1,1,-1,-1,1,-1,-1,-1,1,1,-1,1,-1,-1,0.008972159586846828
1,-1,1,1,-1,1,-1,1,-1,-1,1,-1,1,1,1,1,-1,1,-1,1,0.008972357958555222
1,-1,1,1,-1,1,-1,1,-1,-1,1,1,-1,-1,-1,1,1,-1,1,-1,0.008972198702394962
1,-1,1,1,-1,1,-1,1,-1,1,1,-1,1,-1,1,-1,-1,-1,1,-1,0.00897170789539814
1,-1,1,1,-1,1,-1,1,-1,1,1,-1,1,-1,1,1,1,-1,-1,-1,0.008971566334366798
1,-1,1,1,-1,1,-1,1,-1,1,1,-1,1,1,-1,1,1,-1,-1,-1,0.00897219404578209
1,-1,1,1,-1,1,-1,1,-1,1,1,1,-1,1,-1,1,1,1,-1,-1,0.008972706273198128
1,-1,1,1,-1,1,-1,1,-1,1,1,1,-1,1,1,1,1,1,-1,1,0.008972615003585815
1,-1,1,1,-1,1,-1,1,-1,1,1,1,1,-1,-1,-1,1,-1,1,1,0.00897245667874813
1,-1,1,1,-1,1,-1,1,-1,1,1,1,1,-1,1,-1,-1,-1,-1,1,0.008972417563199997
1,-1,1,1,-1,1,-1,1,-1,1,1,1,1,-1,1,-1,-1,-1,1,-1,0.008971793577075005
1,-1,1,1,-1,1,-1,1,-1,1,1,1,1,1,-1,-1,-1,-1,-1,-1,0.008972632698714733
1,-1,1,1,-1,1,-1,1,-1,1,1,1,1,1,1,-1,1,-1,-1,-1,0.008971872739493847
1,-1,1,1,-1,1,-1,1,-1,1,1,1,1,1,1,-1,1,1,-1,-1,0.008971958421170712
1,-1,1,1,-1,1,-1,1,1,-1,-1,-1,-1,1,1,-1,-1,1,1,-1,0.008972239680588245
1,-1,1,1,-1,1,-1,1,1,-1,-1,-1,1,-1,-1,-1,-1,1,-1,1,0.008972905576229095
1,-1,1,1,-1,1,-1,1,1,-1,1,-1,-1,-1,-1,1,-1,1,-1,-1,0.008972764015197754
1,-1,1,1,-1,1,-1,1,1,-1,1,-1,-1,-1,-1,1,1,1,1,-1,0.008972298353910446
1,-1,1,1,-1,1,-1,1,1,-1,1,-1,-1,-1,1,-1,-1,-1,1,1,0.008972473442554474
1,-1,1,1,-1,1,-1,1,1,-1,1,-1,-1,-1,1,-1,1,-1,-1,1,0.008972427807748318
1,-1,1,1,-1,1,-1,1,1,-1,1,-1,-1,1,1,1,-1,1,-1,1,0.00897279754281044
1,-1,1,1,-1,1,-1,1,1,-1,1,1,-1,-1,1,-1,-1,-1,-1,-1,0.008972356095910072
1,-1,1,1,-1,1,-1,1,1,-1,1,1,-1,-1,1,1,1,1,1,-1,0.008971880190074444
1,-1,1,1,-1,1,-1,1,1,-1,1,1,1,1,-1,1,-1,-1,1,1,0.008972752839326859
1,-1,1,1,-1,1,-1,1,1,1,-1,-1,-1,-1,-1,-1,-1,1,-1,-1,0.00897291861474514
1,-1,1,1,-1,1,-1,1,1,1,-1,1,1,1,-1,1,1,-1,-1,-1,0.0089723514392972
1,-1,1,1,-1,1,-1,1,1,1,1,-1,-1,-1,-1,-1,1,1,1,1,0.008972895331680775
1,-1,1,1,-1,1,-1,1,1,1,1,-1,1,-1,-1,1,-1,1,1,-1,0.008972302079200745
1,-1,1,1,-1,1,-1,1,1,1,1,1,-1,1,1,-1,-1,1,-1,1,0.008973067626357079
1,-1,1,1,-1,1,-1,1,1,1,1,1,1,-1,-1,1,-1,1,-1,-1,0.008972599171102047
1,-1,1,1,-1,1,-1,1,1,1,1,1,1,1,1,-1,1,-1,1,-1,0.008971761912107468
1,-1,1,1,-1,1,1,-1,-1,-1,-1,-1,-1,-1,1,-1,-1,1,-1,1,0.00897230301052332
1,-1,1,1,-1,1,1,-1,-1,-1,-1,-1,-1,-1,1,-1,1,1,1,1,0.008971837349236012
1,-1,1,1,-1,1,1,-1,-1,-1,-1,1,-1,1,-1,1,-1,1,1,1,0.008972710929811
1,-1,1,1,-1,1,1,-1,-1,-1,-1,1,-1,1,1,1,1,1,1,1,0.008971950970590115
1,-1,1,1,-1,1,1,-1,-1,-1,-1,1,1,-1,1,-1,-1,-1,-1,-1,0.00897155050188303
1,-1,1,1,-1,1,1,-1,-1,-1,1,-1,-1,-1,-1,-1,1,-1,1,1,0.008972284384071827
1,-1,1,1,-1,1,1,-1,-1,-1,1,-1,-1,1,1,1,-1,1,-1,-1,0.008971946313977242
1,-1,1,1,-1,1,1,-1,-1,-1,1,1,1,-1,-1,1,1,1,1,1,0.008972021751105785
1,-1,1,1,-1,1,1,-1,-1,-1,1,1,1,-1,1,1,-1,-1,1,1,0.008971686474978924
1,-1,1,1,-1,1,1,-1,-1,-1,1,1,1,-1,1,1,1,-1,1,1,0.00897143129259348
1,-1,1,1,-1,1,1,-1,-1,1,-1,-1,1,-1,1,-1,-1,1,-1,-1,0.00897163711488247
1,-1,1,1,-1,1,1,-1,-1,1,-1,-1,1,1,-1,-1,1,1,-1,-1,0.00897201057523489
1,-1,1,1,-1,1,1,-1,-1,1,-1,-1,1,1,1,-1,1,-1,-1,-1,0.00897141918540001
1,-1,1,1,-1,1,1,-1,-1,1,-1,1,-1,-1,-1,1,1,-1,-1,1,0.00897254329174757
1,-1,1,1,-1,1,1,-1,-1,1,-1,1,-1,-1,-1,1,1,-1,1,-1,0.008971919305622578
1,-1,1,1,-1,1,1,-1,-1,1,-1,1,-1,1,-1,-1,-1,1,-1,-1,0.008972691372036934
1,-1,1,1,-1,1,1,-1,-1,1,-1,1,-1,1,1,-1,-1,1,-1,1,0.008972601033747196
1,-1,1,1,-1,1,1,-1,-1,1,-1,1,1,-1,-1,1,1,-1,-1,-1,0.008971789851784706
1,-1,1,1,-1,1,1,-1,-1,1,-1,1,1,-1,1,1,-1,1,1,-1,0.00897141732275486
1,-1,1,1,-1,1,1,-1,-1,1,1,-1,1,1,-1,-1,-1,-1,-1,1,0.008972622454166412
1,-1,1,1,-1,1,1,-1,-1,1,1,-1,1,1,1,-1,1,-1,1,-1,0.008971238508820534
1,-1,1,1,-1,1,1,-1,-1,1,1,1,-1,-1,-1,-1,1,-1,-1,-1,0.00897225458174944
1,-1,1,1,-1,1,1,-1,-1,1,1,1,-1,1,-1,1,1,1,1,-1,0.008972158655524254
1,-1,1,1,-1,1,1,-1,-1,1,1,1,1,-1,1,1,-1,-1,1,-1,0.008971360512077808
1,-1,1,1,-1,1,1,-1,-1,1,1,1,1,-1,1,1,-1,1,1,1,0.008971860632300377
1,-1,1,1,-1,1,1,-1,-1,1,1,1,1,1,-1,-1,-1,-1,1,-1,0.00897208508104086
1,-1,1,1,-1,1,1,-1,1,-1,-1,1,-1,-1,1,-1,-1,1,1,-1,0.00897186528891325
1,-1,1,1,-1,1,1,-1,1,-1,-1,1,1,-1,-1,-1,1,-1,-1,-1,0.008971898816525936
1,-1,1,1,-1,1,1,-1,1,-1,-1,1,1,1,1,-1,1,-1,-1,-1,0.008971518836915493
1,-1,1,1,-1,1,1,-1,1,-1,1,-1,-1,1,-1,-1,-1,-1,-1,1,0.008972974494099617
1,-1,1,1,-1,1,1,-1,1,-1,1,-1,-1,1,1,-1,-1,-1,-1,1,0.008972469717264175
1,-1,1,1,-1,1,1,-1,1,-1,1,-1,1,1,-1,1,-1,-1,1,-1,0.00897191558033228
1,-1,1,1,-1,1,1,-1,1,-1,1,1,-1,1,-1,1,-1,1,-1,1,0.008973050862550735
1,-1,1,1,-1,1,1,-1,1,1,-1,1,-1,1,1,1,-1,1,1,1,0.008972394280135632
1,-1,1,1,-1,1,1,-1,1,1,-1,1,1,1,-1,-1,1,1,-1,1,0.008972610346972942
1,-1,1,1,-1,1,1,-1,1,1,1,-1,-1,1,-1,1,-1,-1,1,1,0.008972755633294582
1,-1,1,1,-1,1,1,-1,1,1,1,1,1,1,-1,-1,1,1,1,1,0.008972429670393467
1,-1,1,1,-1,1,1,-1,1,1,1,1,1,1,1,1,1,1,-1,-1,0.008971625007689
1,-1,1,1,-1,1,1,1,-1,-1,-1,-1,-1,1,1,1,-1,-1,1,1,0.00897238589823246
1,-1,1,1,-1,1,1,1,-1,-1,-1,-1,-1,1,1,1,1,1,1,1,0.00897221639752388
1,-1,1,1,-1,1,1,1,-1,-1,1,-1,-1,-1,1,1,1,-1,1,1,0.008972035720944405
1,-1,1,1,-1,1,1,1,-1,-1,1,1,-1,1,1,1,-1,-1,1,1,0.008972502313554287
1,-1,1,1,-1,1,1,1,-1,-1,1,1,1,1,1,1,-1,1,-1,1,0.008972459472715855
1,-1,1,1,-1,1,1,1,-1,1,-1,-1,1,1,-1,1,1,1,-1,1,0.008972680196166039
1,-1,1,1,-1,1,1,1,-1,1,-1,1,1,1,-1,-1,1,1,-1,-1,0.008972449228167534
1,-1,1,1,-1,1,1,1,-1,1,1,-1,-1,-1,1,-1,-1,-1,1,1,0.008972475305199623
1,-1,1,1,-1,1,1,1,-1,1,1,-1,1,1,-1,-1,-1,-1,1,-1,0.008972350507974625
1,-1,1,1,-1,1,1,1,-1,1,1,1,-1,-1,-1,1,-1,-1,1,-1,0.008972556330263615
1,-1,1,1,-1,1,1,1,-1,1,1,1,-1,-1,1,-1,-1,1,1,-1,0.008972234092652798
1,-1,1,1,-1,1,1,1,-1,1,1,1,1,-1,1,1,1,-1,-1,-1,0.008971666917204857
1,-1,1,1,-1,1,1,1,-1,1,1,1,1,1,1,-1,-1,-1,-1,-1,0.008972142823040485
1,-1,1,1,-1,1,1,1,1,-1,-1,-1,-1,1,-1,-1,1,1,-1,1,0.008973128162324429
1,-1,1,1,-1,1,1,1,1,-1,-1,-1,1,-1,-1,1,-1,1,-1,1,0.008972824551165104
1,-1,1,1,-1,1,1,1,1,-1,-1,1,-1,-1,-1,-1,-1,1,-1,1,0.008973346091806889
1,-1,1,1,-1,1,1,1,1,-1,-1,1,1,-1,-1,1,-1,-1,-1,-1,0.008972411043941975
1,-1,1,1,-1,1,1,1,1,-1,-1,1,1,1,-1,-1,-1,-1,1,1,0.00897283386439085
1,-1,1,1,-1,1,1,1,1,-1,-1,1,1,1,-1,1,-1,1,1,-1,0.008972411043941975
1,-1,1,1,-1,1,1,1,1,-1,-1,1,1,1,1,1,-1,-1,1,-1,0.008971819654107094
1,-1,1,1,-1,1,1,1,1,-1,1,-1,1,-1,-1,1,1,-1,1,1,0.00897230114787817
1,-1,1,1,-1,1,1,1,1,-1,1,1,-1,-1,-1,1,-1,-1,-1,1,0.008973192423582077
1,-1,1,1,-1,1,1,1,1,-1,1,1,-1,1,1,-1,1,1,-1,1,0.00897273886948824
1,-1,1,1,-1,1,1,1,1,1,-1,-1,-1,-1,1,-1,-1,-1,-1,-1,0.008972342126071453
1,-1,1,1,-1,1,1,1,1,1,-1,-1,-1,-1,1,1,-1,-1,-1,-1,0.008972246199846268
1,-1,1,1,-1,1,1,1,1,1,-1,-1,-1,1,-1,-1,-1,1,1,-1,0.008972846902906895
1,-1,1,1,-1,1,1,1,1,1,-1,-1,-1,1,1,1,-1,1,1,-1,0.008972246199846268
1,-1,1,1,-1,1,1,1,1,1,-1,-1,1,1,1,1,-1,-1,-1,-1,0.008972031064331532
1,-1,1,1,-1,1,1,1,1,1,-1,1,1,1,1,-1,1,-1,-1,-1,0.008971958421170712
1,-1,1,1,-1,1,1,1,1,1,1,-1,1,1,1,1,1,-1,1,-1,0.008971594274044037
1,-1,1,1,-1,1,1,1,1,1,1,1,1,-1,-1,-1,-1,-1,-1,1,0.008973036892712116
1,-1,1,1,-1,1,1,1,1,1,1,1,1,1,-1,-1,-1,1,-1,-1,0.00897283386439085
1,-1,1,1,-1,1,1,1,1,1,1,1,1,1,-1,1,-1,1,1,1,0.00897294096648693
1,-1,1,1,-1,1,1,1,1,1,1,1,1,1,-1,1,1,-1,-1,-1,0.00897239614278078
1,-1,1,1,1,-1,-1,-1,-1,-1,-1,-1,1,-1,1,1,1,-1,-1,-1,0.008970717899501324
1,-1,1,1,1,-1,-1,-1,-1,-1,-1,1,1,-1,-1,-1,1,-1,1,-1,0.008971194736659527
1,-1,1,1,1,-1,-1,-1,-1,-1,-1,1,1,-1,1,1,-1,1,-1,1,0.008971559815108776
1,-1,1,1,1,-1,-1,-1,-1,-1,1,-1,-1,1,-1,-1,1,1,1,1,0.008972100913524628
1,-1,1,1,1,-1,-1,-1,-1,-1,1,-1,1,-1,-1,-1,-1,-1,1,-1,0.00897139310836792
1,-1,1,1,1,-1,-1,-1,-1,-1,1,-1,1,-1,1,1,-1,1,-1,1,0.00897150207310915
1,-1,1,1,1,-1,-1,-1,-1,-1,1,1,-1,-1,1,-1,1,1,1,-1,0.008971144445240498
1,-1,1,1,1,-1,-1,-1,-1,-1,1,1,-1,1,1,-1,-1,-1,1,-1,0.008971437811851501
1,-1,1,1,1,-1,-1,-1,-1,-1,1,1,1,-1,-1,-1,1,1,-1,-1,0.008971520699560642
1,-1,1,1,1,-1,-1,-1,-1,-1,1,1,1,-1,-1,1,1,1,1,-1,0.008971214294433594
1,-1,1,1,1,-1,-1,-1,-1,-1,1,1,1,-1,1,-1,-1,-1,-1,-1,0.00897118542343378
1,-1,1,1,1,-1,-1,-1,-1,1,-1,-1,1,-1,1,1,-1,1,-1,-1,0.008971147239208221
1,-1,1,1,1,-1,-1,-1,-1,1,-1,-1,1,1,-1,1,-1,-1,1,1,0.008971892297267914
1,-1,1,1,1,-1,-1,-1,-1,1,-1,-1,1,1,1,-1,-1,-1,1,-1,0.008971070870757103
1,-1,1,1,1,-1,-1,-1,-1,1,-1,-1,1,1,1,1,-1,1,-1,-1,0.008971271105110645
1,-1,1,1,1,-1,-1,-1,-1,1,-1,-1,1,1,1,1,1,1,-1,1,0.008971428498625755
1,-1,1,1,1,-1,-1,-1,-1,1,-1,1,-1,-1,-1,1,-1,-1,-1,1,0.008972404524683952
1,-1,1,1,1,-1,-1,-1,-1,1,-1,1,-1,-1,-1,1,1,1,-1,-1,0.008971821516752243
1,-1,1,1,1,-1,-1,-1,-1,1,1,-1,-1,-1,1,1,1,-1,-1,-1,0.00897117331624031
1,-1,1,1,1,-1,-1,-1,-1,1,1,1,1,-1,1,-1,1,1,1,1,0.00897130649536848
1,-1,1,1,1,-1,-1,-1,-1,1,1,1,1,-1,1,1,1,-1,1,-1,0.008970710448920727
1,-1,1,1,1,-1,-1,-1,1,-1,-1,-1,-1,1,1,1,1,-1,-1,1,0.00897169392555952
1,-1,1,1,1,-1,-1,-1,1,-1,-1,-1,-1,1,1,1,1,-1,1,-1,0.008971070870757103
1,-1,1,1,1,-1,-1,-1,1,-1,-1,-1,1,1,1,1,1,1,1,-1,0.008970817551016808
1,-1,1,1,1,-1,-1,-1,1,-1,1,-1,-1,-1,1,1,-1,-1,-1,-1,0.0089714415371418
1,-1,1,1,1,-1,-1,-1,1,-1,1,1,1,1,1,-1,-1,1,-1,1,0.008971909061074257
1,-1,1,1,1,-1,-1,-1,1,1,-1,-1,-1,1,-1,1,-1,1,-1,1,0.00897262804210186
1,-1,1,1,1,-1,-1,-1,1,1,-1,-1,1,-1,-1,-1,-1,-1,1,-1,0.008971551433205605
1,-1,1,1,1,-1,-1,-1,1,1,-1,-1,1,-1,-1,-1,1,-1,1,-1,0.008971295319497585
1,-1,1,1,1,-1,-1,-1,1,1,-1,-1,1,-1,-1,1,-1,1,-1,-1,0.008971751667559147
1,-1,1,1,1,-1,-1,-1,1,1,-1,-1,1,-1,1,-1,1,-1,-1,1,0.008971414528787136
1,-1,1,1,1,-1,-1,-1,1,1,-1,1,-1,1,-1,1,1,-1,1,1,0.008972162380814552
1,-1,1,1,1,-1,-1,-1,1,1,-1,1,1,1,1,-1,1,1,-1,1,0.008971711620688438
1,-1,1,1,1,-1,-1,-1,1,1,1,-1,1,-1,-1,-1,1,1,1,1,0.008971824310719967
1,-1,1,1,1,-1,-1,-1,1,1,1,-1,1,-1,-1,1,-1,1,1,-1,0.008971570059657097
1,-1,1,1,1,-1,-1,-1,1,1,1,1,-1,1,1,-1,1,1,1,-1,0.008971456438302994
1,-1,1,1,1,-1,-1,-1,1,1,1,1,-1,1,1,1,1,-1,-1,-1,0.008971483446657658
1,-1,1,1,1,-1,-1,-1,1,1,1,1,1,-1,-1,1,1,1,-1,1,0.008972025476396084
1,-1,1,1,1,-1,-1,-1,1,1,1,1,1,1,-1,-1,-1,-1,-1,1,0.008972414769232273
1,-1,1,1,1,-1,-1,-1,1,1,1,1,1,1,-1,1,-1,1,1,1,0.00897219404578209
1,-1,1,1,1,-1,-1,1,-1,-1,-1,-1,1,-1,-1,1,1,-1,1,-1,0.008971364237368107
1,-1,1,1,1,-1,-1,1,-1,-1,-1,-1,1,-1,1,-1,1,-1,-1,1,0.008971579372882843
1,-1,1,1,1,-1,-1,1,-1,-1,-1,1,-1,-1,1,-1,-1,1,-1,1,0.008972346782684326
1,-1,1,1,1,-1,-1,1,-1,-1,-1,1,1,-1,1,1,-1,-1,1,1,0.008971615694463253
1,-1,1,1,1,-1,-1,1,-1,-1,1,-1,1,-1,1,-1,1,1,-1,-1,0.008971281349658966
1,-1,1,1,1,-1,-1,1,-1,-1,1,1,1,1,-1,1,-1,1,-1,-1,0.00897215586155653
1,-1,1,1,1,-1,-1,1,-1,-1,1,1,1,1,-1,1,1,-1,1,1,0.008972017094492912
1,-1,1,1,1,-1,-1,1,-1,-1,1,1,1,1,1,1,1,-1,-1,1,0.008971722796559334
1,-1,1,1,1,-1,-1,1,-1,1,-1,-1,-1,-1,-1,1,-1,-1,-1,1,0.008972669951617718
1,-1,1,1,1,-1,-1,1,-1,1,-1,-1,1,1,1,1,-1,1,-1,1,0.00897203665226698
1,-1,1,1,1,-1,-1,1,-1,1,-1,1,-1,-1,-1,1,1,1,1,-1,0.008971963077783585
1,-1,1,1,1,-1,-1,1,-1,1,-1,1,-1,-1,1,-1,-1,-1,1,-1,0.008971724659204483
1,-1,1,1,1,-1,-1,1,-1,1,-1,1,-1,1,1,1,1,1,-1,-1,0.00897179264575243
1,-1,1,1,1,-1,-1,1,-1,1,-1,1,1,-1,1,1,-1,-1,1,-1,0.008971288800239563
1,-1,1,1,1,-1,-1,1,-1,1,1,-1,-1,1,-1,-1,1,1,-1,-1,0.008972336538136005
1,-1,1,1,1,-1,-1,1,-1,1,1,-1,1,-1,1,-1,-1,-1,-1,1,0.00897195190191269
1,-1,1,1,1,-1,-1,1,-1,1,1,-1,1,-1,1,-1,-1,-1,1,-1,0.008971327915787697
1,-1,1,1,1,-1,-1,1,-1,1,1,-1,1,1,-1,-1,1,-1,-1,-1,0.008971910923719406
1,-1,1,1,1,-1,-1,1,-1,1,1,-1,1,1,1,-1,1,1,1,-1,0.00897128228098154
1,-1,1,1,1,-1,-1,1,1,-1,-1,-1,-1,-1,1,-1,-1,1,1,1,0.008972150273621082
1,-1,1,1,1,-1,-1,1,1,-1,-1,1,1,-1,1,-1,-1,-1,-1,1,0.008972021751105785
1,-1,1,1,1,-1,-1,1,1,-1,1,-1,-1,-1,-1,-1,-1,-1,-1,1,0.008972808718681335
1,-1,1,1,1,-1,-1,1,1,-1,1,-1,1,1,-1,1,-1,-1,1,-1,0.008971872739493847
1,-1,1,1,1,-1,-1,1,1,-1,1,1,-1,-1,-1,-1,-1,-1,1,-1,0.008972270414233208
1,-1,1,1,1,-1,-1,1,1,-1,1,1,1,1,-1,-1,1,1,-1,1,0.008972509764134884
1,-1,1,1,1,-1,-1,1,1,-1,1,1,1,1,-1,-1,1,1,1,-1,0.008971885778009892
1,-1,1,1,1,-1,-1,1,1,-1,1,1,1,1,1,-1,-1,-1,1,1,0.008971964940428734
1,-1,1,1,1,-1,-1,1,1,-1,1,1,1,1,1,-1,-1,1,1,1,0.008972050622105598
1,-1,1,1,1,-1,-1,1,1,1,-1,-1,-1,-1,-1,1,1,1,-1,-1,0.008972186595201492
1,-1,1,1,1,-1,-1,1,1,1,-1,1,-1,-1,-1,-1,1,1,-1,-1,0.008972370065748692
1,-1,1,1,1,-1,-1,1,1,1,-1,1,-1,1,1,-1,1,1,1,-1,0.00897177867591381
1,-1,1,1,1,-1,-1,1,1,1,1,-1,-1,-1,-1,-1,-1,-1,1,-1,0.008972271345555782
1,-1,1,1,1,-1,-1,1,1,1,1,-1,-1,-1,-1,1,-1,-1,-1,-1,0.00897238589823246
1,-1,1,1,1,-1,-1,1,1,1,1,-1,-1,1,1,-1,1,1,1,1,0.008972135372459888
1,-1,1,1,1,-1,-1,1,1,1,1,1,-1,-1,1,1,-1,-1,-1,1,0.008972381241619587
1,-1,1,1,1,-1,-1,1,1,1,1,1,-1,1,1,1,1,-1,-1,1,0.008972249925136566
1,-1,1,1,1,-1,1,-1,-1,-1,-1,-1,-1,1,-1,1,1,-1,1,1,0.00897190347313881
1,-1,1,1,1,-1,1,-1,-1,-1,-1,-1,-1,1,1,1,1,1,1,1,0.008971485309302807
1,-1,1,1,1,-1,1,-1,-1,-1,-1,-1,1,-1,-1,-1,-1,1,-1,1,0.008972088806331158
1,-1,1,1,1,-1,1,-1,-1,-1,-1,1,1,-1,-1,-1,1,1,1,-1,0.008971295319497585
1,-1,1,1,1,-1,1,-1,-1,-1,1,-1,-1,-1,-1,-1,-1,-1,-1,1,0.008972370997071266
1,-1,1,1,1,-1,1,-1,-1,-1,1,-1,-1,1,1,-1,1,-1,1,-1,0.008971110917627811
1,-1,1,1,1,-1,1,-1,-1,1,-1,-1,-1,1,1,1,1,1,-1,-1,0.00897136889398098
1,-1,1,1,1,-1,1,-1,-1,1,-1,-1,1,-1,-1,-1,-1,1,1,-1,0.00897155236452818
1,-1,1,1,1,-1,1,-1,-1,1,-1,-1,1,1,1,-1,-1,-1,1,-1,0.008971085771918297
1,-1,1,1,1,-1,1,-1,-1,1,-1,1,-1,-1,-1,-1,-1,-1,1,1,0.008972304873168468
1,-1,1,1,1,-1,1,-1,-1,1,-1,1,-1,-1,1,1,-1,-1,1,1,0.008971704170107841
1,-1,1,1,1,-1,1,-1,-1,1,-1,1,-1,-1,1,1,1,1,-1,-1,0.008971331641077995
1,-1,1,1,1,-1,1,-1,-1,1,-1,1,-1,1,1,-1,1,-1,-1,1,0.00897187925875187
1,-1,1,1,1,-1,1,-1,-1,1,-1,1,1,-1,1,-1,-1,1,1,1,0.008971547707915306
1,-1,1,1,1,-1,1,-1,-1,1,-1,1,1,1,-1,-1,-1,1,1,-1,0.008971762843430042
1,-1,1,1,1,-1,1,-1,-1,1,1,-1,-1,1,1,-1,-1,1,1,1,0.008971953764557838
1,-1,1,1,1,-1,1,-1,-1,1,1,-1,1,-1,-1,-1,1,1,-1,1,0.00897195003926754
1,-1,1,1,1,-1,1,-1,-1,1,1,1,-1,-1,-1,-1,1,1,-1,-1,0.00897196214646101
1,-1,1,1,1,-1,1,-1,-1,1,1,1,-1,1,-1,1,1,1,-1,1,0.008972402662038803
1,-1,1,1,1,-1,1,-1,1,-1,-1,-1,-1,1,-1,-1,-1,1,-1,1,0.0089726522564888
1,-1,1,1,1,-1,1,-1,1,-1,-1,-1,1,-1,-1,-1,-1,-1,-1,1,0.008972102776169777
1,-1,1,1,1,-1,1,-1,1,-1,-1,-1,1,-1,1,-1,1,1,-1,1,0.008971428498625755
1,-1,1,1,1,-1,1,-1,1,-1,-1,-1,1,1,1,-1,-1,-1,1,-1,0.008971097879111767
1,-1,1,1,1,-1,1,-1,1,-1,-1,1,-1,-1,-1,-1,1,1,-1,-1,0.008971945382654667
1,-1,1,1,1,-1,1,-1,1,-1,1,-1,1,1,-1,1,1,-1,-1,1,0.008971904404461384
1,-1,1,1,1,-1,1,-1,1,-1,1,1,1,1,1,-1,1,-1,1,1,0.008971371687948704
1,-1,1,1,1,-1,1,-1,1,1,-1,-1,-1,1,1,1,1,1,1,1,0.008971672505140305
1,-1,1,1,1,-1,1,-1,1,1,-1,-1,1,1,-1,-1,1,-1,1,1,0.008971847593784332
1,-1,1,1,1,-1,1,-1,1,1,-1,1,-1,-1,-1,1,1,-1,-1,1,0.008972263894975185
1,-1,1,1,1,-1,1,-1,1,1,-1,1,-1,1,-1,-1,1,-1,1,1,0.008972273208200932
1,-1,1,1,1,-1,1,-1,1,1,-1,1,-1,1,-1,1,1,-1,-1,1,0.00897238776087761
1,-1,1,1,1,-1,1,-1,1,1,-1,1,-1,1,1,1,-1,-1,1,-1,0.008971515111625195
1,-1,1,1,1,-1,1,-1,1,1,1,-1,-1,-1,-1,-1,1,1,1,1,0.00897217821329832
1,-1,1,1,1,-1,1,-1,1,1,1,-1,-1,1,-1,1,1,1,1,-1,0.00897179264575243
1,-1,1,1,1,-1,1,-1,1,1,1,-1,1,-1,1,1,1,1,-1,1,0.008971448987722397
1,-1,1,1,1,-1,1,-1,1,1,1,-1,1,1,1,1,-1,-1,-1,1,0.0089717423543334
1,-1,1,1,1,-1,1,-1,1,1,1,1,1,1,-1,-1,-1,-1,-1,-1,0.008972016163170338
1,-1,1,1,1,-1,1,1,-1,-1,-1,-1,-1,1,-1,-1,-1,-1,1,-1,0.00897219404578209
1,-1,1,1,1,-1,1,1,-1,-1,-1,-1,-1,1,-1,-1,1,-1,1,-1,0.00897193793207407
1,-1,1,1,1,-1,1,1,-1,-1,-1,-1,-1,1,1,-1,-1,-1,-1,1,0.00897231325507164
1,-1,1,1,1,-1,1,1,-1,-1,-1,-1,1,1,-1,-1,-1,1,1,1,0.008972354233264923
1,-1,1,1,1,-1,1,1,-1,-1,-1,1,1,1,-1,1,1,1,1,-1,0.008971675299108028
1,-1,1,1,1,-1,1,1,-1,-1,1,-1,1,-1,1,-1,1,-1,-1,1,0.008971624076366425
1,-1,1,1,1,-1,1,1,-1,-1,1,1,-1,1,-1,-1,1,-1,-1,1,0.00897267833352089
1,-1,1,1,1,-1,1,1,-1,-1,1,1,-1,1,1,1,-1,-1,1,-1,0.008971708826720715
1,-1,1,1,1,-1,1,1,-1,-1,1,1,1,-1,1,-1,-1,-1,1,1,0.008971755392849445
1,-1,1,1,1,-1,1,1,-1,1,-1,-1,-1,-1,-1,-1,-1,-1,-1,1,0.008972780779004097
1,-1,1,1,1,-1,1,1,-1,1,-1,-1,-1,-1,1,-1,-1,1,-1,-1,0.008971949107944965
1,-1,1,1,1,-1,1,1,-1,1,-1,-1,1,-1,1,1,-1,-1,1,1,0.008971630595624447
1,-1,1,1,1,-1,1,1,-1,1,-1,-1,1,1,1,-1,1,1,-1,1,0.008971892297267914
1,-1,1,1,1,-1,1,1,-1,1,-1,1,-1,-1,1,1,-1,1,1,1,0.008972142823040485
1,-1,1,1,1,-1,1,1,-1,1,-1,1,-1,1,-1,1,1,-1,1,1,0.008972429670393467
1,-1,1,1,1,-1,1,1,-1,1,1,-1,-1,1,1,-1,-1,-1,1,1,0.008972219191491604
1,-1,1,1,1,-1,1,1,-1,1,1,-1,-1,1,1,-1,1,-1,-1,1,0.008972174488008022
1,-1,1,1,1,-1,1,1,-1,1,1,-1,-1,1,1,1,-1,1,1,1,0.008972209878265858
1,-1,1,1,1,-1,1,1,1,-1,-1,1,-1,1,1,-1,1,1,-1,1,0.008972330018877983
1,-1,1,1,1,-1,1,1,1,-1,-1,1,-1,1,1,1,-1,-1,-1,1,0.008972403593361378
1,-1,1,1,1,-1,1,1,1,-1,-1,1,-1,1,1,1,1,-1,-1,-1,0.00897173397243023
1,-1,1,1,1,-1,1,1,1,-1,1,-1,-1,-1,1,-1,1,1,1,-1,0.008971525356173515
1,-1,1,1,1,-1,1,1,1,-1,1,-1,1,-1,-1,-1,1,-1,-1,-1,0.00897181499749422
1,-1,1,1,1,-1,1,1,1,-1,1,1,-1,-1,-1,-1,1,-1,1,-1,0.008972030133008957
1,-1,1,1,1,-1,1,1,1,-1,1,1,-1,-1,1,-1,-1,-1,-1,-1,0.008971991017460823
1,-1,1,1,1,-1,1,1,1,-1,1,1,-1,1,1,-1,-1,-1,1,-1,0.008971905335783958
1,-1,1,1,1,-1,1,1,1,-1,1,1,-1,1,1,-1,-1,1,1,1,0.008972404524683952
1,-1,1,1,1,-1,1,1,1,1,-1,-1,-1,1,-1,1,-1,-1,1,-1,0.008972285315394402
1,-1,1,1,1,-1,1,1,1,1,-1,1,-1,1,-1,1,1,1,-1,-1,0.00897241197526455
1,-1,1,1,1,-1,1,1,1,1,-1,1,-1,1,1,-1,-1,-1,1,1,0.008972376585006714
1,-1,1,1,1,-1,1,1,1,1,-1,1,1,-1,-1,1,-1,1,1,1,0.00897240824997425
1,-1,1,1,1,-1,1,1,1,1,-1,1,1,1,-1,-1,1,1,1,-1,0.008971959352493286
1,-1,1,1,1,-1,1,1,1,1,-1,1,1,1,1,1,1,-1,-1,-1,0.008971482515335083
1,-1,1,1,1,-1,1,1,1,1,1,-1,-1,-1,-1,1,-1,1,1,1,0.00897269044071436
1,-1,1,1,1,-1,1,1,1,1,1,-1,-1,1,-1,-1,1,-1,1,1,0.008972568437457085
1,-1,1,1,1,-1,1,1,1,1,1,-1,-1,1,1,-1,-1,1,-1,-1,0.00897220242768526
1,-1,1,1,1,-1,1,1,1,1,1,-1,1,-1,-1,1,-1,-1,1,1,0.00897226482629776
1,-1,1,1,1,-1,1,1,1,1,1,-1,1,1,1,-1,-1,-1,-1,-1,0.008971776813268661
1,-1,1,1,1,-1,1,1,1,1,1,1,-1,-1,-1,-1,-1,1,1,-1,0.008972459472715855
1,-1,1,1,1,-1,1,1,1,1,1,1,-1,-1,-1,-1,1,1,1,-1,0.008972203359007835
1,-1,1,1,1,-1,1,1,1,1,1,1,-1,-1,1,1,1,1,-1,-1,0.008971813134849072
1,-1,1,1,1,-1,1,1,1,1,1,1,1,-1,-1,-1,-1,-1,1,-1,0.008972033858299255
1,-1,1,1,1,-1,1,1,1,1,1,1,1,-1,1,-1,1,1,-1,-1,0.008971570059657097
1,-1,1,1,1,1,-1,-1,-1,-1,-1,-1,-1,-1,-1,-1,1,1,1,1,0.008971858769655228
1,-1,1,1,1,1,-1,-1,-1,-1,-1,-1,1,-1,-1,1,-1,-1,-1,1,0.00897180289030075
1,-1,1,1,1,1,-1,-1,-1,-1,1,-1,1,-1,-1,-1,1,-1,1,-1,0.008971048519015312
1,-1,1,1,1,1,-1,-1,-1,-1,1,1,-1,-1,-1,1,-1,1,-1,1,0.008972343988716602
1,-1,1,1,1,1,-1,-1,-1,-1,1,1,-1,1,-1,-1,1,-1,1,-1,0.008971597999334335
1,-1,1,1,1,1,-1,-1,-1,-1,1,1,1,-1,-1,1,1,-1,-1,-1,0.008971248753368855
1,-1,1,1,1,1,-1,-1,-1,-1,1,1,1,-1,1,-1,-1,1,-1,-1,0.008971182629466057
1,-1,1,1,1,1,-1,-1,-1,1,-1,-1,1,-1,1,1,-1,1,-1,1,0.008971471339464188
1,-1,1,1,1,1,-1,-1,-1,1,-1,1,-1,-1,-1,-1,1,-1,1,1,0.008971946313977242
1,-1,1,1,1,1,-1,-1,-1,1,-1,1,1,1,-1,1,1,-1,-1,1,0.008971844799816608
1,-1,1,1,1,1,-1,-1,-1,1,1,1,1,1,1,-1,-1,1,1,-1,0.008971183560788631
1,-1,1,1,1,1,-1,-1,-1,1,1,1,1,1,1,-1,1,-1,1,1,0.008971255272626877
1,-1,1,1,1,1,-1,-1,1,-1,-1,-1,-1,1,1,-1,1,-1,1,1,0.00897149182856083
1,-1,1,1,1,1,-1,-1,1,-1,-1,-1,1,1,-1,1,-1,-1,1,1,0.00897181686013937
1,-1,1,1,1,1,-1,-1,1,-1,-1,1,-1,1,1,-1,1,1,1,-1,0.008971250616014004
1,-1,1,1,1,1,-1,-1,1,-1,-1,1,1,-1,-1,-1,1,1,1,1,0.00897170603275299
1,-1,1,1,1,1,-1,-1,1,-1,-1,1,1,-1,-1,1,1,-1,1,1,0.008971523493528366
1,-1,1,1,1,1,-1,-1,1,-1,-1,1,1,1,1,-1,-1,-1,1,1,0.008971494622528553
1,-1,1,1,1,1,-1,-1,1,-1,1,-1,1,-1,1,-1,-1,1,1,1,0.008971399627625942
1,-1,1,1,1,1,-1,-1,1,-1,1,1,-1,1,-1,1,-1,1,-1,-1,0.00897215399891138
1,-1,1,1,1,1,-1,-1,1,-1,1,1,1,-1,-1,-1,1,-1,1,-1,0.008971234783530235
1,-1,1,1,1,1,-1,-1,1,-1,1,1,1,1,1,-1,-1,-1,1,1,0.008971523493528366
1,-1,1,1,1,1,-1,-1,1,1,-1,-1,1,1,-1,-1,-1,-1,-1,1,0.008972209878265858
1,-1,1,1,1,1,-1,-1,1,1,-1,-1,1,1,-1,-1,1,-1,-1,1,0.008971954695880413
1,-1,1,1,1,1,-1,-1,1,1,-1,1,-1,-1,-1,-1,-1,-1,1,-1,0.00897188764065504
1,-1,1,1,1,1,-1,-1,1,1,-1,1,-1,-1,-1,1,-1,-1,-1,1,0.008972415700554848
1,-1,1,1,1,1,-1,-1,1,1,-1,1,-1,-1,1,-1,1,1,1,-1,0.008971214294433594
1,-1,1,1,1,1,-1,-1,1,1,-1,1,-1,-1,1,1,-1,1,1,-1,0.008971373550593853
1,-1,1,1,1,1,-1,1,-1,-1,-1,-1,-1,-1,-1,1,-1,-1,-1,1,0.008972493931651115
1,-1,1,1,1,1,-1,1,-1,-1,-1,-1,-1,-1,1,1,1,1,1,-1,0.008971195667982101
1,-1,1,1,1,1,-1,1,-1,-1,-1,-1,-1,1,1,-1,1,-1,-1,-1,0.00897154025733471
1,-1,1,1,1,1,-1,1,-1,-1,-1,1,-1,-1,-1,1,-1,-1,1,1,0.008972370065748692
1,-1,1,1,1,1,-1,1,-1,-1,-1,1,-1,1,-1,1,1,-1,-1,1,0.00897244829684496
1,-1,1,1,1,1,-1,1,-1,-1,1,-1,1,1,-1,-1,1,-1,-1,-1,0.008971734903752804
1,-1,1,1,1,1,-1,1,-1,-1,1,-1,1,1,1,1,-1,-1,1,1,0.008971593342721462
1,-1,1,1,1,1,-1,1,-1,-1,1,1,-1,-1,-1,-1,1,1,1,-1,0.008971912786364555
1,-1,1,1,1,1,-1,1,-1,-1,1,1,-1,1,-1,-1,-1,-1,1,-1,0.00897220615297556
1,-1,1,1,1,1,-1,1,-1,-1,1,1,1,1,-1,-1,-1,1,1,-1,0.008971952833235264
1,-1,1,1,1,1,-1,1,-1,1,-1,-1,-1,1,-1,-1,1,-1,1,1,0.00897233560681343
1,-1,1,1,1,1,-1,1,-1,1,-1,-1,1,-1,1,1,1,-1,-1,1,0.008971481584012508
1,-1,1,1,1,1,-1,1,-1,1,-1,-1,1,1,-1,-1,-1,-1,1,1,0.008972251787781715
1,-1,1,1,1,1,-1,1,-1,1,-1,1,-1,-1,-1,1,1,1,1,1,0.008972288109362125
1,-1,1,1,1,1,-1,1,-1,1,-1,1,1,-1,1,1,-1,-1,-1,-1,0.008971410803496838
1,-1,1,1,1,1,-1,1,-1,1,-1,1,1,1,-1,1,1,1,1,-1,0.00897165946662426
1,-1,1,1,1,1,-1,1,-1,1,1,-1,-1,-1,1,1,-1,1,-1,-1,0.00897177867591381
1,-1,1,1,1,1,-1,1,-1,1,1,-1,1,-1,-1,-1,-1,-1,1,1,0.00897215772420168
1,-1,1,1,1,1,-1,1,-1,1,1,1,-1,-1,-1,-1,-1,1,1,-1,0.008972255513072014
1,-1,1,1,1,1,-1,1,-1,1,1,1,-1,-1,1,1,-1,1,-1,-1,0.00897186528891325
1,-1,1,1,1,1,-1,1,-1,1,1,1,-1,-1,1,1,1,1,-1,-1,0.00897160917520523
1,-1,1,1,1,1,-1,1,-1,1,1,1,-1,1,-1,1,1,1,-1,1,0.008972651325166225
1,-1,1,1,1,1,-1,1,-1,1,1,1,1,-1,1,-1,-1,-1,1,1,0.008971739560365677
1,-1,1,1,1,1,-1,1,1,-1,-1,-1,-1,-1,-1,1,-1,1,1,1,0.008972469717264175
1,-1,1,1,1,1,-1,1,1,-1,-1,-1,-1,1,-1,-1,-1,-1,-1,1,0.008972814306616783
1,-1,1,1,1,1,-1,1,1,-1,-1,-1,-1,1,1,-1,-1,-1,-1,-1,0.008971896022558212
1,-1,1,1,1,1,-1,1,1,-1,-1,-1,1,1,-1,-1,1,-1,-1,-1,0.008971805684268475
1,-1,1,1,1,1,-1,1,1,-1,-1,-1,1,1,-1,1,1,1,-1,1,0.008972208946943283
1,-1,1,1,1,1,-1,1,1,-1,-1,1,-1,1,1,1,-1,-1,1,-1,0.008971676230430603
1,-1,1,1,1,1,-1,1,1,-1,-1,1,1,1,-1,-1,1,-1,1,1,0.00897209532558918
1,-1,1,1,1,1,-1,1,1,-1,1,-1,-1,-1,-1,-1,-1,1,-1,1,0.008972805924713612
1,-1,1,1,1,1,-1,1,1,-1,1,-1,-1,1,-1,-1,1,1,-1,-1,0.008972260169684887
1,-1,1,1,1,1,-1,1,1,-1,1,-1,1,1,-1,1,1,1,-1,1,0.00897223874926567
1,-1,1,1,1,1,-1,1,1,-1,1,1,-1,-1,-1,1,-1,-1,1,-1,0.008972086012363434
1,-1,1,1,1,1,-1,1,1,-1,1,1,-1,1,-1,1,-1,1,1,-1,0.008972295559942722
1,-1,1,1,1,1,-1,1,1,-1,1,1,-1,1,-1,1,1,1,-1,-1,0.00897225085645914
1,-1,1,1,1,1,-1,1,1,1,-1,-1,1,-1,-1,-1,1,1,-1,1,0.008972268551588058
1,-1,1,1,1,1,-1,1,1,1,-1,-1,1,-1,-1,-1,1,1,1,1,0.00897205900400877
1,-1,1,1,1,1,-1,1,1,1,-1,1,1,-1,-1,-1,-1,-1,-1,1,0.008972524665296078
1,-1,1,1,1,1,-1,1,1,1,-1,1,1,1,1,1,1,1,1,-1,0.008971254341304302
1,-1,1,1,1,1,-1,1,1,1,1,-1,-1,-1,-1,1,1,1,1,-1,0.008971917442977428
1,-1,1,1,1,1,-1,1,1,1,1,-1,-1,1,-1,1,1,1,1,1,0.008972454816102982
1,-1,1,1,1,1,-1,1,1,1,1,1,-1,-1,-1,1,-1,-1,1,1,0.008972587063908577
1,-1,1,1,1,1,-1,1,1,1,1,1,-1,1,1,-1,-1,1,1,-1,0.008971975184977055
1,-1,1,1,1,1,-1,1,1,1,1,1,1,1,-1,-1,-1,1,-1,1,0.008972764015197754
1,-1,1,1,1,1,-1,1,1,1,1,1,1,1,-1,1,1,-1,1,-1,0.008971702307462692
1,-1,1,1,1,1,1,-1,-1,-1,-1,-1,1,-1,-1,-1,-1,1,-1,1,0.00897200033068657
1,-1,1,1,1,1,1,-1,-1,-1,-1,-1,1,1,-1,-1,1,-1,1,1,0.008971571922302246
1,-1,1,1,1,1,1,-1,-1,-1,-1,-1,1,1,1,-1,-1,-1,-1,-1,0.008971119299530983
1,-1,1,1,1,1,1,-1,-1,-1,-1,1,-1,-1,1,1,-1,-1,1,1,0.00897152815014124
1,-1,1,1,1,1,1,-1,-1,-1,-1,1,-1,-1,1,1,1,-1,-1,1,0.008971482515335083
1,-1,1,1,1,1,1,-1,-1,-1,-1,1,1,-1,-1,1,-1,-1,1,-1,0.008971280418336391
1,-1,1,1,1,1,1,-1,-1,-1,-1,1,1,1,1,-1,1,-1,-1,1,0.008971364237368107
1,-1,1,1,1,1,1,-1,-1,-1,1,-1,-1,1,-1,-1,-1,1,-1,-1,0.008972078561782837
1,-1,1,1,1,1,1,-1,-1,-1,1,-1,1,-1,-1,-1,1,1,-1,-1,0.008971359580755234
1,-1,1,1,1,1,1,-1,-1,-1,1,-1,1,1,1,-1,-1,1,1,-1,0.008971025235950947
1,-1,1,1,1,1,1,-1,-1,-1,1,-1,1,1,1,-1,1,-1,1,-1,0.008970682509243488
1,-1,1,1,1,1,1,-1,-1,1,-1,-1,-1,1,1,1,1,-1,-1,-1,0.008971193805336952
1,-1,1,1,1,1,1,-1,-1,1,-1,-1,1,-1,1,1,-1,1,-1,1,0.008971486240625381
1,-1,1,1,1,1,1,-1,-1,1,-1,-1,1,1,1,-1,1,1,1,1,0.008971240371465683
1,-1,1,1,1,1,1,-1,-1,1,-1,1,1,1,1,-1,-1,-1,-1,1,0.008971706964075565
1,-1,1,1,1,1,1,-1,-1,1,-1,1,1,1,1,1,1,-1,-1,-1,0.008970941416919231
1,-1,1,1,1,1,1,-1,-1,1,-1,1,1,1,1,1,1,-1,-1,1,0.00897135492414236
1,-1,1,1,1,1,1,-1,-1,1,1,-1,1,-1,1,1,1,1,-1,-1,0.00897084642201662
1,-1,1,1,1,1,1,-1,-1,1,1,1,-1,1,1,1,1,1,1,1,0.008971599861979485
1,-1,1,1,1,1,1,-1,-1,1,1,1,1,-1,1,-1,1,-1,1,1,0.008971146307885647
1,-1,1,1,1,1,1,-1,-1,1,1,1,1,1,-1,-1,-1,1,1,1,0.008972116746008396
1,-1,1,1,1,1,1,-1,-1,1,1,1,1,1,1,-1,1,1,-1,1,0.008971567265689373
1,-1,1,1,1,1,1,-1,1,-1,1,-1,-1,-1,-1,-1,1,1,-1,-1,0.008971799165010452
1,-1,1,1,1,1,1,-1,1,-1,1,-1,-1,-1,1,-1,-1,-1,1,1,0.008971667848527431
1,-1,1,1,1,1,1,-1,1,-1,1,-1,-1,1,1,-1,-1,-1,1,-1,0.008971377275884151
1,-1,1,1,1,1,1,-1,1,-1,1,-1,-1,1,1,1,-1,1,-1,-1,0.008971577510237694
1,-1,1,1,1,1,1,-1,1,-1,1,1,1,-1,1,-1,-1,-1,1,1,0.008971414528787136
1,-1,1,1,1,1,1,-1,1,-1,1,1,1,-1,1,1,-1,1,1,1,0.008971404284238815
1,-1,1,1,1,1,1,-1,1,-1,1,1,1,1,-1,-1,1,1,1,-1,0.008971460163593292
1,-1,1,1,1,1,1,-1,1,-1,1,1,1,1,-1,1,-1,-1,1,1,0.008971947245299816
1,-1,1,1,1,1,1,-1,1,-1,1,1,1,1,1,1,1,1,1,1,0.008971272967755795
1,-1,1,1,1,1,1,-1,1,1,-1,-1,-1,1,-1,-1,-1,1,1,1,0.008972439914941788
1,-1,1,1,1,1,1,-1,1,1,-1,-1,-1,1,-1,-1,1,1,1,1,0.008972184732556343
1,-1,1,1,1,1,1,-1,1,1,-1,-1,1,1,-1,1,1,1,1,-1,0.008971335366368294
1,-1,1,1,1,1,1,-1,1,1,-1,1,-1,1,1,-1,-1,1,-1,1,0.008972232230007648
1,-1,1,1,1,1,1,-1,1,1,-1,1,1,1,-1,1,1,-1,-1,-1,0.008971545845270157
1,-1,1,1,1,1,1,-1,1,1,1,-1,-1,-1,1,1,-1,1,-1,-1,0.008971541188657284
1,-1,1,1,1,1,1,-1,1,1,1,-1,1,1,-1,-1,-1,-1,1,-1,0.008971630595624447
1,-1,1,1,1,1,1,-1,1,1,1,1,-1,-1,-1,-1,-1,-1,-1,1,0.008972556330263615
1,-1,1,1,1,1,1,-1,1,1,1,1,-1,-1,-1,-1,-1,-1,1,-1,0.008971932344138622
1,-1,1,1,1,1,1,-1,1,1,1,1,-1,1,1,-1,-1,-1,-1,-1,0.008971761912107468
1,-1,1,1,1,1,1,-1,1,1,1,1,-1,1,1,-1,1,1,-1,-1,0.008971592411398888
1,-1,1,1,1,1,1,-1,1,1,1,1,1,-1,1,1,-1,1,-1,1,0.008971702307462692
1,-1,1,1,1,1,1,1,-1,-1,-1,1,-1,-1,-1,-1,-1,1,1,1,0.00897256750613451
1,-1,1,1,1,1,1,1,-1,-1,-1,1,-1,-1,-1,-1,1,1,-1,-1,0.008972108364105225
1,-1,1,1,1,1,1,1,-1,-1,-1,1,-1,1,-1,-1,1,1,-1,1,0.008972645737230778
1,-1,1,1,1,1,1,1,-1,-1,-1,1,-1,1,-1,1,-1,1,-1,-1,0.008972391486167908
1,-1,1,1,1,1,1,1,-1,-1,1,-1,-1,-1,1,-1,-1,1,-1,-1,0.008971801958978176
1,-1,1,1,1,1,1,1,-1,-1,1,-1,-1,1,1,-1,1,-1,1,-1,0.008971374481916428
1,-1,1,1,1,1,1,1,-1,-1,1,-1,1,-1,-1,1,-1,-1,1,-1,0.00897157471626997
1,-1,1,1,1,1,1,1,-1,-1,1,-1,1,1,-1,-1,-1,1,1,1,0.008972295559942722
1,-1,1,1,1,1,1,1,-1,-1,1,1,-1,-1,1,-1,1,1,1,-1,0.008971422910690308
1,-1,1,1,1,1,1,1,-1,-1,1,1,-1,1,-1,-1,-1,-1,-1,-1,0.008972431533038616
1,-1,1,1,1,1,1,1,-1,-1,1,1,-1,1,1,1,-1,1,-1,1,0.008972330018877983
1,-1,1,1,1,1,1,1,-1,-1,1,1,1,-1,1,1,-1,-1,1,-1,0.008971156552433968
1,-1,1,1,1,1,1,1,-1,-1,1,1,1,1,1,-1,-1,1,-1,1,0.008972086943686008
1,-1,1,1,1,1,1,1,-1,-1,1,1,1,1,1,-1,1,-1,-1,-1,0.008971331641077995
1,-1,1,1,1,1,1,1,-1,-1,1,1,1,1,1,-1,1,-1,1,1,0.008971535600721836
1,-1,1,1,1,1,1,1,-1,-1,1,1,1,1,1,-1,1,1,-1,-1,0.008971418254077435
1,-1,1,1,1,1,1,1,-1,1,-1,-1,1,-1,-1,1,-1,1,-1,-1,0.008971929550170898
1,-1,1,1,1,1,1,1,-1,1,-1,-1,1,1,1,-1,-1,1,-1,1,0.00897205900400877
1,-1,1,1,1,1,1,1,-1,1,-1,1,-1,-1,-1,-1,1,-1,-1,1,0.008972522802650928
1,-1,1,1,1,1,1,1,-1,1,-1,1,-1,1,-1,1,-1,-1,-1,1,0.008972806856036186
1,-1,1,1,1,1,1,1,-1,1,-1,1,1,-1,-1,1,1,1,1,-1,0.00897155050188303
1,-1,1,1,1,1,1,1,-1,1,-1,1,1,-1,1,-1,1,-1,1,1,0.008971469476819038
1,-1,1,1,1,1,1,1,-1,1,1,-1,-1,-1,-1,-1,1,1,1,-1,0.008971928618848324
1,-1,1,1,1,1,1,1,-1,1,1,-1,-1,-1,-1,1,1,-1,1,1,0.008972159586846828
1,-1,1,1,1,1,1,1,-1,1,1,-1,-1,1,-1,1,-1,-1,-1,-1,0.00897233560681343
1,-1,1,1,1,1,1,1,-1,1,1,-1,1,-1,-1,-1,1,1,1,-1,0.008971589617431164
1,-1,1,1,1,1,1,1,-1,1,1,-1,1,-1,-1,1,1,-1,1,-1,0.00897140707820654
1,-1,1,1,1,1,1,1,-1,1,1,-1,1,1,-1,-1,-1,-1,-1,1,0.00897250697016716
1,-1,1,1,1,1,1,1,-1,1,1,1,-1,-1,-1,-1,-1,-1,1,1,0.008972598239779472
1,-1,1,1,1,1,1,1,-1,1,1,1,-1,-1,-1,-1,-1,1,1,1,0.008972683921456337
1,-1,1,1,1,1,1,1,-1,1,1,1,-1,-1,-1,1,-1,1,1,1,0.008972587995231152
1,-1,1,1,1,1,1,1,-1,1,1,1,-1,1,-1,1,-1,-1,1,1,0.008972625248134136
1,-1,1,1,1,1,1,1,-1,1,1,1,1,1,-1,1,-1,-1,-1,-1,0.00897208321839571
1,-1,1,1,1,1,1,1,1,-1,-1,-1,-1,-1,-1,1,-1,-1,1,1,0.008972398936748505
1,-1,1,1,1,1,1,1,1,-1,-1,-1,1,1,-1,-1,1,1,-1,-1,0.008971906267106533
1,-1,1,1,1,1,1,1,1,-1,-1,1,-1,1,1,1,1,1,-1,-1,0.008971731178462505
1,-1,1,1,1,1,1,1,1,-1,-1,1,1,-1,-1,-1,1,-1,-1,-1,0.008971783332526684
1,-1,1,1,1,1,1,1,1,-1,-1,1,1,1,1,-1,1,-1,1,1,0.008971605449914932
1,-1,1,1,1,1,1,1,1,-1,-1,1,1,1,1,1,-1,-1,1,1,0.008971765637397766
1,-1,1,1,1,1,1,1,1,-1,1,-1,-1,-1,-1,-1,1,-1,1,1,0.008972268551588058
1,-1,1,1,1,1,1,1,1,1,-1,-1,-1,-1,-1,-1,-1,1,1,1,0.008972668088972569
1,-1,1,1,1,1,1,1,1,1,-1,-1,1,-1,-1,-1,-1,1,1,1,0.008972329087555408
1,-1,1,1,1,1,1,1,1,1,-1,-1,1,-1,-1,1,1,-1,1,-1,0.00897147785872221
1,-1,1,1,1,1,1,1,1,1,-1,-1,1,-1,1,1,-1,1,1,1,0.008971728384494781
1,-1,1,1,1,1,1,1,1,1,-1,1,1,-1,-1,-1,1,1,-1,1,0.008972370065748692
1,-1,1,1,1,1,1,1,1,1,-1,1,1,-1,-1,1,1,1,-1,1,0.008972274139523506
1,-1,1,1,1,1,1,1,1,1,-1,1,1,1,1,-1,-1,1,1,1,0.00897203478962183
1,-1,1,1,1,1,1,1,1,1,-1,1,1,1,1,1,-1,-1,-1,-1,0.00897164922207594
1,-1,1,1,1,1,1,1,1,1,1,-1,-1,-1,1,-1,1,1,1,-1,0.008971523493528366
1,-1,1,1,1,1,1,1,1,1,1,-1,1,-1,-1,-1,-1,-1,-1,1,0.00897248275578022
1,-1,1,1,1,1,1,1,1,1,1,1,-1,-1,1,-1,1,1,1,1,0.008972023613750935
1,-1,1,1,1,1,1,1,1,1,1,1,-1,-1,1,1,-1,-1,-1,-1,0.008971893228590488
1,-1,1,1,1,1,1,1,1,1,1,1,1,-1,-1,-1,1,-1,1,-1,0.008971689268946648
1,-1,1,1,1,1,1,1,1,1,1,1,1,-1,1,1,-1,-1,1,1,0.00897175818681717
1,1,-1,-1,-1,-1,-1,-1,-1,-1,-1,-1,-1,-1,-1,1,1,1,-1,1,0.008971829898655415
1,1,-1,-1,-1,-1,-1,-1,-1,-1,-1,-1,-1,-1,1,1,1,1,-1,-1,0.008970911614596844
1,1,-1,-1,-1,-1,-1,-1,-1,-1,-1,-1,-1,1,-1,-1,-1,1,-1,1,0.008972305804491043
1,1,-1,-1,-1,-1,-1,-1,-1,-1,-1,-1,-1,1,-1,-1,1,-1,-1,-1,0.00897155050188303
1,1,-1,-1,-1,-1,-1,-1,-1,-1,-1,-1,1,-1,1,1,-1,1,1,-1,0.00897061824798584
1,1,-1,-1,-1,-1,-1,-1,-1,-1,-1,-1,1,1,-1,-1,-1,1,-1,1,0.008971966803073883
1,1,-1,-1,-1,-1,-1,-1,-1,-1,-1,1,-1,-1,-1,-1,1,-1,1,1,0.008971716277301311
1,1,-1,-1,-1,-1,-1,-1,-1,-1,-1,1,-1,-1,-1,1,-1,-1,1,1,0.00897187553346157
1,1,-1,-1,-1,-1,-1,-1,-1,-1,-1,1,-1,1,-1,-1,-1,-1,1,1,0.008972096256911755
1,1,-1,-1,-1,-1,-1,-1,-1,-1,1,-1,-1,-1,-1,-1,1,1,-1,1,0.008971955627202988
1,1,-1,-1,-1,-1,-1,-1,-1,-1,1,-1,-1,-1,1,1,1,1,1,1,0.008971144445240498
1,1,-1,-1,-1,-1,-1,-1,-1,-1,1,1,-1,-1,1,-1,-1,-1,1,-1,0.008971082977950573
1,1,-1,-1,-1,-1,-1,-1,-1,-1,1,1,1,-1,-1,-1,-1,1,1,-1,0.00897133443504572
1,1,-1,-1,-1,-1,-1,-1,-1,-1,1,1,1,-1,-1,-1,1,-1,1,-1,0.008970992639660835
1,1,-1,-1,-1,-1,-1,-1,-1,-1,1,1,1,1,1,1,1,1,-1,1,0.008971226401627064
1,1,-1,-1,-1,-1,-1,-1,-1,1,-1,-1,-1,-1,1,-1,-1,-1,1,1,0.008971468545496464
1,1,-1,-1,-1,-1,-1,-1,-1,1,-1,-1,-1,-1,1,1,-1,-1,1,1,0.008971371687948704
1,1,-1,-1,-1,-1,-1,-1,-1,1,-1,-1,-1,-1,1,1,1,-1,-1,-1,0.008970912545919418
1,1,-1,-1,-1,-1,-1,-1,-1,1,-1,1,-1,-1,-1,1,1,-1,-1,1,0.008971917442977428
1,1,-1,-1,-1,-1,-1,-1,-1,1,1,-1,-1,1,-1,-1,1,-1,-1,1,0.008972080424427986
1,1,-1,-1,-1,-1,-1,-1,-1,1,1,-1,-1,1,-1,-1,1,1,1,-1,0.008971543051302433
1,1,-1,-1,-1,-1,-1,-1,-1,1,1,-1,1,-1,-1,-1,1,1,-1,-1,0.008971289731562138
1,1,-1,-1,-1,-1,-1,-1,-1,1,1,-1,1,-1,1,1,1,-1,1,1,0.008970806375145912
1,1,-1,-1,-1,-1,-1,-1,-1,1,1,1,-1,1,-1,-1,-1,-1,-1,1,0.008972423151135445
1,1,-1,-1,-1,-1,-1,-1,-1,1,1,1,-1,1,-1,1,-1,1,1,1,0.00897220242768526
1,1,-1,-1,-1,-1,-1,-1,-1,1,1,1,-1,1,1,-1,1,-1,1,1,0.008971452713012695
1,1,-1,-1,-1,-1,-1,-1,1,-1,-1,-1,-1,1,-1,-1,-1,1,1,-1,0.008971781469881535
1,1,-1,-1,-1,-1,-1,-1,1,-1,-1,-1,-1,1,-1,-1,1,1,1,1,0.00897193979471922
1,1,-1,-1,-1,-1,-1,-1,1,-1,-1,-1,-1,1,-1,1,-1,-1,-1,-1,0.008971809409558773
1,1,-1,-1,-1,-1,-1,-1,1,-1,-1,-1,-1,1,1,-1,1,1,-1,-1,0.008971231989562511
1,1,-1,-1,-1,-1,-1,-1,1,-1,-1,-1,1,-1,1,-1,-1,-1,-1,1,0.008971352130174637
1,1,-1,-1,-1,-1,-1,-1,1,-1,-1,-1,1,1,-1,1,1,1,-1,1,0.008971714414656162
1,1,-1,-1,-1,-1,-1,-1,1,-1,-1,1,-1,-1,1,-1,-1,-1,-1,1,0.008971777744591236
1,1,-1,-1,-1,-1,-1,-1,1,-1,-1,1,-1,-1,1,-1,1,1,-1,-1,0.008971194736659527
1,1,-1,-1,-1,-1,-1,-1,1,-1,-1,1,1,1,-1,-1,1,1,1,1,0.008971687406301498
1,1,-1,-1,-1,-1,-1,-1,1,-1,1,-1,-1,1,1,-1,-1,-1,-1,1,0.008971844799816608
1,1,-1,-1,-1,-1,-1,-1,1,-1,1,1,-1,-1,1,-1,1,1,-1,1,0.00897163711488247
1,1,-1,-1,-1,-1,-1,-1,1,-1,1,1,-1,-1,1,-1,1,1,1,-1,0.008971013128757477
1,1,-1,-1,-1,-1,-1,-1,1,-1,1,1,1,1,-1,-1,1,1,-1,1,0.008971926756203175
1,1,-1,-1,-1,-1,-1,-1,1,-1,1,1,1,1,-1,1,1,1,-1,1,0.00897183082997799
1,1,-1,-1,-1,-1,-1,-1,1,1,-1,-1,-1,-1,-1,1,1,1,-1,1,0.008972017094492912
1,1,-1,-1,-1,-1,-1,-1,1,1,-1,-1,-1,1,-1,1,-1,-1,-1,1,0.008972310461103916
1,1,-1,-1,-1,-1,-1,-1,1,1,-1,-1,-1,1,-1,1,1,-1,1,1,0.008971844799816608
1,1,-1,-1,-1,-1,-1,-1,1,1,-1,-1,1,-1,1,1,-1,-1,-1,1,0.00897134281694889
1,1,-1,-1,-1,-1,-1,-1,1,1,-1,1,-1,-1,-1,-1,-1,1,-1,1,0.008972455747425556
1,1,-1,-1,-1,-1,-1,-1,1,1,-1,1,-1,-1,-1,1,-1,1,1,1,0.008972149342298508
1,1,-1,-1,-1,-1,-1,-1,1,1,-1,1,-1,-1,-1,1,1,1,1,-1,0.00897147972136736
1,1,-1,-1,-1,-1,-1,-1,1,1,-1,1,1,-1,-1,1,1,1,1,1,0.008971554227173328
1,1,-1,-1,-1,-1,-1,-1,1,1,1,1,1,1,-1,-1,-1,-1,-1,-1,0.00897177029401064
1,1,-1,-1,-1,-1,-1,1,-1,-1,-1,-1,-1,-1,1,1,-1,1,1,-1,0.008971309289336205
1,1,-1,-1,-1,-1,-1,1,-1,-1,-1,-1,-1,1,1,1,1,1,-1,1,0.008971801958978176
1,1,-1,-1,-1,-1,-1,1,-1,-1,-1,-1,1,-1,1,-1,1,1,-1,1,0.008971435017883778
1,1,-1,-1,-1,-1,-1,1,-1,-1,-1,-1,1,-1,1,-1,1,1,1,1,0.008971224538981915
1,1,-1,-1,-1,-1,-1,1,-1,-1,-1,1,1,1,1,-1,1,-1,-1,1,0.008971558883786201
1,1,-1,-1,-1,-1,-1,1,-1,-1,1,-1,-1,1,-1,-1,-1,1,-1,1,0.008972687646746635
1,1,-1,-1,-1,-1,-1,1,-1,-1,1,1,-1,-1,-1,1,-1,-1,-1,1,0.008972466923296452
1,1,-1,-1,-1,-1,-1,1,-1,-1,1,1,1,1,-1,-1,1,-1,-1,-1,0.008971679024398327
1,1,-1,-1,-1,-1,-1,1,-1,1,-1,-1,-1,-1,-1,-1,-1,1,1,1,0.008972411043941975
1,1,-1,-1,-1,-1,-1,1,-1,1,-1,-1,-1,-1,1,1,-1,1,1,1,0.008971810340881348
1,1,-1,-1,-1,-1,-1,1,-1,1,-1,1,-1,-1,1,-1,-1,1,-1,-1,0.008971789851784706
1,1,-1,-1,-1,-1,-1,1,-1,1,-1,1,1,-1,1,1,1,-1,1,1,0.008971216157078743
1,1,-1,-1,-1,-1,-1,1,-1,1,1,-1,-1,-1,-1,1,1,1,1,1,0.008972088806331158
1,1,-1,-1,-1,-1,-1,1,-1,1,1,-1,1,-1,1,-1,1,-1,-1,-1,0.008971051312983036
1,1,-1,-1,-1,-1,-1,1,-1,1,1,-1,1,1,-1,-1,1,-1,-1,-1,0.008971679955720901
1,1,-1,-1,-1,-1,-1,1,-1,1,1,-1,1,1,-1,1,1,-1,1,-1,0.008971373550593853
1,1,-1,-1,-1,-1,-1,1,-1,1,1,-1,1,1,1,1,-1,1,-1,-1,0.008971421048045158
1,1,-1,-1,-1,-1,-1,1,-1,1,1,-1,1,1,1,1,1,-1,1,-1,0.008970868773758411
1,1,-1,-1,-1,-1,-1,1,1,-1,-1,-1,-1,1,1,-1,1,-1,-1,1,0.00897191185504198
1,1,-1,-1,-1,-1,-1,1,1,-1,-1,-1,1,1,1,1,1,-1,-1,1,0.00897147599607706
1,1,-1,-1,-1,-1,-1,1,1,-1,-1,1,-1,1,-1,-1,-1,-1,1,-1,0.008972134441137314
1,1,-1,-1,-1,-1,-1,1,1,-1,-1,1,1,1,-1,-1,-1,-1,1,1,0.008972208946943283
1,1,-1,-1,-1,-1,-1,1,1,-1,1,-1,1,-1,-1,1,-1,-1,-1,1,0.00897214189171791
1,1,-1,-1,-1,-1,-1,1,1,-1,1,1,-1,1,-1,-1,1,-1,-1,1,0.008972532115876675
1,1,-1,-1,-1,-1,-1,1,1,-1,1,1,1,-1,-1,1,1,-1,-1,-1,0.008971558883786201
1,1,-1,-1,-1,-1,-1,1,1,1,-1,-1,-1,-1,-1,1,1,-1,1,1,0.00897207297384739
1,1,-1,-1,-1,-1,-1,1,1,1,-1,-1,-1,1,-1,-1,1,-1,-1,1,0.008972503244876862
1,1,-1,-1,-1,-1,-1,1,1,1,-1,-1,-1,1,-1,1,1,-1,-1,-1,0.008971993811428547
1,1,-1,-1,-1,-1,-1,1,1,1,-1,-1,1,-1,-1,-1,1,1,-1,1,0.008972126059234142
1,1,-1,-1,-1,-1,-1,1,1,1,-1,-1,1,1,1,1,1,1,1,-1,0.008971026167273521
1,1,-1,-1,-1,-1,-1,1,1,1,-1,1,-1,-1,-1,1,1,1,1,-1,0.008971831761300564
1,1,-1,-1,-1,-1,-1,1,1,1,1,-1,-1,-1,1,-1,1,-1,1,-1,0.008971280418336391
1,1,-1,-1,-1,-1,-1,1,1,1,1,1,-1,-1,-1,-1,1,-1,1,1,0.008972285315394402
1,1,-1,-1,-1,-1,-1,1,1,1,1,1,-1,1,1,1,1,-1,-1,-1,0.008971604518592358
1,1,-1,-1,-1,-1,-1,1,1,1,1,1,1,-1,-1,-1,1,1,-1,1,0.00897224247455597
1,1,-1,-1,-1,-1,-1,1,1,1,1,1,1,-1,1,-1,1,-1,-1,1,0.008971651084721088
1,1,-1,-1,-1,-1,-1,1,1,1,1,1,1,1,1,-1,-1,-1,1,-1,0.00897140707820654
1,1,-1,-1,-1,-1,1,-1,-1,-1,-1,-1,-1,-1,-1,-1,-1,1,-1,-1,0.008971783332526684
1,1,-1,-1,-1,-1,1,-1,-1,-1,-1,-1,-1,-1,-1,1,-1,1,-1,1,0.008972100913524628
1,1,-1,-1,-1,-1,1,-1,-1,-1,-1,-1,-1,-1,1,-1,1,1,-1,1,0.008971436880528927
1,1,-1,-1,-1,-1,1,-1,-1,-1,-1,-1,-1,1,1,-1,1,1,-1,1,0.00897156074643135
1,1,-1,-1,-1,-1,1,-1,-1,-1,-1,-1,1,-1,-1,-1,1,-1,1,1,0.008971305564045906
1,1,-1,-1,-1,-1,1,-1,-1,-1,-1,-1,1,-1,1,1,1,1,-1,1,0.008971001021564007
1,1,-1,-1,-1,-1,1,-1,-1,-1,-1,-1,1,1,-1,-1,-1,1,1,1,0.008971771225333214
1,1,-1,-1,-1,-1,1,-1,-1,-1,-1,1,-1,1,1,-1,1,1,-1,-1,0.008971232920885086
1,1,-1,-1,-1,-1,1,-1,-1,-1,-1,1,1,-1,1,1,1,-1,1,-1,0.008970377035439014
1,1,-1,-1,-1,-1,1,-1,-1,-1,-1,1,1,1,1,1,1,1,1,-1,0.008970587514340878
1,1,-1,-1,-1,-1,1,-1,-1,-1,1,-1,1,-1,-1,1,-1,-1,1,-1,0.008971080183982849
1,1,-1,-1,-1,-1,1,-1,-1,-1,1,1,-1,-1,1,-1,1,-1,1,1,0.008971256203949451
1,1,-1,-1,-1,-1,1,-1,-1,-1,1,1,1,1,-1,-1,-1,1,1,1,0.008971886709332466
1,1,-1,-1,-1,-1,1,-1,-1,1,-1,-1,1,1,-1,1,-1,-1,-1,-1,0.008971473202109337
1,1,-1,-1,-1,-1,1,-1,-1,1,-1,1,-1,-1,-1,-1,1,1,-1,1,0.008972114883363247
1,1,-1,-1,-1,-1,1,-1,-1,1,-1,1,-1,1,1,1,1,-1,1,-1,0.008970927447080612
1,1,-1,-1,-1,-1,1,-1,-1,1,-1,1,-1,1,1,1,1,1,1,-1,0.008971014060080051
1,1,-1,-1,-1,-1,1,-1,-1,1,-1,1,1,-1,-1,-1,-1,1,1,-1,0.00897140707820654
1,1,-1,-1,-1,-1,1,-1,-1,1,1,1,1,-1,-1,1,1,-1,-1,1,0.008971622213721275
1,1,-1,-1,-1,-1,1,-1,-1,1,1,1,1,-1,1,-1,1,-1,-1,-1,0.008970800787210464
1,1,-1,-1,-1,-1,1,-1,-1,1,1,1,1,1,-1,-1,-1,-1,-1,-1,0.008971684612333775
1,1,-1,-1,-1,-1,1,-1,1,-1,-1,-1,-1,-1,1,-1,1,-1,-1,1,0.008971449919044971
1,1,-1,-1,-1,-1,1,-1,1,-1,-1,-1,-1,1,-1,-1,1,1,1,-1,0.008971541188657284
1,1,-1,-1,-1,-1,1,-1,1,-1,-1,-1,-1,1,1,-1,-1,1,-1,1,0.00897191558033228
1,1,-1,-1,-1,-1,1,-1,1,-1,-1,-1,1,1,1,1,-1,1,-1,-1,0.008971067145466805
1,1,-1,-1,-1,-1,1,-1,1,-1,-1,1,-1,-1,-1,-1,-1,1,1,1,0.008972172625362873
1,1,-1,-1,-1,-1,1,-1,1,-1,-1,1,-1,-1,-1,1,-1,-1,-1,-1,0.008971787057816982
1,1,-1,-1,-1,-1,1,-1,1,-1,-1,1,-1,1,-1,1,1,1,1,1,0.008971945382654667
1,1,-1,-1,-1,-1,1,-1,1,-1,-1,1,-1,1,1,-1,-1,1,1,1,0.00897179264575243
1,1,-1,-1,-1,-1,1,-1,1,-1,-1,1,1,-1,-1,1,-1,1,-1,1,0.00897194817662239
1,1,-1,-1,-1,-1,1,-1,1,-1,-1,1,1,1,1,1,1,-1,-1,1,0.00897122547030449
1,1,-1,-1,-1,-1,1,-1,1,-1,1,-1,-1,-1,1,-1,1,1,-1,1,0.008971565403044224
1,1,-1,-1,-1,-1,1,-1,1,-1,1,-1,1,1,-1,-1,1,1,-1,-1,0.0089714415371418
1,1,-1,-1,-1,-1,1,-1,1,-1,1,-1,1,1,1,-1,1,1,-1,-1,0.008970936760306358
1,1,-1,-1,-1,-1,1,-1,1,-1,1,1,1,-1,1,1,-1,-1,-1,1,0.008971386589109898
1,1,-1,-1,-1,-1,1,-1,1,1,-1,-1,1,-1,-1,1,1,1,1,-1,0.008971069008111954
1,1,-1,-1,-1,-1,1,-1,1,1,-1,-1,1,-1,1,1,-1,-1,-1,1,0.008971357718110085
1,1,-1,-1,-1,-1,1,-1,1,1,-1,1,-1,1,1,-1,1,-1,-1,-1,0.00897133443504572
1,1,-1,-1,-1,-1,1,-1,1,1,-1,1,-1,1,1,1,-1,1,1,-1,0.008971369825303555
1,1,-1,-1,-1,-1,1,-1,1,1,-1,1,1,1,1,1,1,1,1,1,0.008971188217401505
1,1,-1,-1,-1,-1,1,-1,1,1,1,-1,-1,-1,1,1,-1,-1,-1,1,0.008971726521849632
1,1,-1,-1,-1,-1,1,-1,1,1,1,-1,-1,1,-1,-1,1,-1,1,1,0.008971985429525375
1,1,-1,-1,-1,-1,1,-1,1,1,1,-1,1,1,1,-1,1,1,1,-1,0.008970813825726509
1,1,-1,-1,-1,-1,1,-1,1,1,1,1,-1,-1,-1,-1,1,1,-1,1,0.008972244337201118
1,1,-1,-1,-1,-1,1,1,-1,-1,-1,-1,-1,1,-1,1,1,1,-1,-1,0.008971907198429108
1,1,-1,-1,-1,-1,1,1,-1,-1,-1,-1,-1,1,1,-1,-1,1,1,-1,0.008971543982625008
1,1,-1,-1,-1,-1,1,1,-1,-1,-1,-1,1,-1,1,1,-1,-1,-1,-1,0.008971109054982662
1,1,-1,-1,-1,-1,1,1,-1,-1,-1,-1,1,1,-1,-1,1,1,-1,-1,0.008971664123237133
1,1,-1,-1,-1,-1,1,1,-1,-1,-1,1,-1,-1,1,1,1,1,-1,1,0.00897177867591381
1,1,-1,-1,-1,-1,1,1,-1,-1,-1,1,-1,1,-1,-1,-1,-1,-1,1,0.008972672745585442
1,1,-1,-1,-1,-1,1,1,-1,-1,1,-1,-1,-1,1,-1,1,1,-1,1,0.008971817791461945
1,1,-1,-1,-1,-1,1,1,-1,-1,1,-1,-1,-1,1,1,1,-1,1,1,0.008971425704658031
1,1,-1,-1,-1,-1,1,1,-1,-1,1,-1,-1,1,-1,-1,-1,1,1,1,0.008972492069005966
1,1,-1,-1,-1,-1,1,1,-1,-1,1,-1,-1,1,1,-1,-1,1,1,-1,0.008971573784947395
1,1,-1,-1,-1,-1,1,1,-1,-1,1,-1,1,-1,1,1,1,-1,-1,1,0.00897129625082016
1,1,-1,-1,-1,-1,1,1,-1,-1,1,-1,1,1,-1,-1,1,1,1,-1,0.008971483446657658
1,1,-1,-1,-1,-1,1,1,-1,-1,1,1,-1,-1,1,-1,-1,-1,-1,-1,0.008971660397946835
1,1,-1,-1,-1,-1,1,1,-1,-1,1,1,1,-1,-1,-1,1,1,-1,1,0.008972070179879665
1,1,-1,-1,-1,-1,1,1,-1,1,-1,-1,-1,1,1,-1,-1,1,1,1,0.00897204503417015
1,1,-1,-1,-1,-1,1,1,-1,1,-1,-1,-1,1,1,1,1,1,-1,1,0.00897190347313881
1,1,-1,-1,-1,-1,1,1,-1,1,-1,-1,1,-1,-1,-1,-1,1,1,-1,0.00897167343646288
1,1,-1,-1,-1,-1,1,1,-1,1,-1,-1,1,-1,-1,-1,1,-1,-1,1,0.008971954695880413
1,1,-1,-1,-1,-1,1,1,-1,1,-1,1,-1,1,-1,-1,-1,1,-1,-1,0.00897243246436119
1,1,-1,-1,-1,-1,1,1,-1,1,-1,1,1,-1,1,-1,-1,-1,1,-1,0.008971168659627438
1,1,-1,-1,-1,-1,1,1,-1,1,1,-1,-1,-1,-1,-1,-1,1,1,1,0.008972454816102982
1,1,-1,-1,-1,-1,1,1,-1,1,1,1,-1,-1,1,-1,-1,-1,1,1,0.008971950970590115
1,1,-1,-1,-1,-1,1,1,-1,1,1,1,-1,1,1,-1,-1,1,1,1,0.008972161449491978
1,1,-1,-1,-1,-1,1,1,-1,1,1,1,1,1,1,-1,-1,-1,-1,-1,0.008971531875431538
1,1,-1,-1,-1,-1,1,1,-1,1,1,1,1,1,1,1,1,1,-1,1,0.008971679955720901
1,1,-1,-1,-1,-1,1,1,1,-1,-1,-1,1,-1,-1,1,-1,1,-1,1,0.008972213603556156
1,1,-1,-1,-1,-1,1,1,1,-1,-1,-1,1,1,1,1,-1,-1,-1,-1,0.00897133257240057
1,1,-1,-1,-1,-1,1,1,1,-1,-1,1,-1,-1,-1,1,-1,-1,1,-1,0.008971928618848324
1,1,-1,-1,-1,-1,1,1,1,-1,-1,1,-1,-1,-1,1,1,-1,-1,-1,0.008971883915364742
1,1,-1,-1,-1,-1,1,1,1,-1,-1,1,-1,-1,1,-1,-1,1,-1,-1,0.00897181686013937
1,1,-1,-1,-1,-1,1,1,1,-1,-1,1,-1,-1,1,1,1,-1,1,-1,0.008971168659627438
1,1,-1,-1,-1,-1,1,1,1,-1,-1,1,1,1,-1,1,1,1,1,-1,0.008971543982625008
1,1,-1,-1,-1,-1,1,1,1,-1,1,-1,-1,-1,-1,1,-1,-1,1,1,0.008972285315394402
1,1,-1,-1,-1,-1,1,1,1,-1,1,-1,-1,1,-1,1,-1,-1,-1,1,0.008972619660198689
1,1,-1,-1,-1,-1,1,1,1,-1,1,-1,1,1,-1,1,-1,-1,1,1,0.008972070179879665
1,1,-1,-1,-1,-1,1,1,1,-1,1,1,-1,-1,-1,1,1,-1,-1,1,0.008972326293587685
1,1,-1,-1,-1,-1,1,1,1,-1,1,1,-1,-1,-1,1,1,1,1,1,0.00897220242768526
1,1,-1,-1,-1,-1,1,1,1,-1,1,1,-1,-1,1,1,1,-1,-1,1,0.008971821516752243
1,1,-1,-1,-1,-1,1,1,1,-1,1,1,1,-1,-1,-1,1,-1,1,-1,0.008971459232270718
1,1,-1,-1,-1,-1,1,1,1,-1,1,1,1,-1,-1,1,1,1,1,-1,0.008971449919044971
1,1,-1,-1,-1,-1,1,1,1,-1,1,1,1,1,-1,1,-1,-1,1,-1,0.008971743285655975
1,1,-1,-1,-1,-1,1,1,1,1,-1,-1,-1,-1,-1,1,1,1,1,1,0.008972173556685448
1,1,-1,-1,-1,-1,1,1,1,1,-1,-1,-1,1,1,-1,1,-1,-1,-1,0.008971599861979485
1,1,-1,-1,-1,-1,1,1,1,1,-1,-1,-1,1,1,1,-1,1,1,1,0.00897204875946045
1,1,-1,-1,-1,-1,1,1,1,1,-1,-1,1,-1,1,1,1,1,-1,1,0.00897154025733471
1,1,-1,-1,-1,-1,1,1,1,1,1,-1,-1,-1,-1,1,1,-1,1,-1,0.008971703238785267
1,1,-1,-1,-1,-1,1,1,1,1,1,1,1,1,-1,-1,-1,1,-1,-1,0.008972222916781902
1,1,-1,-1,-1,1,-1,-1,-1,-1,-1,-1,-1,-1,-1,-1,1,-1,1,1,0.008971541188657284
1,1,-1,-1,-1,1,-1,-1,-1,-1,-1,-1,-1,1,-1,-1,1,1,-1,-1,0.008971547707915306
1,1,-1,-1,-1,1,-1,-1,-1,-1,-1,-1,1,-1,-1,-1,1,-1,1,1,0.008971202187240124
1,1,-1,-1,-1,1,-1,-1,-1,-1,-1,1,-1,-1,1,1,1,1,1,1,0.00897111278027296
1,1,-1,-1,-1,1,-1,-1,-1,-1,-1,1,1,-1,-1,-1,1,1,-1,1,0.00897158496081829
1,1,-1,-1,-1,1,-1,-1,-1,-1,-1,1,1,1,-1,1,-1,1,-1,-1,0.008971454575657845
1,1,-1,-1,-1,1,-1,-1,-1,-1,-1,1,1,1,1,1,1,-1,-1,-1,0.008970608003437519
1,1,-1,-1,-1,1,-1,-1,-1,-1,1,-1,-1,1,1,1,-1,1,-1,1,0.00897164549678564
1,1,-1,-1,-1,1,-1,-1,-1,-1,1,-1,1,-1,-1,1,-1,-1,1,1,0.008971390314400196
1,1,-1,-1,-1,1,-1,-1,-1,-1,1,-1,1,-1,1,-1,-1,-1,1,1,0.008970982395112514
1,1,-1,-1,-1,1,-1,-1,-1,-1,1,1,1,-1,-1,1,-1,-1,-1,1,0.008971687406301498
1,1,-1,-1,-1,1,-1,-1,-1,-1,1,1,1,-1,1,-1,-1,-1,-1,-1,0.008970865048468113
1,1,-1,-1,-1,1,-1,-1,-1,-1,1,1,1,-1,1,-1,-1,-1,1,-1,0.008970655500888824
1,1,-1,-1,-1,1,-1,-1,-1,1,-1,-1,1,-1,1,1,1,1,1,1,0.008970774710178375
1,1,-1,-1,-1,1,-1,-1,-1,1,-1,1,-1,1,1,1,-1,-1,-1,-1,0.008971289731562138
1,1,-1,-1,-1,1,-1,-1,-1,1,-1,1,-1,1,1,1,-1,-1,-1,1,0.008971704170107841
1,1,-1,-1,-1,1,-1,-1,-1,1,-1,1,1,-1,1,-1,-1,-1,-1,-1,0.008970923721790314
1,1,-1,-1,-1,1,-1,-1,-1,1,-1,1,1,1,-1,1,1,1,-1,1,0.008971699513494968
1,1,-1,-1,-1,1,-1,-1,-1,1,-1,1,1,1,1,1,1,1,1,-1,0.008970571681857109
1,1,-1,-1,-1,1,-1,-1,-1,1,1,-1,-1,-1,-1,-1,-1,-1,1,-1,0.008971499279141426
1,1,-1,-1,-1,1,-1,-1,-1,1,1,-1,-1,-1,1,-1,1,1,-1,-1,0.008971035480499268
1,1,-1,-1,-1,1,-1,-1,-1,1,1,-1,-1,1,-1,-1,-1,1,-1,-1,0.008971920236945152
1,1,-1,-1,-1,1,-1,-1,-1,1,1,1,-1,1,1,1,1,1,-1,1,0.008971563540399075
1,1,-1,-1,-1,1,-1,-1,1,-1,-1,-1,-1,-1,-1,-1,-1,1,1,-1,0.008971569128334522
1,1,-1,-1,-1,1,-1,-1,1,-1,-1,-1,-1,-1,1,1,-1,1,-1,-1,0.008971178904175758
1,1,-1,-1,-1,1,-1,-1,1,-1,-1,-1,1,1,-1,1,1,1,-1,1,0.008971625939011574
1,1,-1,-1,-1,1,-1,-1,1,-1,1,-1,1,1,-1,1,-1,1,1,1,0.008971700444817543
1,1,-1,-1,-1,1,-1,-1,1,-1,1,1,-1,-1,-1,1,1,-1,-1,-1,0.008971457369625568
1,1,-1,-1,-1,1,-1,-1,1,-1,1,1,1,-1,-1,-1,1,1,-1,-1,0.008971299976110458
1,1,-1,-1,-1,1,-1,-1,1,-1,1,1,1,-1,1,1,-1,-1,1,1,0.008971072733402252
1,1,-1,-1,-1,1,-1,-1,1,-1,1,1,1,1,-1,1,1,1,1,-1,0.008971117436885834
1,1,-1,-1,-1,1,-1,-1,1,1,-1,-1,-1,-1,1,1,1,-1,1,1,0.008971127681434155
1,1,-1,-1,-1,1,-1,-1,1,1,-1,1,-1,-1,1,-1,1,-1,1,-1,0.00897089671343565
1,1,-1,-1,-1,1,-1,-1,1,1,-1,1,-1,1,-1,1,-1,-1,1,-1,0.008971684612333775
1,1,-1,-1,-1,1,-1,-1,1,1,-1,1,1,1,1,1,-1,1,1,-1,0.008970926515758038
1,1,-1,-1,-1,1,-1,-1,1,1,1,-1,-1,1,-1,1,-1,1,-1,1,0.00897233746945858
1,1,-1,-1,-1,1,-1,-1,1,1,1,-1,1,-1,-1,-1,-1,1,-1,1,0.008971970528364182
1,1,-1,-1,-1,1,-1,-1,1,1,1,-1,1,1,-1,1,1,1,-1,-1,0.008971328847110271
1,1,-1,-1,-1,1,-1,-1,1,1,1,-1,1,1,1,1,-1,1,-1,-1,0.008971080183982849
1,1,-1,-1,-1,1,-1,-1,1,1,1,1,-1,-1,1,-1,1,-1,-1,1,0.008971549570560455
1,1,-1,-1,-1,1,-1,-1,1,1,1,1,-1,-1,1,-1,1,1,-1,-1,0.008971222676336765
1,1,-1,-1,-1,1,-1,-1,1,1,1,1,-1,1,1,1,-1,-1,-1,-1,0.00897141918540001
1,1,-1,-1,-1,1,-1,-1,1,1,1,1,1,-1,-1,-1,-1,1,1,-1,0.008971433155238628
1,1,-1,-1,-1,1,-1,-1,1,1,1,1,1,1,1,-1,-1,-1,1,-1,0.008970966562628746
1,1,-1,-1,-1,1,-1,1,-1,-1,-1,-1,-1,-1,1,1,1,1,-1,1,0.00897158868610859
1,1,-1,-1,-1,1,-1,1,-1,-1,-1,-1,-1,1,-1,1,-1,1,-1,-1,0.00897205900400877
1,1,-1,-1,-1,1,-1,1,-1,-1,-1,-1,-1,1,1,-1,-1,1,1,-1,0.008971440605819225
1,1,-1,-1,-1,1,-1,1,-1,-1,-1,1,-1,-1,-1,-1,1,1,-1,1,0.008972276002168655
1,1,-1,-1,-1,1,-1,1,-1,-1,-1,1,-1,1,1,1,1,1,-1,1,0.008971799165010452
1,1,-1,-1,-1,1,-1,1,-1,-1,-1,1,1,1,-1,1,1,1,1,-1,0.008971340954303741
1,1,-1,-1,-1,1,-1,1,-1,-1,1,-1,-1,1,1,-1,1,1,-1,1,0.008971838280558586
1,1,-1,-1,-1,1,-1,1,-1,-1,1,-1,-1,1,1,1,1,1,-1,1,0.0089717423543334
1,1,-1,-1,-1,1,-1,1,-1,-1,1,-1,1,-1,1,-1,1,1,-1,-1,0.008970961906015873
1,1,-1,-1,-1,1,-1,1,-1,-1,1,-1,1,-1,1,1,-1,1,1,1,0.008971324190497398
1,1,-1,-1,-1,1,-1,1,-1,-1,1,1,-1,1,1,-1,1,1,-1,1,0.008971924893558025
1,1,-1,-1,-1,1,-1,1,-1,-1,1,1,1,-1,-1,1,-1,1,1,1,0.00897191558033228
1,1,-1,-1,-1,1,-1,1,-1,-1,1,1,1,-1,1,-1,-1,-1,1,1,0.008971421048045158
1,1,-1,-1,-1,1,-1,1,-1,-1,1,1,1,-1,1,1,-1,1,1,1,0.008971410803496838
1,1,-1,-1,-1,1,-1,1,-1,-1,1,1,1,1,-1,1,1,1,-1,1,0.008971993811428547
1,1,-1,-1,-1,1,-1,1,-1,1,-1,-1,-1,1,1,-1,1,-1,1,1,0.008971599861979485
1,1,-1,-1,-1,1,-1,1,-1,1,-1,1,-1,1,-1,1,1,-1,1,1,0.008972094394266605
1,1,-1,-1,-1,1,-1,1,-1,1,-1,1,-1,1,-1,1,1,1,1,-1,0.008971767500042915
1,1,-1,-1,-1,1,-1,1,-1,1,-1,1,1,1,-1,1,-1,-1,-1,1,0.008972221054136753
1,1,-1,-1,-1,1,-1,1,-1,1,1,-1,-1,-1,1,-1,1,-1,-1,1,0.008971715345978737
1,1,-1,-1,-1,1,-1,1,-1,1,1,-1,-1,-1,1,1,-1,1,-1,1,0.008971961215138435
1,1,-1,-1,-1,1,-1,1,-1,1,1,-1,-1,1,1,1,-1,-1,1,-1,0.008971375413239002
1,1,-1,-1,-1,1,-1,1,-1,1,1,1,1,-1,-1,-1,-1,-1,1,-1,0.00897159893065691
1,1,-1,-1,-1,1,-1,1,1,-1,-1,-1,-1,1,-1,1,1,1,1,-1,0.008971692994236946
1,1,-1,-1,-1,1,-1,1,1,-1,-1,-1,1,-1,-1,-1,-1,-1,-1,1,0.00897211953997612
1,1,-1,-1,-1,1,-1,1,1,-1,-1,-1,1,-1,1,1,1,-1,-1,1,0.008971263654530048
1,1,-1,-1,-1,1,-1,1,1,-1,-1,-1,1,1,-1,1,-1,-1,1,-1,0.008971523493528366
1,1,-1,-1,-1,1,-1,1,1,-1,-1,1,1,1,1,-1,-1,1,1,-1,0.008971287868916988
1,1,-1,-1,-1,1,-1,1,1,-1,1,-1,-1,-1,-1,1,-1,1,1,1,0.008972267620265484
1,1,-1,-1,-1,1,-1,1,1,-1,1,-1,-1,-1,1,1,-1,1,1,-1,0.008971350267529488
1,1,-1,-1,-1,1,-1,1,1,-1,1,-1,-1,1,-1,-1,-1,-1,1,1,0.008972401730716228
1,1,-1,-1,-1,1,-1,1,1,-1,1,-1,1,-1,1,-1,1,-1,-1,-1,0.008970974944531918
1,1,-1,-1,-1,1,-1,1,1,-1,1,-1,1,-1,1,1,-1,-1,-1,-1,0.008971135132014751
1,1,-1,-1,-1,1,-1,1,1,-1,1,1,-1,-1,-1,1,1,-1,1,-1,0.00897159893065691
1,1,-1,-1,-1,1,-1,1,1,-1,1,1,-1,1,-1,-1,-1,1,1,-1,0.008972161449491978
1,1,-1,-1,-1,1,-1,1,1,-1,1,1,1,1,1,-1,-1,1,1,1,0.008971731178462505
1,1,-1,-1,-1,1,-1,1,1,-1,1,1,1,1,1,1,1,-1,-1,-1,0.008971089497208595
1,1,-1,-1,-1,1,-1,1,1,1,-1,-1,1,-1,-1,1,1,-1,1,1,0.00897164549678564
1,1,-1,-1,-1,1,-1,1,1,1,-1,-1,1,-1,1,-1,1,-1,1,1,0.008971236646175385
1,1,-1,-1,-1,1,-1,1,1,1,-1,-1,1,1,-1,1,1,-1,1,-1,0.00897135492414236
1,1,-1,-1,-1,1,-1,1,1,1,-1,1,-1,1,-1,1,-1,1,-1,-1,0.008972332812845707
1,1,-1,-1,-1,1,-1,1,1,1,-1,1,1,-1,-1,-1,-1,-1,-1,1,0.008972293697297573
1,1,-1,-1,-1,1,-1,1,1,1,-1,1,1,-1,-1,1,-1,-1,-1,1,0.008972197771072388
1,1,-1,-1,-1,1,-1,1,1,1,-1,1,1,1,1,-1,-1,-1,1,-1,0.008971288800239563
1,1,-1,-1,-1,1,-1,1,1,1,1,-1,-1,-1,-1,-1,-1,-1,1,-1,0.00897195190191269
1,1,-1,-1,-1,1,-1,1,1,1,1,-1,1,-1,1,-1,1,-1,-1,1,0.00897147599607706
1,1,-1,-1,-1,1,-1,1,1,1,1,-1,1,-1,1,1,-1,-1,1,1,0.008971425704658031
1,1,-1,-1,-1,1,-1,1,1,1,1,1,-1,-1,1,1,1,1,-1,1,0.008971892297267914
1,1,-1,-1,-1,1,1,-1,-1,-1,-1,-1,-1,-1,1,1,-1,-1,1,-1,0.008970797061920166
1,1,-1,-1,-1,1,1,-1,-1,-1,-1,-1,1,1,-1,1,-1,-1,1,-1,0.008971086703240871
1,1,-1,-1,-1,1,1,-1,-1,-1,-1,1,-1,-1,1,-1,-1,-1,1,1,0.00897139310836792
1,1,-1,-1,-1,1,1,-1,-1,-1,1,-1,-1,-1,1,-1,-1,1,1,-1,0.008971008472144604
1,1,-1,-1,-1,1,1,-1,-1,-1,1,-1,-1,-1,1,1,-1,-1,-1,-1,0.008971036411821842
1,1,-1,-1,-1,1,1,-1,-1,-1,1,-1,-1,-1,1,1,1,-1,1,-1,0.008970570750534534
1,1,-1,-1,-1,1,1,-1,-1,-1,1,-1,-1,1,-1,-1,1,1,-1,1,0.008972005918622017
1,1,-1,-1,-1,1,1,-1,-1,-1,1,1,-1,-1,1,1,-1,1,1,1,0.008971412666141987
1,1,-1,-1,-1,1,1,-1,-1,-1,1,1,1,-1,1,-1,-1,-1,-1,-1,0.008970879949629307
1,1,-1,-1,-1,1,1,-1,-1,1,-1,-1,-1,-1,-1,-1,-1,-1,1,-1,0.008971485309302807
1,1,-1,-1,-1,1,1,-1,-1,1,-1,-1,1,-1,1,-1,-1,1,1,-1,0.00897072721272707
1,1,-1,-1,-1,1,1,-1,-1,1,-1,1,-1,1,-1,-1,1,1,1,1,0.00897193979471922
1,1,-1,-1,-1,1,1,-1,-1,1,-1,1,-1,1,-1,1,1,-1,-1,-1,0.008971554227173328
1,1,-1,-1,-1,1,1,-1,-1,1,-1,1,-1,1,1,-1,-1,1,-1,-1,0.008971487171947956
1,1,-1,-1,-1,1,1,-1,-1,1,-1,1,1,-1,-1,1,1,1,-1,-1,0.008971177041530609
1,1,-1,-1,-1,1,1,-1,-1,1,1,-1,-1,-1,-1,1,1,-1,1,1,0.00897157657891512
1,1,-1,-1,-1,1,1,-1,-1,1,1,-1,-1,1,1,-1,-1,-1,1,-1,0.008971134200692177
1,1,-1,-1,-1,1,1,-1,-1,1,1,-1,-1,1,1,1,1,-1,1,1,0.008971195667982101
1,1,-1,-1,-1,1,1,-1,-1,1,1,-1,1,-1,-1,-1,1,-1,1,1,0.008971333503723145
1,1,-1,-1,-1,1,1,-1,-1,1,1,1,-1,-1,-1,1,1,1,-1,1,0.008971959352493286
1,1,-1,-1,-1,1,1,-1,-1,1,1,1,1,-1,1,-1,1,-1,1,-1,0.008970501832664013
1,1,-1,-1,-1,1,1,-1,-1,1,1,1,1,1,1,-1,-1,-1,1,1,0.008971295319497585
1,1,-1,-1,-1,1,1,-1,1,-1,-1,-1,-1,1,1,-1,1,-1,1,1,0.008971274830400944
1,1,-1,-1,-1,1,1,-1,1,-1,-1,-1,-1,1,1,1,-1,1,-1,1,0.008971731178462505
1,1,-1,-1,-1,1,1,-1,1,-1,-1,1,1,-1,-1,-1,-1,1,-1,-1,0.008971541188657284
1,1,-1,-1,-1,1,1,-1,1,-1,-1,1,1,-1,-1,1,1,1,-1,-1,0.008971190080046654
1,1,-1,-1,-1,1,1,-1,1,-1,-1,1,1,1,-1,1,1,-1,1,1,0.00897143129259348
1,1,-1,-1,-1,1,1,-1,1,-1,-1,1,1,1,1,-1,1,-1,-1,-1,0.008970819413661957
1,1,-1,-1,-1,1,1,-1,1,-1,1,-1,-1,-1,1,-1,1,1,1,-1,0.008970852941274643
1,1,-1,-1,-1,1,1,-1,1,-1,1,-1,-1,-1,1,1,1,1,-1,-1,0.00897096749395132
1,1,-1,-1,-1,1,1,-1,1,-1,1,-1,-1,1,-1,-1,-1,1,-1,-1,0.008971947245299816
1,1,-1,-1,-1,1,1,-1,1,-1,1,-1,-1,1,-1,-1,1,1,1,1,0.008971895091235638
1,1,-1,-1,-1,1,1,-1,1,-1,1,1,-1,-1,1,1,1,-1,-1,1,0.00897138100117445
1,1,-1,-1,-1,1,1,-1,1,-1,1,1,-1,1,-1,1,1,1,-1,1,0.00897209532558918
1,1,-1,-1,-1,1,1,-1,1,-1,1,1,-1,1,1,1,1,1,-1,1,0.008971591480076313
1,1,-1,-1,-1,1,1,-1,1,-1,1,1,1,-1,1,1,-1,1,-1,-1,0.008970970287919044
1,1,-1,-1,-1,1,1,-1,1,-1,1,1,1,1,-1,-1,-1,1,1,1,0.008971897885203362
1,1,-1,-1,-1,1,1,-1,1,1,-1,-1,1,-1,-1,-1,1,-1,1,-1,0.008970990777015686
1,1,-1,-1,-1,1,1,-1,1,1,-1,-1,1,1,-1,-1,1,-1,1,1,0.00897152815014124
1,1,-1,-1,-1,1,1,-1,1,1,-1,-1,1,1,-1,1,-1,-1,-1,-1,0.008971484377980232
1,1,-1,-1,-1,1,1,-1,1,1,-1,-1,1,1,1,-1,-1,1,-1,1,0.008971575647592545
1,1,-1,-1,-1,1,1,-1,1,1,-1,1,-1,1,1,-1,-1,1,-1,-1,0.008971587754786015
1,1,-1,-1,-1,1,1,-1,1,1,-1,1,1,1,-1,-1,1,-1,-1,1,0.008971824310719967
1,1,-1,-1,-1,1,1,-1,1,1,-1,1,1,1,1,-1,1,-1,1,-1,0.008970696479082108
1,1,-1,-1,-1,1,1,-1,1,1,1,-1,-1,-1,-1,-1,-1,-1,1,-1,0.008971614763140678
1,1,-1,-1,-1,1,1,-1,1,1,1,-1,-1,-1,-1,1,1,1,1,1,0.008971762843430042
1,1,-1,-1,-1,1,1,-1,1,1,1,-1,-1,-1,1,-1,1,1,1,1,0.008971353992819786
1,1,-1,-1,-1,1,1,-1,1,1,1,-1,-1,1,1,1,-1,-1,1,-1,0.008971137925982475
1,1,-1,-1,-1,1,1,-1,1,1,1,1,-1,1,1,-1,-1,1,-1,-1,0.008971616625785828
1,1,-1,-1,-1,1,1,-1,1,1,1,1,1,1,-1,1,1,1,-1,-1,0.008971430361270905
1,1,-1,-1,-1,1,1,1,-1,-1,-1,-1,1,-1,1,-1,-1,-1,-1,1,0.008971530012786388
1,1,-1,-1,-1,1,1,1,-1,-1,-1,-1,1,-1,1,1,-1,-1,-1,1,0.008971434086561203
1,1,-1,-1,-1,1,1,1,-1,-1,-1,1,-1,1,-1,-1,-1,-1,-1,-1,0.008972170762717724
1,1,-1,-1,-1,1,1,1,-1,-1,-1,1,-1,1,1,1,-1,1,-1,-1,0.008971655741333961
1,1,-1,-1,-1,1,1,1,-1,-1,1,-1,1,1,-1,1,1,1,1,1,0.008971712552011013
1,1,-1,-1,-1,1,1,1,-1,-1,1,-1,1,1,1,-1,-1,1,-1,-1,0.008971355855464935
1,1,-1,-1,-1,1,1,1,-1,-1,1,1,1,-1,-1,-1,1,-1,1,1,0.008971684612333775
1,1,-1,-1,-1,1,1,1,-1,-1,1,1,1,-1,-1,1,-1,-1,-1,-1,0.008971640840172768
1,1,-1,-1,-1,1,1,1,-1,1,-1,-1,-1,1,1,1,-1,1,1,-1,0.008971446193754673
1,1,-1,-1,-1,1,1,1,-1,1,-1,-1,1,-1,-1,-1,-1,1,-1,1,0.008972208015620708
1,1,-1,-1,-1,1,1,1,-1,1,-1,-1,1,1,1,1,-1,1,-1,1,0.008971731178462505
1,1,-1,-1,-1,1,1,1,-1,1,-1,-1,1,1,1,1,1,1,1,1,0.008971265517175198
1,1,-1,-1,-1,1,1,1,-1,1,-1,1,1,-1,-1,1,1,1,-1,-1,0.008971529081463814
1,1,-1,-1,-1,1,1,1,-1,1,-1,1,1,1,1,1,-1,-1,-1,1,0.00897173210978508
1,1,-1,-1,-1,1,1,1,-1,1,1,-1,-1,1,-1,1,-1,-1,1,1,0.008972307667136192
1,1,-1,-1,-1,1,1,1,-1,1,1,-1,1,1,1,-1,1,1,1,1,0.00897139124572277
1,1,-1,-1,-1,1,1,1,-1,1,1,1,-1,-1,-1,-1,-1,-1,1,1,0.008972366340458393
1,1,-1,-1,-1,1,1,1,-1,1,1,1,1,-1,1,1,-1,-1,1,-1,0.008971013128757477
1,1,-1,-1,-1,1,1,1,-1,1,1,1,1,1,-1,-1,-1,-1,-1,-1,0.00897194817662239
1,1,-1,-1,-1,1,1,1,1,-1,-1,-1,-1,-1,1,-1,1,-1,1,-1,0.008971089497208595
1,1,-1,-1,-1,1,1,1,1,-1,-1,-1,-1,1,-1,1,-1,1,-1,1,0.008972587995231152
1,1,-1,-1,-1,1,1,1,1,-1,-1,-1,1,-1,-1,1,1,-1,-1,-1,0.00897136889398098
1,1,-1,-1,-1,1,1,1,1,-1,-1,-1,1,1,-1,1,-1,1,-1,-1,0.008971834555268288
1,1,-1,-1,-1,1,1,1,1,-1,-1,-1,1,1,1,1,1,-1,-1,-1,0.008970988914370537
1,1,-1,-1,-1,1,1,1,1,-1,-1,1,1,-1,1,1,1,-1,-1,-1,0.008970950730144978
1,1,-1,-1,-1,1,1,1,1,-1,1,-1,-1,-1,1,-1,1,1,1,1,0.008971618488430977
1,1,-1,-1,-1,1,1,1,1,-1,1,-1,-1,-1,1,1,1,1,1,1,0.008971522562205791
1,1,-1,-1,-1,1,1,1,1,-1,1,1,1,-1,-1,-1,-1,-1,-1,-1,0.008971836417913437
1,1,-1,-1,-1,1,1,1,1,-1,1,1,1,-1,-1,1,1,1,-1,-1,0.008971570990979671
1,1,-1,-1,-1,1,1,1,1,-1,1,1,1,-1,1,1,1,1,-1,1,0.008971480652689934
1,1,-1,-1,-1,1,1,1,1,1,-1,-1,-1,-1,1,-1,1,-1,-1,1,0.008971801027655602
1,1,-1,-1,-1,1,1,1,1,1,-1,-1,1,-1,-1,1,-1,-1,1,1,0.00897191558033228
1,1,-1,-1,-1,1,1,1,1,1,-1,1,1,-1,1,-1,1,-1,1,1,0.008971338160336018
1,1,-1,-1,-1,1,1,1,1,1,1,-1,1,-1,1,-1,1,1,1,1,0.00897136703133583
1,1,-1,-1,-1,1,1,1,1,1,1,-1,1,1,-1,1,-1,-1,-1,1,0.00897227879613638
1,1,-1,-1,-1,1,1,1,1,1,1,1,-1,-1,-1,-1,1,-1,1,1,0.008972210809588432
1,1,-1,-1,-1,1,1,1,1,1,1,1,1,1,1,1,1,-1,-1,-1,0.008971191942691803
1,1,-1,-1,1,-1,-1,-1,-1,-1,-1,-1,-1,-1,-1,1,1,-1,-1,1,0.008971275761723518
1,1,-1,-1,1,-1,-1,-1,-1,-1,-1,-1,-1,1,1,-1,-1,1,-1,1,0.00897133257240057
1,1,-1,-1,1,-1,-1,-1,-1,-1,-1,-1,1,1,1,1,-1,-1,-1,1,0.008970811031758785
1,1,-1,-1,1,-1,-1,-1,-1,-1,-1,1,-1,1,-1,-1,-1,-1,1,1,0.008971627801656723
1,1,-1,-1,1,-1,-1,-1,-1,-1,-1,1,1,1,-1,1,-1,-1,1,1,0.008971191942691803
1,1,-1,-1,1,-1,-1,-1,-1,-1,1,-1,-1,1,-1,-1,1,-1,1,1,0.008971314877271652
1,1,-1,-1,1,-1,-1,-1,-1,-1,1,-1,-1,1,1,-1,-1,1,-1,-1,0.008970948867499828
1,1,-1,-1,1,-1,-1,-1,-1,-1,1,-1,1,-1,-1,1,-1,1,-1,1,0.008971307426691055
1,1,-1,-1,1,-1,-1,-1,-1,-1,1,-1,1,1,1,1,1,1,1,1,0.00897046085447073
1,1,-1,-1,1,-1,-1,-1,-1,-1,1,1,-1,-1,1,-1,1,1,-1,1,0.008971069008111954
1,1,-1,-1,1,-1,-1,-1,-1,1,-1,-1,-1,-1,1,-1,-1,1,1,1,0.008971085771918297
1,1,-1,-1,1,-1,-1,-1,-1,1,-1,-1,-1,1,1,-1,1,-1,1,1,0.008970867842435837
1,1,-1,-1,1,-1,-1,-1,-1,1,-1,-1,1,-1,-1,1,1,1,1,1,0.008970899507403374
1,1,-1,-1,1,-1,-1,-1,-1,1,-1,-1,1,-1,1,-1,-1,1,-1,-1,0.00897054374217987
1,1,-1,-1,1,-1,-1,-1,-1,1,-1,-1,1,-1,1,1,1,1,-1,1,0.008970605209469795
1,1,-1,-1,1,-1,-1,-1,-1,1,-1,-1,1,1,-1,-1,1,1,-1,1,0.008971329778432846
1,1,-1,-1,1,-1,-1,-1,-1,1,-1,1,1,-1,-1,1,1,1,1,1,0.008970986120402813
1,1,-1,-1,1,-1,-1,-1,-1,1,-1,1,1,1,1,1,1,-1,1,-1,0.008970106020569801
1,1,-1,-1,1,-1,-1,-1,-1,1,1,1,-1,1,1,-1,1,-1,1,-1,0.008970570750534534
1,1,-1,-1,1,-1,-1,-1,1,-1,-1,-1,-1,-1,-1,1,1,-1,1,1,0.008971164934337139
1,1,-1,-1,1,-1,-1,-1,1,-1,-1,-1,1,-1,1,-1,1,1,1,-1,0.008970090188086033
1,1,-1,-1,1,-1,-1,-1,1,-1,-1,-1,1,1,-1,-1,-1,-1,-1,1,0.00897151231765747
1,1,-1,-1,1,-1,-1,-1,1,-1,1,-1,-1,-1,-1,-1,-1,-1,1,-1,0.008971132338047028
1,1,-1,-1,1,-1,-1,-1,1,-1,1,-1,-1,-1,-1,1,1,-1,-1,-1,0.008970990777015686
1,1,-1,-1,1,-1,-1,-1,1,-1,1,-1,1,1,-1,1,-1,-1,1,-1,0.008970821276307106
1,1,-1,-1,1,-1,-1,-1,1,-1,1,1,-1,1,1,1,-1,-1,-1,-1,0.008970952592790127
1,1,-1,-1,1,-1,-1,-1,1,1,-1,-1,-1,-1,-1,1,1,1,1,-1,0.008970924653112888
1,1,-1,-1,1,-1,-1,-1,1,1,-1,-1,-1,1,1,-1,1,-1,1,1,0.008970968425273895
1,1,-1,-1,1,-1,-1,-1,1,1,-1,-1,1,-1,1,-1,1,1,-1,-1,0.00897038821130991
1,1,-1,-1,1,-1,-1,-1,1,1,-1,-1,1,1,-1,-1,-1,-1,1,1,0.008971389383077621
1,1,-1,-1,1,-1,-1,-1,1,1,-1,-1,1,1,1,1,-1,-1,1,1,0.008970788680016994
1,1,-1,-1,1,-1,-1,-1,1,1,-1,1,-1,-1,-1,1,1,1,1,-1,0.008971011266112328
1,1,-1,-1,1,-1,-1,-1,1,1,1,-1,-1,-1,-1,-1,-1,1,1,1,0.00897172000259161
1,1,-1,-1,1,-1,-1,-1,1,1,1,-1,-1,1,-1,-1,1,1,-1,-1,0.008971384726464748
1,1,-1,-1,1,-1,-1,-1,1,1,1,-1,1,1,1,-1,1,-1,1,1,0.008970658294856548
1,1,-1,-1,1,-1,-1,-1,1,1,1,1,-1,-1,-1,1,1,-1,1,-1,0.008970954455435276
1,1,-1,-1,1,-1,-1,-1,1,1,1,1,-1,1,1,-1,1,1,1,-1,0.008970756083726883
1,1,-1,-1,1,-1,-1,-1,1,1,1,1,1,-1,1,1,-1,-1,1,1,0.008970780298113823
1,1,-1,-1,1,-1,-1,-1,1,1,1,1,1,1,-1,-1,-1,-1,1,-1,0.008971091359853745
1,1,-1,-1,1,-1,-1,-1,1,1,1,1,1,1,-1,1,-1,1,1,-1,0.008971081115305424
1,1,-1,-1,1,-1,-1,1,-1,-1,-1,-1,-1,-1,1,-1,-1,-1,1,-1,0.008970851078629494
1,1,-1,-1,1,-1,-1,1,-1,-1,-1,-1,1,1,-1,1,1,-1,-1,-1,0.008970999158918858
1,1,-1,-1,1,-1,-1,1,-1,-1,-1,1,-1,-1,1,-1,-1,-1,-1,1,0.008971561677753925
1,1,-1,-1,1,-1,-1,1,-1,-1,-1,1,1,-1,-1,1,-1,-1,-1,-1,0.008971217088401318
1,1,-1,-1,1,-1,-1,1,-1,-1,1,-1,-1,1,-1,1,1,-1,-1,1,0.00897178053855896
1,1,-1,-1,1,-1,-1,1,-1,-1,1,1,-1,-1,-1,-1,1,1,1,1,0.008971715345978737
1,1,-1,-1,1,-1,-1,1,-1,-1,1,1,-1,-1,1,-1,1,-1,1,-1,0.008970711380243301
1,1,-1,-1,1,-1,-1,1,-1,-1,1,1,-1,1,1,-1,1,-1,1,-1,0.008970835246145725
1,1,-1,-1,1,-1,-1,1,-1,-1,1,1,-1,1,1,1,-1,1,-1,1,0.008971705101430416
1,1,-1,-1,1,-1,-1,1,-1,-1,1,1,1,1,1,-1,1,-1,-1,1,0.008971120230853558
1,1,-1,-1,1,-1,-1,1,-1,-1,1,1,1,1,1,1,-1,1,1,1,0.008971155621111393
1,1,-1,-1,1,-1,-1,1,-1,1,-1,-1,-1,-1,1,-1,1,-1,1,1,0.008971096016466618
1,1,-1,-1,1,-1,-1,1,-1,1,-1,-1,-1,1,1,1,-1,1,-1,1,0.008971676230430603
1,1,-1,-1,1,-1,-1,1,-1,1,-1,-1,1,-1,-1,1,-1,-1,-1,-1,0.008971218019723892
1,1,-1,-1,1,-1,-1,1,-1,1,-1,1,-1,-1,1,1,-1,-1,1,-1,0.008970928378403187
1,1,-1,-1,1,-1,-1,1,-1,1,-1,1,-1,-1,1,1,1,1,1,-1,0.008970758877694607
1,1,-1,-1,1,-1,-1,1,-1,1,-1,1,1,-1,-1,-1,1,1,-1,1,0.008971644565463066
1,1,-1,-1,1,-1,-1,1,-1,1,-1,1,1,1,-1,-1,-1,1,-1,-1,0.00897161103785038
1,1,-1,-1,1,-1,-1,1,-1,1,1,-1,-1,-1,-1,1,1,-1,-1,-1,0.00897133070975542
1,1,-1,-1,1,-1,-1,1,-1,1,1,1,1,-1,1,-1,-1,1,-1,-1,0.008971011266112328
1,1,-1,-1,1,-1,-1,1,1,-1,-1,1,1,-1,1,1,1,1,-1,1,0.008971056900918484
1,1,-1,-1,1,-1,-1,1,1,-1,1,-1,-1,1,1,-1,-1,-1,-1,-1,0.008971314877271652
1,1,-1,-1,1,-1,-1,1,1,-1,1,-1,1,-1,-1,1,1,-1,-1,1,0.008971418254077435
1,1,-1,-1,1,-1,-1,1,1,-1,1,-1,1,-1,1,1,1,1,-1,-1,0.008970585651695728
1,1,-1,-1,1,-1,-1,1,1,-1,1,1,1,-1,-1,-1,1,1,1,1,0.00897147599607706
1,1,-1,-1,1,-1,-1,1,1,1,-1,-1,-1,1,-1,-1,-1,-1,-1,-1,0.00897187739610672
1,1,-1,-1,1,-1,-1,1,1,1,-1,-1,1,-1,-1,-1,-1,1,-1,-1,0.008971500210464
1,1,-1,-1,1,-1,-1,1,1,1,-1,1,1,1,-1,1,1,-1,1,-1,0.008971062488853931
1,1,-1,-1,1,-1,-1,1,1,1,1,-1,-1,-1,-1,1,1,1,1,-1,0.00897130649536848
1,1,-1,-1,1,-1,-1,1,1,1,1,-1,-1,1,-1,-1,-1,-1,1,-1,0.00897169578820467
1,1,-1,-1,1,-1,-1,1,1,1,1,1,-1,1,1,1,1,1,1,1,0.008971425704658031
1,1,-1,-1,1,-1,-1,1,1,1,1,1,1,-1,1,-1,-1,1,1,-1,0.008970901370048523
1,1,-1,-1,1,-1,-1,1,1,1,1,1,1,-1,1,1,1,-1,-1,-1,0.008970673196017742
1,1,-1,-1,1,-1,1,-1,-1,-1,-1,-1,-1,1,1,1,1,1,1,1,0.00897078588604927
1,1,-1,-1,1,-1,1,-1,-1,-1,-1,-1,1,-1,1,-1,1,1,-1,1,0.008970629423856735
1,1,-1,-1,1,-1,1,-1,-1,-1,-1,-1,1,1,-1,-1,1,-1,-1,-1,0.008970757946372032
1,1,-1,-1,1,-1,1,-1,-1,-1,-1,1,1,-1,1,1,1,1,1,1,0.008970408700406551
1,1,-1,-1,1,-1,1,-1,-1,-1,-1,1,1,1,-1,-1,-1,1,-1,1,0.008971599861979485
1,1,-1,-1,1,-1,1,-1,-1,-1,-1,1,1,1,-1,1,-1,1,1,-1,0.008970879949629307
1,1,-1,-1,1,-1,1,-1,-1,-1,1,-1,-1,1,-1,-1,1,-1,1,-1,0.008970916271209717
1,1,-1,-1,1,-1,1,-1,-1,-1,1,-1,-1,1,-1,1,1,-1,-1,-1,0.00897102989256382
1,1,-1,-1,1,-1,1,-1,-1,-1,1,1,-1,1,-1,1,1,-1,-1,1,0.008971530012786388
1,1,-1,-1,1,-1,1,-1,-1,-1,1,1,1,-1,1,-1,1,-1,1,1,0.00897044874727726
1,1,-1,-1,1,-1,1,-1,-1,1,-1,-1,-1,-1,1,-1,1,-1,-1,-1,0.00897055584937334
1,1,-1,-1,1,-1,1,-1,-1,1,-1,-1,1,1,1,-1,1,1,1,1,0.00897063035517931
1,1,-1,-1,1,-1,1,-1,-1,1,-1,1,1,1,-1,-1,-1,-1,1,1,0.008971390314400196
1,1,-1,-1,1,-1,1,-1,-1,1,-1,1,1,1,-1,-1,-1,1,1,1,0.008971476927399635
1,1,-1,-1,1,-1,1,-1,-1,1,1,-1,-1,1,-1,1,-1,1,-1,-1,0.008971459232270718
1,1,-1,-1,1,-1,1,-1,-1,1,1,-1,1,1,1,1,-1,1,-1,-1,0.008970615454018116
1,1,-1,-1,1,-1,1,-1,1,-1,-1,-1,-1,-1,-1,-1,1,1,-1,-1,0.008971159346401691
1,1,-1,-1,1,-1,1,-1,1,-1,-1,-1,-1,1,-1,-1,1,1,-1,1,0.008971696719527245
1,1,-1,-1,1,-1,1,-1,1,-1,-1,-1,-1,1,1,-1,-1,-1,1,1,0.00897115096449852
1,1,-1,-1,1,-1,1,-1,1,-1,-1,1,-1,1,-1,-1,-1,-1,1,-1,0.008971328847110271
1,1,-1,-1,1,-1,1,-1,1,-1,-1,1,-1,1,1,1,1,1,1,-1,0.008970558643341064
1,1,-1,-1,1,-1,1,-1,1,-1,-1,1,1,-1,-1,1,1,-1,-1,1,0.008971137925982475
1,1,-1,-1,1,-1,1,-1,1,-1,-1,1,1,-1,1,1,-1,-1,-1,1,0.008970888331532478
1,1,-1,-1,1,-1,1,-1,1,-1,1,-1,-1,1,1,-1,1,-1,1,-1,0.008970511145889759
1,1,-1,-1,1,-1,1,-1,1,-1,1,-1,-1,1,1,1,1,1,-1,-1,0.008970711380243301
1,1,-1,-1,1,-1,1,-1,1,-1,1,-1,1,1,-1,-1,-1,1,-1,1,0.008971642702817917
1,1,-1,-1,1,-1,1,-1,1,-1,1,1,-1,1,1,1,1,1,-1,1,0.00897121150046587
1,1,-1,-1,1,-1,1,-1,1,-1,1,1,1,1,-1,1,-1,-1,-1,1,0.008971546776592731
1,1,-1,-1,1,-1,1,-1,1,-1,1,1,1,1,-1,1,-1,-1,1,-1,0.008970922790467739
1,1,-1,-1,1,-1,1,-1,1,-1,1,1,1,1,1,1,1,-1,-1,-1,0.008970372378826141
1,1,-1,-1,1,-1,1,-1,1,1,-1,1,1,1,-1,1,1,-1,1,1,0.00897113885730505
1,1,-1,-1,1,-1,1,-1,1,1,-1,1,1,1,1,1,-1,1,1,-1,0.008970562368631363
1,1,-1,-1,1,-1,1,-1,1,1,1,-1,-1,-1,-1,1,1,-1,-1,1,0.008971506729722023
1,1,-1,-1,1,-1,1,-1,1,1,1,-1,-1,1,1,1,1,1,-1,1,0.008971212431788445
1,1,-1,-1,1,-1,1,-1,1,1,1,1,-1,-1,-1,1,-1,1,-1,1,0.008971935138106346
1,1,-1,-1,1,-1,1,-1,1,1,1,1,-1,1,1,1,1,1,1,1,0.00897108856588602
1,1,-1,-1,1,-1,1,-1,1,1,1,1,1,1,-1,-1,-1,-1,1,-1,0.008971106261014938
1,1,-1,-1,1,-1,1,-1,1,1,1,1,1,1,1,-1,1,1,1,1,0.008970845490694046
1,1,-1,-1,1,-1,1,1,-1,-1,-1,-1,-1,1,-1,-1,1,-1,-1,-1,0.008971448987722397
1,1,-1,-1,1,-1,1,1,-1,-1,-1,-1,-1,1,-1,1,1,1,1,1,0.008971642702817917
1,1,-1,-1,1,-1,1,1,-1,-1,-1,-1,1,-1,-1,-1,-1,1,-1,-1,0.008971327915787697
1,1,-1,-1,1,-1,1,1,-1,-1,-1,-1,1,1,1,-1,1,-1,-1,1,0.008971018716692924
1,1,-1,-1,1,-1,1,1,-1,-1,-1,1,-1,-1,-1,1,-1,-1,1,1,0.008971774019300938
1,1,-1,-1,1,-1,1,1,-1,-1,-1,1,-1,-1,1,1,-1,-1,-1,-1,0.00897106621414423
1,1,-1,-1,1,-1,1,1,-1,-1,-1,1,-1,-1,1,1,1,-1,-1,1,0.008971224538981915
1,1,-1,-1,1,-1,1,1,-1,-1,-1,1,-1,1,-1,-1,1,-1,1,1,0.008971738629043102
1,1,-1,-1,1,-1,1,1,-1,-1,-1,1,-1,1,-1,-1,1,1,1,1,0.008971825242042542
1,1,-1,-1,1,-1,1,1,-1,-1,-1,1,-1,1,1,-1,1,-1,1,1,0.00897123385220766
1,1,-1,-1,1,-1,1,1,-1,-1,-1,1,-1,1,1,1,-1,-1,1,1,0.008971394039690495
1,1,-1,-1,1,-1,1,1,-1,-1,-1,1,1,-1,-1,-1,-1,1,-1,1,0.008971828036010265
1,1,-1,-1,1,-1,1,1,-1,-1,-1,1,1,-1,-1,-1,1,-1,1,1,0.008971275761723518
1,1,-1,-1,1,-1,1,1,-1,-1,-1,1,1,1,1,1,-1,1,-1,-1,0.008970937691628933
1,1,-1,-1,1,-1,1,1,-1,-1,-1,1,1,1,1,1,1,1,1,-1,0.00897047109901905
1,1,-1,-1,1,-1,1,1,-1,-1,1,-1,-1,-1,1,-1,-1,1,-1,-1,0.008971191942691803
1,1,-1,-1,1,-1,1,1,-1,-1,1,-1,-1,1,-1,-1,1,1,-1,-1,0.00897156447172165
1,1,-1,-1,1,-1,1,1,-1,-1,1,-1,1,-1,1,-1,-1,1,-1,1,0.008971266448497772
1,1,-1,-1,1,-1,1,1,-1,-1,1,-1,1,1,-1,1,1,1,1,-1,0.00897091906517744
1,1,-1,-1,1,-1,1,1,-1,-1,1,1,-1,-1,1,-1,-1,-1,1,-1,0.00897098146378994
1,1,-1,-1,1,-1,1,1,-1,1,-1,-1,-1,1,-1,-1,1,1,-1,1,0.008972035720944405
1,1,-1,-1,1,-1,1,1,-1,1,-1,-1,-1,1,-1,1,1,-1,-1,1,0.008971854113042355
1,1,-1,-1,1,-1,1,1,-1,1,-1,-1,1,-1,1,1,1,-1,-1,-1,0.008970472030341625
1,1,-1,-1,1,-1,1,1,-1,1,-1,-1,1,1,-1,1,1,1,1,-1,0.008970976807177067
1,1,-1,-1,1,-1,1,1,-1,1,-1,1,-1,-1,-1,1,1,-1,-1,-1,0.008971402421593666
1,1,-1,-1,1,-1,1,1,-1,1,-1,1,1,-1,-1,1,1,1,1,1,0.008971353061497211
1,1,-1,-1,1,-1,1,1,-1,1,1,1,-1,-1,1,-1,1,1,1,1,0.008971313014626503
1,1,-1,-1,1,-1,1,1,-1,1,1,1,-1,-1,1,1,1,1,1,-1,0.008970803581178188
1,1,-1,-1,1,-1,1,1,-1,1,1,1,-1,1,-1,-1,-1,1,-1,1,0.008972407318651676
1,1,-1,-1,1,-1,1,1,-1,1,1,1,-1,1,1,-1,-1,1,-1,-1,0.008971489034593105
1,1,-1,-1,1,-1,1,1,-1,1,1,1,1,-1,1,-1,-1,-1,-1,1,0.008971353992819786
1,1,-1,-1,1,-1,1,1,-1,1,1,1,1,-1,1,-1,-1,-1,1,-1,0.008970730006694794
1,1,-1,-1,1,-1,1,1,1,-1,-1,-1,-1,1,-1,1,1,1,1,1,0.0089717423543334
1,1,-1,-1,1,-1,1,1,1,-1,-1,-1,1,1,-1,-1,1,-1,1,-1,0.008970999158918858
1,1,-1,-1,1,-1,1,1,1,-1,-1,1,-1,1,-1,1,1,-1,1,1,0.0089717423543334
1,1,-1,-1,1,-1,1,1,1,-1,1,-1,-1,-1,-1,1,1,-1,-1,-1,0.008971357718110085
1,1,-1,-1,1,-1,1,1,1,-1,1,-1,-1,-1,1,-1,1,1,-1,1,0.008971449919044971
1,1,-1,-1,1,-1,1,1,1,-1,1,-1,-1,1,1,-1,-1,-1,1,1,0.008971532806754112
1,1,-1,-1,1,-1,1,1,1,-1,1,-1,-1,1,1,-1,-1,1,-1,1,0.00897182896733284
1,1,-1,-1,1,-1,1,1,1,-1,1,-1,-1,1,1,-1,1,-1,-1,-1,0.008971073664724827
1,1,-1,-1,1,-1,1,1,1,-1,1,1,-1,-1,-1,-1,1,-1,1,1,0.00897174421697855
1,1,-1,-1,1,-1,1,1,1,-1,1,1,-1,-1,1,1,-1,-1,1,1,0.008971398696303368
1,1,-1,-1,1,-1,1,1,1,-1,1,1,-1,1,1,-1,1,1,-1,-1,0.00897124595940113
1,1,-1,-1,1,-1,1,1,1,1,-1,-1,-1,1,1,-1,1,-1,-1,-1,0.008971131406724453
1,1,-1,-1,1,-1,1,1,1,1,-1,1,-1,-1,1,-1,-1,1,-1,-1,0.008971435949206352
1,1,-1,-1,1,-1,1,1,1,1,-1,1,-1,-1,1,1,-1,1,1,1,0.008971543051302433
1,1,-1,-1,1,-1,1,1,1,1,-1,1,1,1,1,1,1,-1,1,1,0.008970986120402813
1,1,-1,-1,1,-1,1,1,1,1,1,-1,-1,1,1,1,-1,1,-1,-1,0.00897140707820654
1,1,-1,-1,1,-1,1,1,1,1,1,-1,1,-1,1,-1,-1,-1,-1,1,0.00897136703133583
1,1,-1,-1,1,-1,1,1,1,1,1,-1,1,1,1,-1,-1,-1,1,1,0.008971281349658966
1,1,-1,-1,1,-1,1,1,1,1,1,1,1,-1,1,1,1,1,1,1,0.008970977738499641
1,1,-1,-1,1,1,-1,-1,-1,-1,-1,-1,1,-1,1,-1,-1,1,-1,-1,0.008970367722213268
1,1,-1,-1,1,1,-1,-1,-1,-1,-1,1,-1,1,1,1,-1,1,1,-1,0.008970610797405243
1,1,-1,-1,1,1,-1,-1,-1,-1,-1,1,-1,1,1,1,1,1,-1,1,0.008970978669822216
1,1,-1,-1,1,1,-1,-1,-1,-1,1,-1,-1,-1,-1,1,-1,-1,-1,1,0.008971471339464188
1,1,-1,-1,1,1,-1,-1,-1,-1,1,-1,1,1,1,1,-1,1,1,1,0.008970627561211586
1,1,-1,-1,1,1,-1,-1,-1,-1,1,1,1,1,1,-1,-1,1,1,-1,0.008970396593213081
1,1,-1,-1,1,1,-1,-1,-1,1,-1,-1,-1,-1,1,1,-1,1,1,-1,0.008970487862825394
1,1,-1,-1,1,1,-1,-1,-1,1,-1,-1,-1,1,-1,-1,-1,1,-1,1,0.008971836417913437
1,1,-1,-1,1,1,-1,-1,-1,1,-1,-1,-1,1,-1,-1,1,-1,-1,1,0.008971494622528553
1,1,-1,-1,1,1,-1,-1,-1,1,-1,-1,1,-1,-1,1,1,1,1,1,0.008970811031758785
1,1,-1,-1,1,1,-1,-1,-1,1,-1,1,-1,-1,1,1,1,-1,-1,1,0.008970855735242367
1,1,-1,-1,1,1,-1,-1,-1,1,-1,1,-1,1,1,1,-1,1,1,1,0.008971111848950386
1,1,-1,-1,1,1,-1,-1,-1,1,-1,1,1,-1,-1,-1,1,1,-1,1,0.008971204049885273
1,1,-1,-1,1,1,-1,-1,-1,1,-1,1,1,-1,1,-1,-1,-1,1,1,0.008970658294856548
1,1,-1,-1,1,1,-1,-1,-1,1,1,-1,-1,-1,-1,-1,1,-1,-1,-1,0.008970986120402813
1,1,-1,-1,1,1,-1,-1,-1,1,1,-1,-1,-1,-1,1,1,1,-1,-1,0.008970975875854492
1,1,-1,-1,1,1,-1,-1,-1,1,1,-1,-1,1,1,-1,-1,1,-1,-1,0.008970947004854679
1,1,-1,-1,1,1,-1,-1,-1,1,1,1,-1,-1,1,1,1,1,-1,1,0.008970971219241619
1,1,-1,-1,1,1,-1,-1,-1,1,1,1,-1,1,-1,-1,-1,1,1,-1,0.008971327915787697
1,1,-1,-1,1,1,-1,-1,-1,1,1,1,1,-1,1,1,-1,1,1,1,0.008970677852630615
1,1,-1,-1,1,1,-1,-1,1,-1,-1,-1,1,-1,-1,-1,1,1,1,-1,0.008970506489276886
1,1,-1,-1,1,1,-1,-1,1,-1,-1,-1,1,-1,1,-1,1,-1,-1,1,0.008970539085566998
1,1,-1,-1,1,1,-1,-1,1,-1,-1,-1,1,1,-1,-1,-1,1,-1,-1,0.008971096016466618
1,1,-1,-1,1,1,-1,-1,1,-1,-1,1,1,-1,-1,1,1,1,-1,-1,0.008970706723630428
1,1,-1,-1,1,1,-1,-1,1,-1,-1,1,1,-1,1,1,-1,-1,-1,-1,0.008970371447503567
1,1,-1,-1,1,1,-1,-1,1,-1,-1,1,1,1,-1,1,1,-1,1,1,0.008970947936177254
1,1,-1,-1,1,1,-1,-1,1,-1,1,-1,-1,1,1,-1,-1,1,1,-1,0.00897074956446886
1,1,-1,-1,1,1,-1,-1,1,-1,1,-1,1,1,1,-1,-1,-1,1,-1,0.008970323950052261
1,1,-1,-1,1,1,-1,-1,1,-1,1,-1,1,1,1,-1,1,-1,1,-1,0.008970068767666817
1,1,-1,-1,1,1,-1,-1,1,-1,1,-1,1,1,1,1,1,1,1,1,0.008970472030341625
1,1,-1,-1,1,1,-1,-1,1,-1,1,1,-1,-1,-1,-1,1,1,-1,1,0.00897158496081829
1,1,-1,-1,1,1,-1,-1,1,-1,1,1,-1,1,1,1,1,1,-1,-1,0.008970694616436958
1,1,-1,-1,1,1,-1,-1,1,-1,1,1,1,1,1,-1,1,-1,-1,1,0.008970779366791248
1,1,-1,-1,1,1,-1,-1,1,1,-1,-1,-1,-1,-1,-1,-1,1,1,-1,0.008971188217401505
1,1,-1,-1,1,1,-1,-1,1,1,-1,-1,-1,-1,-1,1,-1,-1,-1,1,0.008971629664301872
1,1,-1,-1,1,1,-1,-1,1,1,-1,-1,1,-1,-1,1,-1,1,-1,-1,0.008970962837338448
1,1,-1,-1,1,1,-1,-1,1,1,-1,1,1,1,-1,-1,-1,1,-1,-1,0.008971269242465496
1,1,-1,-1,1,1,-1,-1,1,1,1,-1,-1,1,1,1,1,1,-1,-1,0.008970695547759533
1,1,-1,-1,1,1,-1,-1,1,1,1,-1,1,-1,1,-1,1,-1,-1,-1,0.008970241993665695
1,1,-1,-1,1,1,-1,1,-1,-1,-1,1,-1,1,-1,1,-1,1,1,-1,0.00897146761417389
1,1,-1,-1,1,1,-1,1,-1,-1,-1,1,1,-1,-1,-1,-1,-1,-1,-1,0.008971224538981915
1,1,-1,-1,1,1,-1,1,-1,-1,-1,1,1,-1,-1,1,1,-1,1,-1,0.008970662020146847
1,1,-1,-1,1,1,-1,1,-1,-1,1,-1,-1,-1,-1,1,1,-1,-1,-1,0.008971154689788818
1,1,-1,-1,1,1,-1,1,-1,-1,1,-1,1,-1,-1,-1,1,1,1,1,0.00897120125591755
1,1,-1,-1,1,1,-1,1,-1,-1,1,1,-1,1,-1,1,-1,-1,1,1,0.008971824310719967
1,1,-1,-1,1,1,-1,1,-1,-1,1,1,1,1,-1,-1,-1,-1,-1,1,0.008971791714429855
1,1,-1,-1,1,1,-1,1,-1,-1,1,1,1,1,1,-1,1,-1,-1,1,0.008971030823886395
1,1,-1,-1,1,1,-1,1,-1,1,-1,-1,1,1,-1,1,-1,1,1,-1,0.008971128612756729
1,1,-1,-1,1,1,-1,1,-1,1,-1,-1,1,1,1,1,1,-1,1,1,0.008970696479082108
1,1,-1,-1,1,1,-1,1,-1,1,-1,1,-1,1,-1,1,-1,-1,1,-1,0.008971468545496464
1,1,-1,-1,1,1,-1,1,-1,1,-1,1,1,-1,-1,-1,1,1,-1,1,0.008971556089818478
1,1,-1,-1,1,1,-1,1,-1,1,-1,1,1,-1,-1,1,1,-1,1,-1,0.00897074956446886
1,1,-1,-1,1,1,-1,1,-1,1,1,-1,-1,-1,-1,1,-1,1,-1,1,0.008971997536718845
1,1,-1,-1,1,1,-1,1,-1,1,1,-1,-1,1,1,1,-1,-1,-1,1,0.008971530944108963
1,1,-1,-1,1,1,-1,1,-1,1,1,1,1,-1,-1,1,1,-1,-1,-1,0.008970988914370537
1,1,-1,-1,1,1,-1,1,1,-1,-1,-1,-1,-1,1,-1,1,-1,-1,-1,0.008970816619694233
1,1,-1,-1,1,1,-1,1,1,-1,-1,-1,-1,1,-1,-1,-1,-1,-1,1,0.008972114883363247
1,1,-1,-1,1,1,-1,1,1,-1,-1,-1,1,-1,1,1,1,-1,-1,-1,0.008970381692051888
1,1,-1,-1,1,1,-1,1,1,-1,-1,-1,1,1,1,1,1,-1,1,1,0.008970708586275578
1,1,-1,-1,1,1,-1,1,1,-1,-1,1,-1,-1,1,-1,-1,1,1,1,0.008971448056399822
1,1,-1,-1,1,1,-1,1,1,-1,-1,1,1,-1,-1,1,-1,-1,1,-1,0.00897101778537035
1,1,-1,-1,1,1,-1,1,1,-1,-1,1,1,1,1,1,1,1,1,-1,0.008970467373728752
1,1,-1,-1,1,1,-1,1,1,-1,1,-1,1,1,1,1,-1,-1,1,-1,0.00897058006376028
1,1,-1,-1,1,1,-1,1,1,-1,1,1,-1,1,-1,-1,1,1,1,1,0.008971850387752056
1,1,-1,-1,1,1,-1,1,1,-1,1,1,-1,1,-1,1,1,1,1,-1,0.008971340954303741
1,1,-1,-1,1,1,-1,1,1,-1,1,1,-1,1,1,-1,1,1,-1,1,0.008971556089818478
1,1,-1,-1,1,1,-1,1,1,-1,1,1,1,1,1,1,-1,-1,-1,-1,0.008970877155661583
1,1,-1,-1,1,1,-1,1,1,1,-1,-1,1,1,1,-1,-1,1,1,-1,0.008970820344984531
1,1,-1,-1,1,1,-1,1,1,1,-1,1,1,-1,-1,-1,-1,1,1,-1,0.008971287868916988
1,1,-1,-1,1,1,-1,1,1,1,-1,1,1,-1,-1,1,-1,-1,-1,-1,0.008971315808594227
1,1,-1,-1,1,1,-1,1,1,1,-1,1,1,-1,-1,1,1,-1,1,-1,0.008970849215984344
1,1,-1,-1,1,1,-1,1,1,1,1,-1,1,-1,-1,-1,-1,1,-1,-1,0.008971440605819225
1,1,-1,-1,1,1,-1,1,1,1,1,1,-1,-1,-1,-1,1,-1,-1,1,0.00897193793207407
1,1,-1,-1,1,1,-1,1,1,1,1,1,-1,1,1,-1,-1,-1,-1,1,0.008971813134849072
1,1,-1,-1,1,1,1,-1,-1,-1,-1,-1,1,1,1,-1,1,1,1,-1,0.008970039896667004
1,1,-1,-1,1,1,1,-1,-1,-1,-1,1,1,-1,1,1,1,-1,1,-1,0.008969820104539394
1,1,-1,-1,1,1,1,-1,-1,-1,1,1,1,-1,1,1,1,1,1,-1,0.008969935588538647
1,1,-1,-1,1,1,1,-1,-1,1,-1,-1,-1,-1,1,-1,1,-1,1,1,0.008970670402050018
1,1,-1,-1,1,1,1,-1,-1,1,-1,-1,1,1,1,-1,-1,1,-1,-1,0.0089705940335989
1,1,-1,-1,1,1,1,-1,-1,1,-1,1,-1,-1,-1,1,1,1,-1,-1,0.008971047587692738
1,1,-1,-1,1,1,1,-1,-1,1,-1,1,-1,-1,1,1,-1,-1,-1,-1,0.00897071324288845
1,1,-1,-1,1,1,1,-1,-1,1,-1,1,1,-1,-1,1,1,1,1,-1,0.008970498107373714
1,1,-1,-1,1,1,1,-1,-1,1,-1,1,1,1,-1,-1,1,-1,-1,1,0.008971256203949451
1,1,-1,-1,1,1,1,-1,-1,1,-1,1,1,1,1,1,-1,1,1,-1,0.008970373310148716
1,1,-1,-1,1,1,1,-1,-1,1,1,-1,-1,1,1,1,1,1,1,1,0.008970813825726509
1,1,-1,-1,1,1,1,-1,-1,1,1,1,-1,-1,1,1,1,1,-1,-1,0.008970572613179684
1,1,-1,-1,1,1,1,-1,-1,1,1,1,1,-1,-1,-1,-1,-1,-1,-1,0.00897100381553173
1,1,-1,-1,1,1,1,-1,-1,1,1,1,1,-1,1,-1,1,1,-1,-1,0.008970329537987709
1,1,-1,-1,1,1,1,-1,-1,1,1,1,1,1,1,1,-1,-1,1,1,0.008970730006694794
1,1,-1,-1,1,1,1,-1,1,-1,-1,-1,-1,1,-1,-1,-1,1,1,1,0.008971652947366238
1,1,-1,-1,1,1,1,-1,1,-1,-1,1,-1,-1,1,-1,-1,-1,-1,-1,0.008970821276307106
1,1,-1,-1,1,1,1,-1,1,-1,-1,1,-1,1,-1,-1,-1,-1,-1,1,0.0089718634262681
1,1,-1,-1,1,1,1,-1,1,-1,-1,1,-1,1,1,-1,-1,1,-1,1,0.008971445262432098
1,1,-1,-1,1,1,1,-1,1,-1,-1,1,1,-1,-1,-1,1,1,1,-1,0.008970607072114944
1,1,-1,-1,1,1,1,-1,1,-1,-1,1,1,-1,1,1,-1,1,-1,1,0.008970886468887329
1,1,-1,-1,1,1,1,-1,1,-1,-1,1,1,1,-1,-1,-1,-1,1,-1,0.008970900438725948
1,1,-1,-1,1,1,1,-1,1,-1,1,-1,-1,1,-1,-1,-1,-1,1,-1,0.008971182629466057
1,1,-1,-1,1,1,1,-1,1,-1,1,1,1,-1,-1,1,1,1,1,1,0.008970954455435276
1,1,-1,-1,1,1,1,-1,1,1,-1,-1,-1,1,-1,-1,1,1,1,1,0.008971485309302807
1,1,-1,-1,1,1,1,-1,1,1,-1,-1,1,-1,-1,1,1,-1,-1,1,0.008971049450337887
1,1,-1,-1,1,1,1,-1,1,1,-1,-1,1,-1,1,-1,1,-1,1,1,0.008970431052148342
1,1,-1,-1,1,1,1,-1,1,1,-1,1,1,1,1,1,-1,-1,-1,1,0.008971011266112328
1,1,-1,-1,1,1,1,-1,1,1,1,-1,1,1,-1,1,-1,-1,-1,-1,0.008971044793725014
1,1,-1,-1,1,1,1,-1,1,1,1,1,1,-1,-1,1,-1,-1,-1,-1,0.008971007540822029
1,1,-1,-1,1,1,1,-1,1,1,1,1,1,-1,-1,1,1,1,1,1,0.008971041068434715
1,1,-1,-1,1,1,1,-1,1,1,1,1,1,-1,1,-1,-1,-1,-1,1,0.008971013128757477
1,1,-1,-1,1,1,1,1,-1,-1,-1,-1,-1,-1,-1,-1,-1,-1,1,1,0.008971694856882095
1,1,-1,-1,1,1,1,1,-1,-1,-1,-1,-1,-1,-1,-1,-1,1,-1,-1,0.008971578441560268
1,1,-1,-1,1,1,1,1,-1,-1,-1,-1,-1,1,-1,-1,1,-1,-1,1,0.008971774019300938
1,1,-1,-1,1,1,1,1,-1,-1,-1,-1,-1,1,-1,1,-1,-1,1,-1,0.008971309289336205
1,1,-1,-1,1,1,1,1,-1,-1,-1,-1,-1,1,1,-1,1,-1,1,-1,0.008970645256340504
1,1,-1,-1,1,1,1,1,-1,-1,-1,-1,-1,1,1,-1,1,1,1,1,0.008971145376563072
1,1,-1,-1,1,1,1,1,-1,-1,-1,1,-1,-1,1,1,1,-1,1,-1,0.008970512077212334
1,1,-1,-1,1,1,1,1,-1,-1,1,-1,1,1,1,1,1,-1,1,-1,0.008970239199697971
1,1,-1,-1,1,1,1,1,-1,-1,1,1,-1,-1,1,1,-1,-1,1,1,0.008971210569143295
1,1,-1,-1,1,1,1,1,-1,-1,1,1,-1,1,-1,-1,-1,-1,1,1,0.008971935138106346
1,1,-1,-1,1,1,1,1,-1,-1,1,1,1,-1,1,-1,1,-1,-1,1,0.008970921859145164
1,1,-1,-1,1,1,1,1,-1,1,-1,-1,-1,-1,1,-1,1,1,-1,-1,0.008970905095338821
1,1,-1,-1,1,1,1,1,-1,1,-1,-1,-1,-1,1,1,1,-1,1,1,0.008970926515758038
1,1,-1,-1,1,1,1,1,-1,1,-1,-1,-1,1,1,1,-1,-1,1,1,0.008971305564045906
1,1,-1,-1,1,1,1,1,-1,1,-1,-1,1,1,1,1,-1,1,-1,1,0.008971262723207474
1,1,-1,-1,1,1,1,1,-1,1,-1,1,-1,-1,-1,-1,1,-1,-1,1,0.008971823379397392
1,1,-1,-1,1,1,1,1,-1,1,1,-1,-1,1,1,-1,-1,1,1,-1,0.008971104398369789
1,1,-1,-1,1,1,1,1,-1,1,1,-1,1,-1,1,1,-1,1,-1,-1,0.008970755152404308
1,1,-1,-1,1,1,1,1,-1,1,1,1,-1,-1,1,-1,1,1,-1,1,0.008971435017883778
1,1,-1,-1,1,1,1,1,-1,1,1,1,-1,1,-1,-1,1,1,-1,-1,0.00897164922207594
1,1,-1,-1,1,1,1,1,-1,1,1,1,1,-1,1,1,-1,1,1,-1,0.008970631286501884
1,1,-1,-1,1,1,1,1,-1,1,1,1,1,1,1,-1,-1,-1,1,-1,0.008970765396952629
1,1,-1,-1,1,1,1,1,1,-1,-1,-1,1,-1,1,1,1,-1,-1,-1,0.008970396593213081
1,1,-1,-1,1,1,1,1,1,-1,-1,-1,1,1,-1,1,1,1,-1,1,0.00897152442485094
1,1,-1,-1,1,1,1,1,1,-1,1,-1,-1,-1,1,1,1,1,1,1,0.00897105410695076
1,1,-1,-1,1,1,1,1,1,-1,1,-1,1,-1,1,1,-1,1,1,1,0.008970971219241619
1,1,-1,-1,1,1,1,1,1,-1,1,1,-1,1,-1,-1,1,1,-1,-1,0.008971662260591984
1,1,-1,-1,1,1,1,1,1,-1,1,1,-1,1,1,-1,-1,1,-1,-1,0.008971413597464561
1,1,-1,-1,1,1,1,1,1,-1,1,1,-1,1,1,1,-1,-1,-1,1,0.008971644565463066
1,1,-1,-1,1,1,1,1,1,-1,1,1,1,-1,-1,-1,1,1,1,-1,0.008970988914370537
1,1,-1,-1,1,1,1,1,1,-1,1,1,1,-1,-1,1,1,1,1,-1,0.008970892988145351
1,1,-1,-1,1,1,1,1,1,1,-1,-1,-1,1,1,-1,1,-1,-1,-1,0.008971042931079865
1,1,-1,-1,1,1,1,1,1,1,-1,1,-1,-1,-1,-1,-1,1,1,-1,0.008971641771495342
1,1,-1,-1,1,1,1,1,1,1,-1,1,-1,-1,1,-1,1,1,1,-1,0.008970881812274456
1,1,-1,-1,1,1,1,1,1,1,-1,1,-1,-1,1,-1,1,1,1,1,0.008971295319497585
1,1,-1,-1,1,1,1,1,1,1,-1,1,-1,1,1,-1,1,1,1,1,0.00897141918540001
1,1,-1,-1,1,1,1,1,1,1,-1,1,1,1,-1,-1,-1,-1,-1,1,0.00897196400910616
1,1,-1,-1,1,1,1,1,1,1,-1,1,1,1,1,-1,-1,-1,-1,1,0.008971459232270718
1,1,-1,-1,1,1,1,1,1,1,1,-1,1,1,-1,-1,-1,-1,1,1,0.008971696719527245
1,1,-1,-1,1,1,1,1,1,1,1,1,-1,1,-1,-1,-1,-1,1,-1,0.008971708826720715
1,1,-1,-1,1,1,1,1,1,1,1,1,1,-1,1,1,1,1,-1,1,0.008971098810434341
1,1,-1,1,-1,-1,-1,-1,-1,-1,-1,-1,-1,1,1,-1,-1,-1,1,1,0.008971808478236198
1,1,-1,1,-1,-1,-1,-1,-1,-1,-1,-1,-1,1,1,-1,-1,1,-1,1,0.008972104638814926
1,1,-1,1,-1,-1,-1,-1,-1,-1,-1,-1,1,-1,1,-1,-1,-1,-1,-1,0.008971141651272774
1,1,-1,1,-1,-1,-1,-1,-1,-1,-1,-1,1,1,1,-1,1,-1,1,1,0.00897121336311102
1,1,-1,1,-1,-1,-1,-1,-1,-1,-1,1,1,1,-1,1,1,-1,-1,-1,0.008971504867076874
1,1,-1,1,-1,-1,-1,-1,-1,-1,1,1,-1,-1,-1,1,-1,-1,1,-1,0.00897179450839758
1,1,-1,1,-1,-1,-1,-1,-1,-1,1,1,-1,1,-1,1,-1,-1,-1,1,0.008972542360424995
1,1,-1,1,-1,-1,-1,-1,-1,-1,1,1,1,1,-1,1,1,1,-1,1,0.008972033858299255
1,1,-1,1,-1,-1,-1,-1,-1,-1,1,1,1,1,1,-1,1,1,-1,-1,0.00897121150046587
1,1,-1,1,-1,-1,-1,-1,-1,1,-1,-1,-1,-1,1,-1,1,-1,-1,-1,0.008971312083303928
1,1,-1,1,-1,-1,-1,-1,-1,1,-1,-1,-1,-1,1,1,1,-1,1,-1,0.00897100567817688
1,1,-1,1,-1,-1,-1,-1,-1,1,-1,-1,-1,1,-1,-1,-1,-1,1,-1,0.00897198636084795
1,1,-1,1,-1,-1,-1,-1,-1,1,-1,-1,-1,1,1,-1,-1,-1,1,1,0.008971895091235638
1,1,-1,1,-1,-1,-1,-1,-1,1,-1,-1,-1,1,1,1,1,1,1,1,0.008971629664301872
1,1,-1,1,-1,-1,-1,-1,-1,1,-1,1,-1,1,-1,-1,1,-1,-1,-1,0.008972027339041233
1,1,-1,1,-1,-1,-1,-1,-1,1,-1,1,1,-1,-1,1,-1,1,-1,1,0.008972223848104477
1,1,-1,1,-1,-1,-1,-1,-1,1,-1,1,1,1,-1,1,1,-1,1,1,0.008971795439720154
1,1,-1,1,-1,-1,-1,-1,-1,1,1,-1,-1,-1,1,-1,1,-1,-1,1,0.008971755392849445
1,1,-1,1,-1,-1,-1,-1,-1,1,1,-1,1,-1,1,1,-1,-1,-1,1,0.008971575647592545
1,1,-1,1,-1,-1,-1,-1,-1,1,1,1,-1,1,1,1,1,1,-1,1,0.008971955627202988
1,1,-1,1,-1,-1,-1,-1,1,-1,-1,-1,-1,-1,-1,-1,1,-1,1,1,0.00897203292697668
1,1,-1,1,-1,-1,-1,-1,1,-1,-1,-1,1,1,-1,1,-1,1,1,-1,0.008971650153398514
1,1,-1,1,-1,-1,-1,-1,1,-1,-1,1,-1,-1,-1,-1,-1,1,-1,-1,0.008972258307039738
1,1,-1,1,-1,-1,-1,-1,1,-1,-1,1,-1,1,-1,-1,-1,1,-1,-1,0.008972382172942162
1,1,-1,1,-1,-1,-1,-1,1,-1,-1,1,1,-1,1,1,-1,1,-1,-1,0.008971317671239376
1,1,-1,1,-1,-1,-1,-1,1,-1,1,-1,1,-1,-1,-1,1,1,-1,1,0.008972019888460636
1,1,-1,1,-1,-1,-1,-1,1,-1,1,-1,1,1,-1,1,-1,-1,1,1,0.008972006849944592
1,1,-1,1,-1,-1,-1,-1,1,-1,1,1,-1,-1,-1,-1,1,-1,-1,-1,0.008971945382654667
1,1,-1,1,-1,-1,-1,-1,1,-1,1,1,-1,-1,1,-1,1,-1,-1,1,0.008971854113042355
1,1,-1,1,-1,-1,-1,-1,1,-1,1,1,-1,1,-1,-1,-1,1,-1,1,0.008972824551165104
1,1,-1,1,-1,-1,-1,-1,1,-1,1,1,1,-1,1,1,1,1,-1,1,0.008971505798399448
1,1,-1,1,-1,-1,-1,-1,1,-1,1,1,1,1,-1,-1,1,1,-1,-1,0.00897181686013937
1,1,-1,1,-1,-1,-1,-1,1,-1,1,1,1,1,-1,1,-1,-1,1,-1,0.008971679024398327
1,1,-1,1,-1,-1,-1,-1,1,1,-1,-1,-1,1,-1,-1,-1,1,-1,1,0.008972796611487865
1,1,-1,1,-1,-1,-1,-1,1,1,-1,-1,1,-1,-1,1,1,1,1,-1,0.008971357718110085
1,1,-1,1,-1,-1,-1,-1,1,1,-1,-1,1,1,1,-1,1,-1,-1,-1,0.00897119753062725
1,1,-1,1,-1,-1,-1,-1,1,1,-1,1,-1,1,-1,-1,-1,1,-1,-1,0.0089724687859416
1,1,-1,1,-1,-1,-1,-1,1,1,-1,1,1,-1,1,1,-1,-1,1,-1,0.008971109054982662
1,1,-1,1,-1,-1,-1,-1,1,1,1,-1,-1,1,-1,1,-1,1,1,1,0.00897251907736063
1,1,-1,1,-1,-1,-1,-1,1,1,1,-1,1,1,1,-1,1,-1,1,1,0.008971430361270905
1,1,-1,1,-1,-1,-1,-1,1,1,1,-1,1,1,1,1,1,1,1,-1,0.008971006609499454
1,1,-1,1,-1,-1,-1,-1,1,1,1,1,1,1,1,-1,-1,1,-1,-1,0.008971654810011387
1,1,-1,1,-1,-1,-1,-1,1,1,1,1,1,1,1,1,1,-1,1,1,0.008971420116722584
1,1,-1,1,-1,-1,-1,1,-1,-1,-1,-1,-1,-1,-1,-1,1,1,1,1,0.008972370997071266
1,1,-1,1,-1,-1,-1,1,-1,-1,-1,-1,-1,-1,-1,1,-1,1,1,1,0.0089725311845541
1,1,-1,1,-1,-1,-1,1,-1,-1,-1,-1,-1,1,1,1,1,-1,1,-1,0.00897139497101307
1,1,-1,1,-1,-1,-1,1,-1,-1,-1,1,1,1,1,-1,-1,1,1,1,0.008971993811428547
1,1,-1,1,-1,-1,-1,1,-1,-1,1,-1,-1,-1,1,1,-1,-1,-1,1,0.00897218007594347
1,1,-1,1,-1,-1,-1,1,-1,-1,1,-1,-1,1,-1,1,1,-1,-1,1,0.008972552604973316
1,1,-1,1,-1,-1,-1,1,-1,-1,1,-1,-1,1,1,-1,-1,-1,1,-1,0.008971775881946087
1,1,-1,1,-1,-1,-1,1,-1,-1,1,-1,1,1,-1,1,1,-1,-1,-1,0.008971800096333027
1,1,-1,1,-1,-1,-1,1,-1,-1,1,1,-1,1,-1,1,-1,1,1,1,0.008972770534455776
1,1,-1,1,-1,-1,-1,1,-1,-1,1,1,1,-1,-1,-1,1,1,1,1,0.008972148410975933
1,1,-1,1,-1,-1,-1,1,-1,1,-1,-1,-1,-1,1,-1,-1,-1,-1,1,0.008972333744168282
1,1,-1,1,-1,-1,-1,1,-1,1,-1,-1,-1,1,-1,1,-1,1,1,1,0.008972742594778538
1,1,-1,1,-1,-1,-1,1,-1,1,-1,-1,-1,1,1,-1,-1,1,1,-1,0.008971920236945152
1,1,-1,1,-1,-1,-1,1,-1,1,-1,-1,1,-1,-1,-1,1,1,1,-1,0.00897170603275299
1,1,-1,1,-1,-1,-1,1,-1,1,-1,1,-1,1,1,-1,1,-1,1,-1,0.008971665054559708
1,1,-1,1,-1,-1,-1,1,-1,1,1,-1,-1,-1,-1,1,-1,-1,-1,1,0.00897277146577835
1,1,-1,1,-1,-1,-1,1,-1,1,1,-1,1,-1,1,1,-1,-1,1,1,0.008971717208623886
1,1,-1,1,-1,-1,-1,1,-1,1,1,1,1,1,-1,-1,1,-1,-1,-1,0.008972070179879665
1,1,-1,1,-1,-1,-1,1,1,-1,-1,-1,-1,-1,1,1,-1,-1,1,-1,0.008971625939011574
1,1,-1,1,-1,-1,-1,1,1,-1,-1,-1,-1,1,-1,-1,-1,-1,1,1,0.008972764946520329
1,1,-1,1,-1,-1,-1,1,1,-1,-1,-1,1,1,1,-1,1,1,1,1,0.008971751667559147
1,1,-1,1,-1,-1,-1,1,1,-1,-1,1,1,-1,1,-1,1,-1,-1,1,0.008971838280558586
1,1,-1,1,-1,-1,-1,1,1,-1,-1,1,1,-1,1,1,-1,1,-1,1,0.008972084149718285
1,1,-1,1,-1,-1,-1,1,1,1,-1,-1,1,-1,-1,-1,1,-1,1,-1,0.00897172000259161
1,1,-1,1,-1,-1,-1,1,1,1,-1,-1,1,-1,1,-1,1,-1,-1,-1,0.008971425704658031
1,1,-1,1,-1,-1,-1,1,1,1,-1,-1,1,-1,1,1,-1,1,-1,1,0.00897208508104086
1,1,-1,1,-1,-1,-1,1,1,1,-1,1,-1,-1,-1,-1,1,1,1,1,0.008972644805908203
1,1,-1,1,-1,-1,-1,1,1,1,-1,1,-1,-1,1,1,1,-1,1,1,0.008971958421170712
1,1,-1,1,-1,-1,-1,1,1,1,-1,1,1,-1,-1,-1,1,-1,1,1,0.008972220122814178
1,1,-1,1,-1,-1,-1,1,1,1,-1,1,1,1,-1,-1,-1,1,1,-1,0.008972272276878357
1,1,-1,1,-1,-1,-1,1,1,1,1,-1,-1,-1,1,1,-1,1,-1,1,0.008972452953457832
1,1,-1,1,-1,-1,-1,1,1,1,1,-1,-1,-1,1,1,1,1,1,1,0.008971987292170525
1,1,-1,1,-1,-1,-1,1,1,1,1,-1,-1,1,1,1,1,-1,1,1,0.008972025476396084
1,1,-1,1,-1,-1,-1,1,1,1,1,-1,1,-1,-1,1,-1,-1,-1,1,0.008972532115876675
1,1,-1,1,-1,-1,-1,1,1,1,1,-1,1,1,-1,-1,1,-1,1,1,0.008972286246716976
1,1,-1,1,-1,-1,-1,1,1,1,1,-1,1,1,1,1,-1,-1,-1,1,0.008972152136266232
1,1,-1,1,-1,-1,-1,1,1,1,1,1,-1,1,1,-1,-1,1,-1,1,0.00897275935858488
1,1,-1,1,-1,-1,1,-1,-1,-1,-1,-1,1,-1,-1,-1,1,-1,-1,-1,0.00897140521556139
1,1,-1,1,-1,-1,1,-1,-1,-1,-1,1,-1,-1,1,1,1,1,1,-1,0.008971106261014938
1,1,-1,1,-1,-1,1,-1,-1,-1,1,-1,-1,-1,1,-1,-1,1,1,-1,0.008971400558948517
1,1,-1,1,-1,-1,1,-1,-1,-1,1,-1,-1,-1,1,-1,1,1,-1,-1,0.008971355855464935
1,1,-1,1,-1,-1,1,-1,-1,-1,1,-1,-1,1,1,1,1,1,-1,1,0.008971797302365303
1,1,-1,1,-1,-1,1,-1,-1,-1,1,-1,1,-1,1,1,1,1,-1,1,0.008971333503723145
1,1,-1,1,-1,-1,1,-1,-1,-1,1,-1,1,1,-1,1,-1,-1,1,1,0.008971921168267727
1,1,-1,1,-1,-1,1,-1,-1,-1,1,1,-1,-1,-1,-1,1,-1,-1,-1,0.008971860632300377
1,1,-1,1,-1,-1,1,-1,-1,-1,1,1,1,-1,-1,-1,1,1,-1,-1,0.008971607312560081
1,1,-1,1,-1,-1,1,-1,-1,-1,1,1,1,1,1,-1,-1,1,1,-1,0.00897127203643322
1,1,-1,1,-1,-1,1,-1,-1,1,-1,-1,-1,-1,-1,1,1,1,-1,-1,0.008971821516752243
1,1,-1,1,-1,-1,1,-1,-1,1,-1,-1,-1,1,1,1,-1,1,-1,-1,0.008971696719527245
1,1,-1,1,-1,-1,1,-1,-1,1,-1,-1,-1,1,1,1,1,1,1,-1,0.008971231058239937
1,1,-1,1,-1,-1,1,-1,-1,1,-1,-1,1,1,-1,-1,1,-1,1,-1,0.008971406146883965
1,1,-1,1,-1,-1,1,-1,-1,1,-1,-1,1,1,1,1,-1,1,1,1,0.00897156074643135
1,1,-1,1,-1,-1,1,-1,-1,1,-1,1,-1,1,1,-1,-1,-1,-1,1,0.008972207084298134
1,1,-1,1,-1,-1,1,-1,-1,1,1,-1,-1,-1,1,-1,-1,1,1,-1,0.00897148810327053
1,1,-1,1,-1,-1,1,-1,-1,1,1,-1,-1,1,-1,-1,1,1,-1,1,0.00897248461842537
1,1,-1,1,-1,-1,1,-1,-1,1,1,-1,-1,1,1,1,1,-1,1,-1,0.008971174247562885
1,1,-1,1,-1,-1,1,-1,-1,1,1,1,-1,-1,1,1,1,1,1,-1,0.008971222676336765
1,1,-1,1,-1,-1,1,-1,-1,1,1,1,1,-1,1,-1,1,-1,-1,-1,0.008971104398369789
1,1,-1,1,-1,-1,1,-1,1,-1,-1,-1,-1,1,-1,-1,1,1,1,1,0.008972258307039738
1,1,-1,1,-1,-1,1,-1,1,-1,-1,-1,1,-1,1,1,-1,-1,-1,1,0.008971573784947395
1,1,-1,1,-1,-1,1,-1,1,-1,1,1,-1,-1,1,-1,-1,1,1,1,0.008972001262009144
1,1,-1,1,-1,-1,1,-1,1,-1,1,1,-1,1,1,-1,1,1,-1,1,0.008972079493105412
1,1,-1,1,-1,-1,1,-1,1,-1,1,1,1,1,-1,-1,-1,-1,1,-1,0.00897179078310728
1,1,-1,1,-1,-1,1,-1,1,-1,1,1,1,1,1,-1,1,-1,1,-1,0.00897102989256382
1,1,-1,1,-1,-1,1,-1,1,1,-1,-1,1,1,-1,-1,1,-1,-1,1,0.008972130715847015
1,1,-1,1,-1,-1,1,-1,1,1,-1,-1,1,1,1,-1,-1,1,-1,-1,0.008971554227173328
1,1,-1,1,-1,-1,1,-1,1,1,-1,-1,1,1,1,1,-1,-1,-1,-1,0.008971371687948704
1,1,-1,1,-1,-1,1,-1,1,1,-1,1,-1,-1,-1,1,1,1,-1,-1,0.008972007781267166
1,1,-1,1,-1,-1,1,-1,1,1,-1,1,1,-1,-1,-1,1,-1,1,1,0.008971882984042168
1,1,-1,1,-1,-1,1,-1,1,1,-1,1,1,1,1,1,1,1,1,-1,0.0089710783213377
1,1,-1,1,-1,-1,1,-1,1,1,1,-1,-1,1,1,1,1,1,-1,1,0.0089719844982028
1,1,-1,1,-1,-1,1,-1,1,1,1,1,1,-1,1,1,1,-1,1,1,0.008971311151981354
1,1,-1,1,-1,-1,1,-1,1,1,1,1,1,1,-1,-1,1,-1,-1,-1,0.008971832692623138
1,1,-1,1,-1,-1,1,-1,1,1,1,1,1,1,1,-1,1,-1,-1,1,0.008971741423010826
1,1,-1,1,-1,-1,1,1,-1,-1,-1,-1,-1,-1,-1,-1,1,-1,1,1,0.008972300216555595
1,1,-1,1,-1,-1,1,1,-1,-1,-1,-1,1,1,-1,-1,-1,1,1,-1,0.008972013369202614
1,1,-1,1,-1,-1,1,1,-1,-1,-1,-1,1,1,1,1,1,1,1,1,0.008971570059657097
1,1,-1,1,-1,-1,1,1,-1,-1,-1,1,-1,-1,1,1,1,1,1,1,0.008971871808171272
1,1,-1,1,-1,-1,1,1,-1,-1,-1,1,-1,1,1,1,1,1,-1,-1,0.00897179264575243
1,1,-1,1,-1,-1,1,1,-1,-1,-1,1,1,1,1,-1,1,1,1,-1,0.008971339091658592
1,1,-1,1,-1,-1,1,1,-1,-1,-1,1,1,1,1,1,1,1,-1,-1,0.00897145364433527
1,1,-1,1,-1,-1,1,1,-1,-1,1,-1,-1,-1,1,-1,1,1,1,-1,0.008971497416496277
1,1,-1,1,-1,-1,1,1,-1,-1,1,-1,-1,1,-1,1,1,-1,1,-1,0.008971943520009518
1,1,-1,1,-1,-1,1,1,-1,-1,1,-1,-1,1,1,-1,-1,-1,1,1,0.00897220429033041
1,1,-1,1,-1,-1,1,1,-1,-1,1,1,-1,-1,1,-1,-1,-1,-1,-1,0.008971963077783585
1,1,-1,1,-1,-1,1,1,-1,-1,1,1,-1,1,1,1,-1,-1,-1,1,0.008972404524683952
1,1,-1,1,-1,-1,1,1,-1,-1,1,1,1,-1,1,1,-1,-1,1,1,0.008971731178462505
1,1,-1,1,-1,-1,1,1,-1,-1,1,1,1,-1,1,1,-1,1,-1,1,0.008972028270363808
1,1,-1,1,-1,-1,1,1,-1,-1,1,1,1,1,1,-1,-1,-1,-1,1,0.008972162380814552
1,1,-1,1,-1,-1,1,1,-1,-1,1,1,1,1,1,-1,-1,1,1,-1,0.008971624076366425
1,1,-1,1,-1,-1,1,1,-1,1,-1,-1,-1,-1,-1,1,-1,1,-1,-1,0.008972429670393467
1,1,-1,1,-1,-1,1,1,-1,1,-1,-1,1,-1,1,1,-1,-1,-1,-1,0.008971499279141426
1,1,-1,1,-1,-1,1,1,-1,1,-1,1,-1,1,1,-1,-1,-1,1,-1,0.008971935138106346
1,1,-1,1,-1,-1,1,1,-1,1,-1,1,1,-1,1,-1,1,1,-1,1,0.008971926756203175
1,1,-1,1,-1,-1,1,1,-1,1,1,-1,-1,1,1,1,-1,1,-1,-1,0.008972078561782837
1,1,-1,1,-1,-1,1,1,-1,1,1,-1,1,-1,-1,1,1,1,-1,-1,0.008971864357590675
1,1,-1,1,-1,-1,1,1,-1,1,1,1,-1,1,1,1,1,1,1,1,0.008972113020718098
1,1,-1,1,-1,-1,1,1,-1,1,1,1,1,1,-1,-1,-1,-1,-1,-1,0.008972340263426304
1,1,-1,1,-1,-1,1,1,-1,1,1,1,1,1,-1,1,1,1,1,1,0.008972277864813805
1,1,-1,1,-1,-1,1,1,1,-1,-1,-1,-1,-1,-1,1,-1,1,1,1,0.008972645737230778
1,1,-1,1,-1,-1,1,1,1,-1,-1,-1,1,-1,1,1,-1,-1,-1,1,0.0089719258248806
1,1,-1,1,-1,-1,1,1,1,-1,1,-1,-1,1,-1,-1,1,1,1,-1,0.008972225710749626
1,1,-1,1,-1,-1,1,1,1,-1,1,-1,-1,1,1,-1,1,1,-1,-1,0.008971931412816048
1,1,-1,1,-1,-1,1,1,1,-1,1,-1,1,-1,-1,-1,1,1,1,-1,0.008971762843430042
1,1,-1,1,-1,-1,1,1,1,-1,1,-1,1,1,1,-1,-1,1,-1,-1,0.008971847593784332
1,1,-1,1,-1,-1,1,1,1,1,-1,-1,-1,-1,-1,-1,1,1,1,-1,0.008972159586846828
1,1,-1,1,-1,-1,1,1,1,1,-1,-1,-1,1,1,-1,-1,1,1,-1,0.00897203478962183
1,1,-1,1,-1,-1,1,1,1,1,-1,-1,1,-1,-1,1,1,1,1,-1,0.008971724659204483
1,1,-1,1,-1,-1,1,1,1,1,-1,1,1,-1,-1,1,-1,1,-1,-1,0.00897227693349123
1,1,-1,1,-1,-1,1,1,1,1,1,-1,1,-1,1,1,1,-1,1,-1,0.00897116307169199
1,1,-1,1,-1,-1,1,1,1,1,1,-1,1,1,-1,1,-1,1,-1,-1,0.008972343988716602
1,1,-1,1,-1,-1,1,1,1,1,1,1,-1,1,1,1,1,-1,1,1,0.008972126059234142
1,1,-1,1,-1,-1,1,1,1,1,1,1,1,-1,1,1,-1,-1,1,1,0.008971919305622578
1,1,-1,1,-1,1,-1,-1,-1,-1,-1,-1,-1,-1,-1,1,-1,1,-1,-1,0.008971886709332466
1,1,-1,1,-1,1,-1,-1,-1,-1,-1,-1,1,-1,-1,-1,-1,1,-1,-1,0.008971643634140491
1,1,-1,1,-1,1,-1,-1,-1,-1,-1,1,-1,-1,1,-1,-1,1,1,1,0.00897176843136549
1,1,-1,1,-1,1,-1,-1,-1,-1,-1,1,1,1,-1,-1,1,1,-1,-1,0.008971597999334335
1,1,-1,1,-1,1,-1,-1,-1,-1,1,-1,-1,-1,1,1,1,-1,-1,1,0.008971483446657658
1,1,-1,1,-1,1,-1,-1,-1,-1,1,1,-1,-1,-1,-1,-1,1,1,1,0.008972302079200745
1,1,-1,1,-1,1,-1,-1,-1,-1,1,1,1,1,1,1,-1,1,1,1,0.008971486240625381
1,1,-1,1,-1,1,-1,-1,-1,1,-1,-1,-1,1,1,-1,-1,1,-1,-1,0.008971689268946648
1,1,-1,1,-1,1,-1,-1,-1,1,-1,-1,1,-1,-1,-1,-1,1,-1,1,0.008972144685685635
1,1,-1,1,-1,1,-1,-1,-1,1,-1,-1,1,1,-1,1,1,1,1,-1,0.008971292525529861
1,1,-1,1,-1,1,-1,-1,-1,1,-1,1,-1,-1,-1,1,1,1,1,1,0.008972007781267166
1,1,-1,1,-1,1,-1,-1,-1,1,-1,1,1,-1,1,1,1,1,-1,1,0.008971374481916428
1,1,-1,1,-1,1,-1,-1,-1,1,1,-1,-1,1,-1,1,-1,-1,1,-1,0.00897183082997799
1,1,-1,1,-1,1,-1,-1,-1,1,1,1,1,1,-1,-1,1,-1,-1,1,0.008972042240202427
1,1,-1,1,-1,1,-1,-1,1,-1,-1,-1,-1,-1,-1,-1,-1,-1,1,1,0.008972199633717537
1,1,-1,1,-1,1,-1,-1,1,-1,-1,-1,-1,1,1,-1,-1,-1,1,-1,0.008971406146883965
1,1,-1,1,-1,1,-1,-1,1,-1,-1,-1,1,1,-1,-1,-1,1,1,-1,0.00897165760397911
1,1,-1,1,-1,1,-1,-1,1,-1,-1,1,-1,-1,-1,-1,-1,-1,1,1,0.008972286246716976
1,1,-1,1,-1,1,-1,-1,1,-1,-1,1,-1,-1,1,1,-1,-1,-1,1,0.008971896022558212
1,1,-1,1,-1,1,-1,-1,1,-1,-1,1,-1,1,-1,1,1,1,-1,1,0.008972355164587498
1,1,-1,1,-1,1,-1,-1,1,-1,-1,1,-1,1,1,1,-1,-1,-1,1,0.008972019888460636
1,1,-1,1,-1,1,-1,-1,1,-1,-1,1,1,-1,-1,1,1,1,-1,-1,0.00897147785872221
1,1,-1,1,-1,1,-1,-1,1,-1,-1,1,1,1,-1,1,1,1,-1,-1,0.008971601724624634
1,1,-1,1,-1,1,-1,-1,1,-1,1,-1,-1,-1,-1,1,1,-1,-1,1,0.008972087875008583
1,1,-1,1,-1,1,-1,-1,1,-1,1,-1,-1,-1,1,-1,1,1,-1,1,0.008971765637397766
1,1,-1,1,-1,1,-1,-1,1,-1,1,-1,-1,1,-1,1,-1,1,-1,1,0.00897255353629589
1,1,-1,1,-1,1,-1,-1,1,-1,1,-1,-1,1,1,-1,1,-1,1,1,0.008971593342721462
1,1,-1,1,-1,1,-1,-1,1,-1,1,1,-1,1,-1,1,1,1,1,1,0.008972174488008022
1,1,-1,1,-1,1,-1,-1,1,1,-1,-1,-1,-1,-1,1,-1,-1,1,-1,0.008971777744591236
1,1,-1,1,-1,1,-1,-1,1,1,-1,-1,-1,-1,-1,1,-1,1,1,-1,0.0089718634262681
1,1,-1,1,-1,1,-1,-1,1,1,-1,-1,-1,-1,1,-1,-1,-1,1,1,0.00897178240120411
1,1,-1,1,-1,1,-1,-1,1,1,-1,-1,1,1,1,1,-1,-1,-1,1,0.00897168181836605
1,1,-1,1,-1,1,-1,-1,1,1,-1,1,-1,1,1,1,-1,1,1,1,0.008971983566880226
1,1,-1,1,-1,1,-1,-1,1,1,1,-1,-1,-1,-1,1,-1,1,1,1,0.008972306735813618
1,1,-1,1,-1,1,-1,-1,1,1,1,-1,1,-1,1,-1,-1,-1,-1,-1,0.008971269242465496
1,1,-1,1,-1,1,-1,-1,1,1,1,-1,1,1,1,-1,-1,-1,-1,1,0.008971807546913624
1,1,-1,1,-1,1,-1,-1,1,1,1,1,-1,-1,-1,1,-1,-1,-1,-1,0.008972103707492352
1,1,-1,1,-1,1,-1,1,-1,-1,-1,-1,-1,1,-1,-1,1,-1,-1,-1,0.008972116746008396
1,1,-1,1,-1,1,-1,1,-1,-1,-1,-1,-1,1,1,-1,1,-1,1,-1,0.008971402421593666
1,1,-1,1,-1,1,-1,1,-1,-1,-1,1,-1,-1,-1,1,1,-1,-1,-1,0.008971983566880226
1,1,-1,1,-1,1,-1,1,-1,-1,-1,1,-1,1,1,1,-1,1,1,1,0.008972147479653358
1,1,-1,1,-1,1,-1,1,-1,-1,1,-1,-1,-1,-1,1,-1,-1,-1,-1,0.00897218193858862
1,1,-1,1,-1,1,-1,1,-1,-1,1,-1,1,-1,-1,-1,-1,1,1,1,0.00897222850471735
1,1,-1,1,-1,1,-1,1,-1,-1,1,-1,1,1,-1,1,-1,-1,1,1,0.00897216983139515
1,1,-1,1,-1,1,-1,1,-1,-1,1,1,-1,1,1,-1,1,-1,1,1,0.008971931412816048
1,1,-1,1,-1,1,-1,1,-1,-1,1,1,1,1,1,1,1,-1,1,-1,0.008971082977950573
1,1,-1,1,-1,1,-1,1,-1,1,-1,-1,-1,-1,-1,1,1,-1,1,-1,0.008971774019300938
1,1,-1,1,-1,1,-1,1,-1,1,-1,-1,1,-1,1,1,-1,-1,-1,-1,0.008971395902335644
1,1,-1,1,-1,1,-1,1,-1,1,-1,-1,1,-1,1,1,1,1,-1,-1,0.008971226401627064
1,1,-1,1,-1,1,-1,1,-1,1,-1,-1,1,1,-1,1,-1,1,1,1,0.008972314186394215
1,1,-1,1,-1,1,-1,1,-1,1,-1,1,-1,1,-1,1,1,1,1,1,0.00897248461842537
1,1,-1,1,-1,1,-1,1,-1,1,-1,1,-1,1,1,1,1,-1,-1,-1,0.008971690200269222
1,1,-1,1,-1,1,-1,1,-1,1,-1,1,1,-1,1,1,1,1,-1,-1,0.008971313014626503
1,1,-1,1,-1,1,-1,1,-1,1,-1,1,1,1,1,1,-1,1,-1,1,0.008972106501460075
1,1,-1,1,-1,1,-1,1,-1,1,1,-1,-1,1,1,-1,-1,-1,-1,1,0.00897239800542593
1,1,-1,1,-1,1,-1,1,-1,1,1,1,-1,1,1,-1,-1,1,-1,1,0.008972571231424809
1,1,-1,1,-1,1,-1,1,1,-1,-1,-1,-1,-1,-1,1,-1,-1,1,-1,0.008972042240202427
1,1,-1,1,-1,1,-1,1,1,-1,-1,-1,-1,-1,-1,1,1,1,-1,1,0.00897249672561884
1,1,-1,1,-1,1,-1,1,1,-1,-1,-1,1,1,-1,-1,1,-1,1,1,0.00897208135575056
1,1,-1,1,-1,1,-1,1,1,-1,-1,-1,1,1,1,1,1,-1,1,-1,0.008971067145466805
1,1,-1,1,-1,1,-1,1,1,-1,-1,1,-1,-1,-1,-1,-1,1,1,-1,0.00897231139242649
1,1,-1,1,-1,1,-1,1,1,-1,-1,1,-1,-1,-1,1,-1,-1,-1,-1,0.00897233933210373
1,1,-1,1,-1,1,-1,1,1,-1,1,1,-1,-1,1,-1,-1,1,1,-1,0.008971835486590862
1,1,-1,1,-1,1,-1,1,1,-1,1,1,1,-1,1,-1,1,1,1,-1,0.008971241302788258
1,1,-1,1,-1,1,-1,1,1,-1,1,1,1,-1,1,1,1,1,-1,1,0.00897176843136549
1,1,-1,1,-1,1,-1,1,1,-1,1,1,1,1,1,1,-1,-1,-1,1,0.008972061797976494
1,1,-1,1,-1,1,-1,1,1,1,-1,-1,-1,1,-1,1,-1,-1,1,1,0.008972667157649994
1,1,-1,1,-1,1,-1,1,1,1,-1,-1,1,-1,-1,1,1,-1,-1,1,0.008972158655524254
1,1,-1,1,-1,1,-1,1,1,1,-1,1,-1,-1,1,1,1,-1,-1,1,0.008972079493105412
1,1,-1,1,-1,1,-1,1,1,1,-1,1,1,-1,-1,1,-1,1,1,-1,0.008971963077783585
1,1,-1,1,-1,1,-1,1,1,1,-1,1,1,-1,1,-1,-1,1,-1,-1,0.008971764706075191
1,1,-1,1,-1,1,-1,1,1,1,-1,1,1,-1,1,1,1,1,1,1,0.008971616625785828
1,1,-1,1,-1,1,-1,1,1,1,1,-1,-1,-1,1,1,1,-1,-1,-1,0.00897160917520523
1,1,-1,1,-1,1,-1,1,1,1,1,-1,1,1,1,-1,1,-1,-1,-1,0.00897148996591568
1,1,-1,1,-1,1,1,-1,-1,-1,-1,-1,-1,-1,-1,1,-1,-1,1,1,0.008972018957138062
1,1,-1,1,-1,1,1,-1,-1,-1,-1,1,-1,-1,1,1,1,1,-1,1,0.008971640840172768
1,1,-1,1,-1,1,1,-1,-1,-1,-1,1,1,1,-1,1,1,-1,1,-1,0.008971220813691616
1,1,-1,1,-1,1,1,-1,-1,-1,1,-1,-1,-1,-1,1,-1,-1,-1,1,0.008972258307039738
1,1,-1,1,-1,1,1,-1,-1,-1,1,1,-1,1,-1,-1,1,-1,1,1,0.008972099050879478
1,1,-1,1,-1,1,1,-1,-1,-1,1,1,-1,1,-1,1,-1,1,1,1,0.008972344920039177
1,1,-1,1,-1,1,1,-1,-1,-1,1,1,1,1,-1,-1,-1,-1,1,1,0.008972015231847763
1,1,-1,1,-1,1,1,-1,-1,-1,1,1,1,1,1,-1,-1,-1,1,1,0.008971510455012321
1,1,-1,1,-1,1,1,-1,-1,1,-1,-1,-1,-1,1,-1,1,1,1,1,0.00897152815014124
1,1,-1,1,-1,1,1,-1,-1,1,-1,1,-1,-1,1,1,1,1,1,1,0.008971517905592918
1,1,-1,1,-1,1,1,-1,-1,1,-1,1,1,-1,-1,1,-1,-1,1,1,0.00897185318171978
1,1,-1,1,-1,1,1,-1,-1,1,1,-1,1,1,1,-1,1,1,-1,-1,0.00897113885730505
1,1,-1,1,-1,1,1,-1,-1,1,1,-1,1,1,1,1,-1,-1,-1,1,0.008971625939011574
1,1,-1,1,-1,1,1,-1,-1,1,1,1,-1,-1,1,-1,1,-1,1,-1,0.008971144445240498
1,1,-1,1,-1,1,1,-1,-1,1,1,1,-1,1,1,-1,1,-1,-1,-1,0.00897147785872221
1,1,-1,1,-1,1,1,-1,-1,1,1,1,-1,1,1,1,-1,1,-1,1,0.008972137235105038
1,1,-1,1,-1,1,1,-1,1,-1,-1,-1,-1,-1,-1,-1,-1,1,1,-1,0.00897188764065504
1,1,-1,1,-1,1,1,-1,1,-1,-1,-1,-1,-1,-1,1,-1,-1,1,1,0.008972118608653545
1,1,-1,1,-1,1,1,-1,1,-1,-1,-1,-1,-1,1,1,-1,1,-1,-1,0.008971496485173702
1,1,-1,1,-1,1,1,-1,1,-1,-1,1,-1,-1,-1,-1,-1,-1,-1,1,0.008972511626780033
1,1,-1,1,-1,1,1,-1,1,-1,1,-1,1,1,1,-1,-1,1,1,-1,0.008971196599304676
1,1,-1,1,-1,1,1,-1,1,-1,1,1,-1,1,1,-1,-1,1,-1,-1,0.008971832692623138
1,1,-1,1,-1,1,1,-1,1,-1,1,1,1,1,1,1,1,1,-1,1,0.008971555158495903
1,1,-1,1,-1,1,1,-1,1,1,-1,-1,-1,1,-1,-1,1,1,1,1,0.008972256444394588
1,1,-1,1,-1,1,1,-1,1,1,-1,-1,1,1,-1,-1,1,1,-1,1,0.008972127921879292
1,1,-1,1,-1,1,1,-1,1,1,-1,-1,1,1,-1,-1,1,1,1,1,0.008971917442977428
1,1,-1,1,-1,1,1,-1,1,1,-1,-1,1,1,1,1,1,1,1,-1,0.008970903232693672
1,1,-1,1,-1,1,1,-1,1,1,-1,1,-1,1,-1,-1,-1,-1,1,1,0.008972512558102608
1,1,-1,1,-1,1,1,-1,1,1,-1,1,1,1,1,-1,-1,1,1,1,0.008971755392849445
1,1,-1,1,-1,1,1,-1,1,1,1,-1,-1,-1,1,-1,-1,-1,-1,1,0.008972037583589554
1,1,-1,1,-1,1,1,-1,1,1,1,-1,-1,1,-1,1,-1,-1,1,-1,0.008971945382654667
1,1,-1,1,-1,1,1,-1,1,1,1,-1,1,-1,1,1,-1,1,1,-1,0.00897106435149908
1,1,-1,1,-1,1,1,1,-1,-1,-1,1,1,-1,1,1,-1,1,1,-1,0.00897128600627184
1,1,-1,1,-1,1,1,1,-1,-1,1,-1,1,-1,-1,-1,-1,1,1,-1,0.008971829898655415
1,1,-1,1,-1,1,1,1,-1,-1,1,-1,1,-1,1,-1,1,1,1,-1,0.008971069008111954
1,1,-1,1,-1,1,1,1,-1,-1,1,-1,1,-1,1,1,-1,-1,1,1,0.008971556089818478
1,1,-1,1,-1,1,1,1,-1,-1,1,1,-1,1,-1,-1,-1,-1,-1,-1,0.008972503244876862
1,1,-1,1,-1,1,1,1,-1,-1,1,1,-1,1,-1,-1,1,1,-1,-1,0.008972333744168282
1,1,-1,1,-1,1,1,1,-1,-1,1,1,1,-1,1,1,-1,-1,-1,1,0.00897185318171978
1,1,-1,1,-1,1,1,1,-1,-1,1,1,1,1,1,-1,1,1,-1,-1,0.00897148996591568
1,1,-1,1,-1,1,1,1,-1,1,-1,-1,-1,-1,1,-1,-1,1,1,-1,0.00897172186523676
1,1,-1,1,-1,1,1,1,-1,1,-1,1,-1,1,-1,1,-1,-1,1,1,0.008972668088972569
1,1,-1,1,-1,1,1,1,-1,1,1,-1,1,-1,-1,1,1,1,1,1,0.008971978910267353
1,1,-1,1,-1,1,1,1,1,-1,-1,-1,-1,-1,1,-1,-1,-1,-1,-1,0.008971858769655228
1,1,-1,1,-1,1,1,1,1,-1,-1,-1,-1,-1,1,-1,1,-1,1,-1,0.00897139310836792
1,1,-1,1,-1,1,1,1,1,-1,-1,-1,-1,1,1,1,-1,-1,1,-1,0.008971676230430603
1,1,-1,1,-1,1,1,1,1,-1,-1,-1,1,-1,1,1,-1,1,1,1,0.008971713483333588
1,1,-1,1,-1,1,1,1,1,-1,-1,-1,1,1,-1,1,-1,-1,1,-1,0.008971842005848885
1,1,-1,1,-1,1,1,1,1,-1,-1,1,-1,-1,-1,-1,-1,1,1,-1,0.008972326293587685
1,1,-1,1,-1,1,1,1,1,-1,-1,1,-1,-1,-1,1,-1,-1,-1,-1,0.008972353301942348
1,1,-1,1,-1,1,1,1,1,-1,-1,1,1,-1,1,1,1,-1,-1,-1,0.008971254341304302
1,1,-1,1,-1,1,1,1,1,-1,1,-1,-1,1,1,1,-1,-1,1,1,0.00897211953997612
1,1,-1,1,-1,1,1,1,1,-1,1,-1,1,-1,-1,1,1,1,-1,1,0.008972201496362686
1,1,-1,1,-1,1,1,1,1,-1,1,-1,1,1,1,-1,1,1,-1,-1,0.0089715039357543
1,1,-1,1,-1,1,1,1,1,1,-1,-1,1,-1,1,-1,-1,1,-1,1,0.00897210743278265
1,1,-1,1,-1,1,1,1,1,1,-1,-1,1,1,-1,1,1,-1,1,-1,0.00897167343646288
1,1,-1,1,-1,1,1,1,1,1,-1,1,1,-1,1,-1,1,1,1,-1,0.008971313945949078
1,1,-1,1,-1,1,1,1,1,1,1,-1,-1,1,-1,-1,1,1,-1,1,0.008972848765552044
1,1,-1,1,-1,1,1,1,1,1,1,-1,-1,1,-1,1,-1,1,-1,1,0.008973008021712303
1,1,-1,1,-1,1,1,1,1,1,1,-1,1,-1,-1,-1,-1,1,-1,-1,0.008972227573394775
1,1,-1,1,-1,1,1,1,1,1,1,-1,1,1,1,1,-1,1,-1,-1,0.008971750736236572
1,1,-1,1,-1,1,1,1,1,1,1,1,-1,-1,-1,1,1,1,-1,1,0.0089727146551013
1,1,-1,1,-1,1,1,1,1,1,1,1,1,-1,1,-1,-1,1,1,1,0.00897201243788004
1,1,-1,1,-1,1,1,1,1,1,1,1,1,1,-1,1,-1,-1,1,1,0.00897245854139328
1,1,-1,1,-1,1,1,1,1,1,1,1,1,1,1,1,-1,-1,1,1,0.008971953764557838
1,1,-1,1,1,-1,-1,-1,-1,-1,-1,-1,-1,1,1,-1,-1,-1,1,1,0.008971340022981167
1,1,-1,1,1,-1,-1,-1,-1,-1,-1,-1,1,-1,1,-1,1,-1,-1,-1,0.008970418013632298
1,1,-1,1,1,-1,-1,-1,-1,-1,-1,1,-1,-1,-1,1,-1,-1,1,-1,0.008971297182142735
1,1,-1,1,1,-1,-1,-1,-1,-1,1,-1,-1,1,-1,1,-1,-1,1,-1,0.008971364237368107
1,1,-1,1,1,-1,-1,-1,-1,-1,1,1,-1,1,1,-1,-1,1,-1,-1,0.008971338160336018
1,1,-1,1,1,-1,-1,-1,-1,-1,1,1,1,-1,-1,-1,-1,-1,1,-1,0.008971083909273148
1,1,-1,1,1,-1,-1,-1,-1,-1,1,1,1,-1,-1,1,-1,-1,1,-1,0.008970987051725388
1,1,-1,1,1,-1,-1,-1,-1,1,-1,-1,-1,-1,1,1,1,1,1,-1,0.008970623835921288
1,1,-1,1,1,-1,-1,-1,-1,1,-1,-1,-1,1,1,1,1,1,-1,1,0.008971371687948704
1,1,-1,1,1,-1,-1,-1,-1,1,-1,1,-1,-1,1,1,1,1,-1,1,0.00897133443504572
1,1,-1,1,1,-1,-1,-1,-1,1,-1,1,-1,1,1,1,1,1,1,-1,0.00897083431482315
1,1,-1,1,1,-1,-1,-1,-1,1,-1,1,1,1,-1,1,-1,1,-1,-1,0.00897146575152874
1,1,-1,1,1,-1,-1,-1,-1,1,-1,1,1,1,1,-1,1,1,-1,1,0.008971215225756168
1,1,-1,1,1,-1,-1,-1,-1,1,-1,1,1,1,1,1,1,1,1,-1,0.00897049531340599
1,1,-1,1,1,-1,-1,-1,-1,1,1,-1,-1,-1,-1,1,1,1,1,-1,0.008971157483756542
1,1,-1,1,1,-1,-1,-1,-1,1,1,-1,-1,-1,1,-1,1,-1,-1,1,0.008971286937594414
1,1,-1,1,1,-1,-1,-1,-1,1,1,-1,1,-1,-1,1,-1,-1,-1,1,0.008971611969172955
1,1,-1,1,1,-1,-1,-1,-1,1,1,1,-1,1,-1,1,-1,-1,1,1,0.008971950970590115
1,1,-1,1,1,-1,-1,-1,-1,1,1,1,-1,1,1,1,-1,1,1,1,0.008971532806754112
1,1,-1,1,1,-1,-1,-1,-1,1,1,1,1,1,-1,-1,-1,-1,-1,-1,0.008971504867076874
1,1,-1,1,1,-1,-1,-1,-1,1,1,1,1,1,-1,1,-1,1,1,1,0.008971698582172394
1,1,-1,1,1,-1,-1,-1,1,-1,-1,-1,-1,-1,-1,1,1,1,-1,1,0.008971764706075191
1,1,-1,1,1,-1,-1,-1,1,-1,-1,-1,1,-1,-1,1,-1,-1,-1,-1,0.008971181698143482
1,1,-1,1,1,-1,-1,-1,1,-1,-1,-1,1,-1,-1,1,1,-1,-1,1,0.008971340022981167
1,1,-1,1,1,-1,-1,-1,1,-1,-1,-1,1,-1,1,-1,1,-1,1,-1,0.008970307186245918
1,1,-1,1,1,-1,-1,-1,1,-1,-1,-1,1,-1,1,1,-1,-1,1,-1,0.008970466442406178
1,1,-1,1,1,-1,-1,-1,1,-1,-1,1,-1,1,-1,-1,1,-1,1,1,0.008971774950623512
1,1,-1,1,1,-1,-1,-1,1,-1,-1,1,1,-1,1,1,-1,1,-1,-1,0.008970850147306919
1,1,-1,1,1,-1,-1,-1,1,-1,1,-1,-1,-1,1,-1,1,-1,1,-1,0.008970675989985466
1,1,-1,1,1,-1,-1,-1,1,1,-1,-1,-1,-1,-1,1,-1,-1,-1,-1,0.008971608243882656
1,1,-1,1,1,-1,-1,-1,1,1,-1,-1,-1,1,-1,-1,1,1,1,-1,0.008971448987722397
1,1,-1,1,1,-1,-1,-1,1,1,-1,-1,-1,1,-1,1,1,1,-1,1,0.00897197611629963
1,1,-1,1,1,-1,-1,-1,1,1,-1,-1,1,-1,-1,-1,-1,-1,-1,1,0.00897177867591381
1,1,-1,1,1,-1,-1,-1,1,1,-1,-1,1,-1,-1,-1,-1,1,-1,1,0.00897186528891325
1,1,-1,1,1,-1,-1,-1,1,1,-1,-1,1,1,-1,1,1,1,-1,1,0.00897163711488247
1,1,-1,1,1,-1,-1,-1,1,1,-1,-1,1,1,1,-1,1,1,-1,-1,0.008970814757049084
1,1,-1,1,1,-1,-1,-1,1,1,-1,1,1,-1,-1,1,1,-1,1,1,0.008971302770078182
1,1,-1,1,1,-1,-1,-1,1,1,1,-1,1,1,1,-1,1,-1,-1,-1,0.008970757946372032
1,1,-1,1,1,-1,-1,1,-1,-1,-1,-1,-1,1,1,1,-1,1,-1,1,0.008971892297267914
1,1,-1,1,1,-1,-1,1,-1,-1,-1,-1,1,-1,-1,1,-1,-1,-1,-1,0.008971434086561203
1,1,-1,1,1,-1,-1,1,-1,-1,-1,-1,1,1,-1,1,-1,1,-1,1,0.008972058072686195
1,1,-1,1,1,-1,-1,1,-1,-1,-1,-1,1,1,1,-1,1,1,1,1,0.008971183560788631
1,1,-1,1,1,-1,-1,1,-1,-1,-1,1,1,-1,1,-1,1,-1,-1,1,0.00897127017378807
1,1,-1,1,1,-1,-1,1,-1,-1,1,-1,-1,-1,-1,1,-1,1,-1,1,0.008972302079200745
1,1,-1,1,1,-1,-1,1,-1,-1,1,1,-1,-1,1,1,-1,1,-1,-1,0.008971470408141613
1,1,-1,1,1,-1,-1,1,-1,-1,1,1,-1,1,1,1,1,1,1,1,0.008971542119979858
1,1,-1,1,1,-1,-1,1,-1,1,-1,-1,-1,1,-1,-1,1,1,-1,-1,0.008971910923719406
1,1,-1,1,1,-1,-1,1,-1,1,-1,-1,-1,1,-1,1,-1,1,-1,-1,0.008972070179879665
1,1,-1,1,1,-1,-1,1,-1,1,-1,-1,1,1,-1,-1,-1,1,-1,1,0.008972241543233395
1,1,-1,1,1,-1,-1,1,-1,1,-1,1,-1,-1,1,-1,1,1,1,1,0.008971571922302246
1,1,-1,1,1,-1,-1,1,-1,1,1,-1,-1,1,-1,1,1,1,-1,1,0.008972257375717163
1,1,-1,1,1,-1,-1,1,-1,1,1,-1,1,-1,1,1,-1,1,1,1,0.008971335366368294
1,1,-1,1,1,-1,-1,1,-1,1,1,1,-1,-1,-1,1,-1,-1,1,1,0.008972179144620895
1,1,-1,1,1,-1,-1,1,1,-1,-1,-1,1,-1,-1,-1,1,-1,-1,-1,0.008971374481916428
1,1,-1,1,1,-1,-1,1,1,-1,-1,-1,1,1,-1,-1,-1,-1,-1,1,0.00897216796875
1,1,-1,1,1,-1,-1,1,1,-1,-1,-1,1,1,-1,-1,1,-1,1,-1,0.008971287868916988
1,1,-1,1,1,-1,-1,1,1,-1,-1,-1,1,1,1,-1,-1,-1,-1,-1,0.00897124968469143
1,1,-1,1,1,-1,-1,1,1,-1,-1,1,-1,-1,1,1,1,-1,1,1,0.008971402421593666
1,1,-1,1,1,-1,-1,1,1,-1,1,-1,-1,-1,1,-1,-1,-1,-1,1,0.008971907198429108
1,1,-1,1,1,-1,-1,1,1,-1,1,-1,-1,1,-1,1,1,1,1,1,0.008972059935331345
1,1,-1,1,1,-1,-1,1,1,-1,1,-1,1,1,-1,-1,1,-1,1,1,0.008971731178462505
1,1,-1,1,1,-1,-1,1,1,-1,1,1,1,1,-1,1,1,1,1,-1,0.008971394039690495
1,1,-1,1,1,-1,-1,1,1,1,-1,-1,-1,-1,1,1,1,1,-1,-1,0.00897128600627184
1,1,-1,1,1,-1,-1,1,1,1,-1,-1,-1,1,1,1,1,1,-1,-1,0.008971409872174263
1,1,-1,1,1,-1,-1,1,1,1,-1,1,-1,1,-1,1,1,1,-1,1,0.008972414769232273
1,1,-1,1,1,-1,-1,1,1,1,-1,1,-1,1,1,-1,1,-1,1,-1,0.00897129625082016
1,1,-1,1,1,-1,-1,1,1,1,1,-1,-1,-1,-1,-1,1,-1,-1,1,0.008972243405878544
1,1,-1,1,1,-1,-1,1,1,1,1,-1,1,-1,-1,1,-1,1,1,1,0.00897193979471922
1,1,-1,1,1,-1,-1,1,1,1,1,-1,1,-1,-1,1,1,-1,-1,-1,0.00897139497101307
1,1,-1,1,1,-1,-1,1,1,1,1,-1,1,1,1,1,-1,-1,1,-1,0.008971059694886208
1,1,-1,1,1,-1,-1,1,1,1,1,1,-1,-1,1,-1,-1,-1,-1,-1,0.008971667848527431
1,1,-1,1,1,-1,-1,1,1,1,1,1,-1,-1,1,1,-1,-1,-1,1,0.008971985429525375
1,1,-1,1,1,-1,-1,1,1,1,1,1,-1,1,-1,-1,1,-1,-1,-1,0.008972040377557278
1,1,-1,1,1,-1,-1,1,1,1,1,1,-1,1,1,-1,-1,1,-1,1,0.008972291834652424
1,1,-1,1,1,-1,1,-1,-1,-1,-1,-1,-1,-1,1,-1,1,1,1,1,0.008971061557531357
1,1,-1,1,1,-1,1,-1,-1,-1,-1,-1,1,-1,-1,-1,-1,-1,-1,-1,0.008971192874014378
1,1,-1,1,1,-1,1,-1,-1,-1,-1,-1,1,-1,-1,-1,-1,1,1,1,0.008971482515335083
1,1,-1,1,1,-1,1,-1,-1,-1,-1,1,-1,-1,1,1,1,-1,-1,-1,0.00897076167166233
1,1,-1,1,1,-1,1,-1,-1,-1,-1,1,1,-1,1,-1,1,1,1,1,0.008970808237791061
1,1,-1,1,1,-1,1,-1,-1,-1,-1,1,1,-1,1,1,-1,-1,1,1,0.008970881812274456
1,1,-1,1,1,-1,1,-1,-1,-1,1,-1,1,-1,-1,1,-1,-1,-1,1,0.008971539326012135
1,1,-1,1,1,-1,1,-1,-1,-1,1,1,1,1,-1,1,1,1,-1,1,0.008971580304205418
1,1,-1,1,1,-1,1,-1,-1,-1,1,1,1,1,1,-1,-1,-1,-1,1,0.008971341885626316
1,1,-1,1,1,-1,1,-1,-1,1,-1,1,-1,1,1,-1,-1,-1,1,-1,0.00897111464291811
1,1,-1,1,1,-1,1,-1,-1,1,1,-1,-1,-1,1,1,-1,1,-1,1,0.008971547707915306
1,1,-1,1,1,-1,1,-1,-1,1,1,-1,1,-1,1,1,-1,-1,1,-1,0.008970498107373714
1,1,-1,1,1,-1,1,-1,-1,1,1,-1,1,1,1,1,-1,1,-1,-1,0.00897091906517744
1,1,-1,1,1,-1,1,-1,-1,1,1,1,-1,1,1,-1,-1,1,1,1,0.008971643634140491
1,1,-1,1,1,-1,1,-1,-1,1,1,1,1,-1,-1,1,1,1,-1,-1,0.008971130475401878
1,1,-1,1,1,-1,1,-1,1,-1,-1,-1,-1,1,-1,1,1,-1,1,1,0.008971607312560081
1,1,-1,1,1,-1,1,-1,1,-1,-1,-1,1,1,1,-1,1,1,1,1,0.008970946073532104
1,1,-1,1,1,-1,1,-1,1,-1,-1,1,-1,1,1,1,-1,-1,1,1,0.008971445262432098
1,1,-1,1,1,-1,1,-1,1,-1,-1,1,-1,1,1,1,1,-1,1,-1,0.00897077564150095
1,1,-1,1,1,-1,1,-1,1,-1,-1,1,1,-1,-1,1,-1,1,1,1,0.00897157285362482
1,1,-1,1,1,-1,1,-1,1,-1,-1,1,1,-1,1,1,1,1,-1,1,0.008971022441983223
1,1,-1,1,1,-1,1,-1,1,-1,-1,1,1,1,1,-1,-1,-1,-1,-1,0.008970998227596283
1,1,-1,1,1,-1,1,-1,1,-1,-1,1,1,1,1,1,1,-1,-1,-1,0.008970647118985653
1,1,-1,1,1,-1,1,-1,1,-1,1,-1,-1,1,-1,-1,1,-1,-1,-1,0.008971529081463814
1,1,-1,1,1,-1,1,-1,1,-1,1,-1,-1,1,-1,1,1,1,1,1,0.008971722796559334
1,1,-1,1,1,-1,1,-1,1,-1,1,-1,1,-1,1,-1,1,1,1,-1,0.008970437571406364
1,1,-1,1,1,-1,1,-1,1,-1,1,-1,1,1,-1,-1,1,-1,-1,-1,0.008971190080046654
1,1,-1,1,1,-1,1,-1,1,-1,1,1,-1,-1,1,1,1,-1,-1,1,0.008971304632723331
1,1,-1,1,1,-1,1,-1,1,-1,1,1,-1,1,-1,-1,-1,1,1,-1,0.008971747942268848
1,1,-1,1,1,-1,1,-1,1,-1,1,1,1,-1,-1,-1,1,-1,1,-1,0.008970942348241806
1,1,-1,1,1,-1,1,-1,1,-1,1,1,1,1,-1,-1,-1,-1,-1,-1,0.008971532806754112
1,1,-1,1,1,-1,1,-1,1,-1,1,1,1,1,-1,1,1,-1,1,1,0.008971383795142174
1,1,-1,1,1,-1,1,-1,1,1,-1,-1,-1,1,1,-1,-1,1,-1,-1,0.008971424773335457
1,1,-1,1,1,-1,1,-1,1,1,-1,-1,1,1,-1,-1,-1,-1,-1,-1,0.0089715039357543
1,1,-1,1,1,-1,1,-1,1,1,-1,1,-1,-1,-1,1,-1,1,1,1,0.008971999399363995
1,1,-1,1,1,-1,1,-1,1,1,-1,1,1,1,-1,-1,-1,-1,-1,-1,0.008971590548753738
1,1,-1,1,1,-1,1,-1,1,1,-1,1,1,1,1,-1,1,1,1,1,0.008971120230853558
1,1,-1,1,1,-1,1,-1,1,1,1,-1,-1,1,1,-1,-1,1,-1,1,0.008971868082880974
1,1,-1,1,1,-1,1,-1,1,1,1,-1,1,1,1,-1,1,-1,-1,1,0.008971186354756355
1,1,-1,1,1,-1,1,-1,1,1,1,1,-1,-1,-1,-1,1,1,1,1,0.008971869014203548
1,1,-1,1,1,-1,1,-1,1,1,1,1,-1,1,-1,-1,1,1,1,-1,0.008971579372882843
1,1,-1,1,1,-1,1,-1,1,1,1,1,-1,1,1,-1,1,1,1,1,0.00897148810327053
1,1,-1,1,1,-1,1,-1,1,1,1,1,1,-1,-1,-1,1,1,-1,1,0.008971740491688251
1,1,-1,1,1,-1,1,-1,1,1,1,1,1,-1,1,1,-1,-1,-1,1,0.00897130835801363
1,1,-1,1,1,-1,1,-1,1,1,1,1,1,1,1,1,-1,-1,-1,1,0.008971432223916054
1,1,-1,1,1,-1,1,-1,1,1,1,1,1,1,1,1,1,1,1,1,0.008971053175628185
1,1,-1,1,1,-1,1,1,-1,-1,-1,1,-1,1,1,1,1,-1,1,1,0.0089714415371418
1,1,-1,1,1,-1,1,1,-1,-1,-1,1,1,-1,1,-1,1,-1,1,1,0.008971074596047401
1,1,-1,1,1,-1,1,1,-1,-1,1,-1,-1,1,1,-1,-1,1,-1,1,0.00897203292697668
1,1,-1,1,1,-1,1,1,-1,-1,1,-1,-1,1,1,-1,1,-1,-1,1,0.008971691131591797
1,1,-1,1,1,-1,1,1,-1,-1,1,1,1,-1,1,-1,1,1,-1,-1,0.008970987051725388
1,1,-1,1,1,-1,1,1,-1,1,-1,-1,-1,-1,-1,1,-1,1,1,-1,0.008971750736236572
1,1,-1,1,1,-1,1,1,-1,1,-1,-1,-1,-1,-1,1,1,1,1,-1,0.008971495553851128
1,1,-1,1,1,-1,1,1,-1,1,-1,-1,-1,1,1,1,1,1,-1,1,0.008971738629043102
1,1,-1,1,1,-1,1,1,-1,1,-1,-1,1,-1,-1,-1,-1,1,1,-1,0.008971508592367172
1,1,-1,1,1,-1,1,1,-1,1,-1,-1,1,1,-1,-1,1,1,1,-1,0.008971376344561577
1,1,-1,1,1,-1,1,1,-1,1,-1,-1,1,1,-1,1,-1,1,-1,-1,0.0089717460796237
1,1,-1,1,1,-1,1,1,-1,1,-1,-1,1,1,1,-1,-1,1,-1,1,0.008971751667559147
1,1,-1,1,1,-1,1,1,-1,1,-1,1,-1,1,-1,-1,-1,1,1,-1,0.008972058072686195
1,1,-1,1,1,-1,1,1,-1,1,-1,1,-1,1,-1,-1,1,1,1,-1,0.008971801958978176
1,1,-1,1,1,-1,1,1,-1,1,-1,1,1,1,-1,1,-1,-1,1,1,0.00897195003926754
1,1,-1,1,1,-1,1,1,-1,1,1,-1,1,-1,-1,-1,-1,1,1,1,0.008971950970590115
1,1,-1,1,1,-1,1,1,-1,1,1,-1,1,-1,1,1,1,1,-1,-1,0.008970891125500202
1,1,-1,1,1,-1,1,1,-1,1,1,-1,1,1,1,-1,1,1,-1,-1,0.008971111848950386
1,1,-1,1,1,-1,1,1,-1,1,1,1,-1,-1,-1,1,-1,1,-1,1,0.008972491137683392
1,1,-1,1,1,-1,1,1,-1,1,1,1,-1,-1,-1,1,1,1,-1,1,0.008972235023975372
1,1,-1,1,1,-1,1,1,-1,1,1,1,-1,-1,1,-1,1,-1,1,-1,0.008971116505563259
1,1,-1,1,1,-1,1,1,-1,1,1,1,-1,1,-1,-1,1,-1,-1,1,0.008972369134426117
1,1,-1,1,1,-1,1,1,-1,1,1,1,-1,1,-1,-1,1,-1,1,1,0.008972158655524254
1,1,-1,1,1,-1,1,1,1,-1,-1,1,-1,-1,-1,-1,-1,1,1,-1,0.008971946313977242
1,1,-1,1,1,-1,1,1,1,-1,-1,1,-1,-1,-1,-1,1,-1,-1,1,0.00897222850471735
1,1,-1,1,1,-1,1,1,1,-1,-1,1,1,1,1,-1,1,-1,-1,-1,0.008971095085144043
1,1,-1,1,1,-1,1,1,1,-1,1,-1,-1,1,-1,-1,-1,-1,1,-1,0.008971926756203175
1,1,-1,1,1,-1,1,1,1,-1,1,1,-1,1,-1,-1,-1,-1,-1,1,0.008972637355327606
1,1,-1,1,1,-1,1,1,1,-1,1,1,1,1,1,-1,1,-1,1,1,0.008971327915787697
1,1,-1,1,1,-1,1,1,1,1,-1,-1,-1,-1,-1,-1,-1,-1,-1,1,0.00897248461842537
1,1,-1,1,1,-1,1,1,1,1,-1,-1,-1,1,1,-1,-1,-1,1,1,0.008971894159913063
1,1,-1,1,1,-1,1,1,1,1,-1,1,-1,-1,1,1,1,1,-1,-1,0.008971387520432472
1,1,-1,1,1,-1,1,1,1,1,-1,1,-1,-1,1,1,1,1,1,-1,0.008971177041530609
1,1,-1,1,1,-1,1,1,1,1,1,-1,-1,-1,-1,-1,-1,1,1,1,0.008972390554845333
1,1,-1,1,1,-1,1,1,1,1,1,-1,-1,-1,-1,-1,1,1,-1,-1,0.008971931412816048
1,1,-1,1,1,-1,1,1,1,1,1,-1,-1,1,-1,-1,-1,1,1,1,0.008972514420747757
1,1,-1,1,1,-1,1,1,1,1,1,-1,1,1,1,-1,-1,-1,-1,1,0.00897179450839758
1,1,-1,1,1,-1,1,1,1,1,1,-1,1,1,1,-1,1,-1,-1,-1,0.00897112488746643
1,1,-1,1,1,-1,1,1,1,1,1,1,-1,-1,1,-1,1,-1,1,1,0.008971630595624447
1,1,-1,1,1,-1,1,1,1,1,1,1,-1,1,1,1,1,-1,1,-1,0.008971244096755981
1,1,-1,1,1,-1,1,1,1,1,1,1,1,-1,-1,1,1,1,-1,1,0.008971995674073696
1,1,-1,1,1,-1,1,1,1,1,1,1,1,-1,1,1,-1,1,-1,-1,0.008971333503723145
1,1,-1,1,1,1,-1,-1,-1,-1,-1,-1,-1,-1,1,1,-1,1,1,-1,0.008970703929662704
1,1,-1,1,1,1,-1,-1,-1,-1,-1,-1,-1,1,-1,1,-1,-1,-1,1,0.008971869945526123
1,1,-1,1,1,1,-1,-1,-1,-1,-1,-1,-1,1,-1,1,1,1,-1,1,0.008971700444817543
1,1,-1,1,1,1,-1,-1,-1,-1,-1,-1,-1,1,1,1,1,-1,-1,1,0.008971109054982662
1,1,-1,1,1,1,-1,-1,-1,-1,-1,1,1,-1,-1,-1,-1,1,1,-1,0.008971051312983036
1,1,-1,1,1,1,-1,-1,-1,-1,1,-1,-1,1,1,1,-1,1,-1,-1,0.008971067145466805
1,1,-1,1,1,1,-1,-1,-1,-1,1,-1,1,-1,-1,1,-1,-1,1,-1,0.00897081196308136
1,1,-1,1,1,1,-1,-1,-1,-1,1,-1,1,-1,1,-1,-1,-1,-1,1,0.00897102802991867
1,1,-1,1,1,1,-1,-1,-1,-1,1,-1,1,1,-1,1,-1,-1,1,1,0.008971349336206913
1,1,-1,1,1,1,-1,-1,-1,-1,1,1,-1,1,1,-1,-1,1,-1,1,0.008971663191914558
1,1,-1,1,1,1,-1,-1,-1,-1,1,1,1,-1,-1,-1,1,-1,1,1,0.008971152827143669
1,1,-1,1,1,1,-1,-1,-1,-1,1,1,1,1,-1,-1,1,-1,1,-1,0.008970863185822964
1,1,-1,1,1,1,-1,-1,-1,1,-1,-1,1,-1,-1,-1,-1,1,1,-1,0.00897105224430561
1,1,-1,1,1,1,-1,-1,-1,1,-1,1,-1,1,1,-1,1,-1,-1,-1,0.008970965631306171
1,1,-1,1,1,1,-1,-1,-1,1,-1,1,1,1,1,-1,1,1,-1,-1,0.00897071324288845
1,1,-1,1,1,1,-1,-1,-1,1,1,-1,-1,-1,-1,-1,-1,1,1,-1,0.008971421048045158
1,1,-1,1,1,1,-1,-1,-1,1,1,-1,-1,-1,1,-1,-1,-1,-1,-1,0.00897104013711214
1,1,-1,1,1,1,-1,-1,-1,1,1,1,-1,-1,-1,-1,1,-1,1,1,0.008971579372882843
1,1,-1,1,1,1,-1,-1,1,-1,-1,-1,1,-1,-1,1,1,1,1,-1,0.00897071324288845
1,1,-1,1,1,1,-1,-1,1,-1,-1,1,1,1,1,-1,1,1,1,1,0.008970929309725761
1,1,-1,1,1,1,-1,-1,1,-1,1,-1,-1,-1,-1,-1,-1,1,1,-1,0.008971433155238628
1,1,-1,1,1,1,-1,-1,1,1,-1,-1,-1,-1,-1,-1,1,-1,-1,1,0.008971774019300938
1,1,-1,1,1,1,-1,-1,1,1,-1,-1,-1,1,-1,-1,-1,1,1,-1,0.008971615694463253
1,1,-1,1,1,1,-1,-1,1,1,-1,-1,1,1,-1,1,1,-1,1,1,0.008971251547336578
1,1,-1,1,1,1,-1,-1,1,1,-1,1,-1,-1,1,1,-1,1,1,1,0.00897139124572277
1,1,-1,1,1,1,-1,-1,1,1,1,-1,1,-1,-1,1,1,1,1,1,0.008971243165433407
1,1,-1,1,1,1,-1,-1,1,1,1,-1,1,-1,1,-1,-1,-1,-1,1,0.008971215225756168
1,1,-1,1,1,1,-1,-1,1,1,1,-1,1,1,-1,1,1,-1,-1,-1,0.0089710783213377
1,1,-1,1,1,1,-1,-1,1,1,1,1,1,-1,-1,-1,1,1,1,1,0.008971426635980606
1,1,-1,1,1,1,-1,-1,1,1,1,1,1,1,1,-1,1,-1,1,1,0.008970959112048149
1,1,-1,1,1,1,-1,1,-1,-1,-1,-1,-1,-1,-1,-1,-1,-1,-1,1,0.00897219404578209
1,1,-1,1,1,1,-1,1,-1,-1,-1,-1,1,-1,-1,-1,-1,-1,1,-1,0.008971231058239937
1,1,-1,1,1,1,-1,1,-1,-1,-1,-1,1,-1,-1,-1,1,1,-1,-1,0.00897127203643322
1,1,-1,1,1,1,-1,1,-1,-1,-1,1,-1,-1,-1,1,-1,-1,-1,1,0.008972184732556343
1,1,-1,1,1,1,-1,1,-1,-1,-1,1,-1,-1,1,-1,1,-1,-1,-1,0.008971106261014938
1,1,-1,1,1,1,-1,1,-1,-1,-1,1,1,-1,1,1,-1,1,-1,-1,0.008971013128757477
1,1,-1,1,1,1,-1,1,-1,-1,-1,1,1,1,1,1,-1,-1,-1,1,0.008971464820206165
1,1,-1,1,1,1,-1,1,-1,-1,1,-1,-1,-1,-1,1,-1,-1,1,-1,0.008971503004431725
1,1,-1,1,1,1,-1,1,-1,-1,1,1,-1,1,1,-1,1,1,-1,-1,0.00897134654223919
1,1,-1,1,1,1,-1,1,-1,-1,1,1,-1,1,1,1,1,1,-1,1,0.008971663191914558
1,1,-1,1,1,1,-1,1,-1,-1,1,1,1,1,-1,-1,1,1,1,-1,0.008971300907433033
1,1,-1,1,1,1,-1,1,-1,1,-1,-1,-1,-1,-1,-1,1,-1,-1,1,0.008972025476396084
1,1,-1,1,1,1,-1,1,-1,1,-1,-1,1,-1,-1,1,-1,-1,-1,-1,0.008971432223916054
1,1,-1,1,1,1,-1,1,-1,1,-1,-1,1,-1,1,1,-1,-1,-1,-1,0.008970927447080612
1,1,-1,1,1,1,-1,1,-1,1,-1,-1,1,1,-1,-1,1,1,-1,1,0.008971896953880787
1,1,-1,1,1,1,-1,1,-1,1,-1,1,-1,-1,1,-1,1,-1,1,-1,0.008970983326435089
1,1,-1,1,1,1,-1,1,-1,1,-1,1,1,1,1,1,-1,-1,1,1,0.008971341885626316
1,1,-1,1,1,1,-1,1,-1,1,1,-1,-1,-1,1,1,-1,1,1,-1,0.008971172384917736
1,1,-1,1,1,1,-1,1,-1,1,1,-1,1,-1,-1,-1,-1,-1,-1,1,0.008971971459686756
1,1,-1,1,1,1,-1,1,-1,1,1,-1,1,1,1,1,-1,1,1,-1,0.008970957249403
1,1,-1,1,1,1,-1,1,-1,1,1,1,-1,-1,-1,-1,-1,-1,-1,1,0.008972397074103355
1,1,-1,1,1,1,-1,1,1,-1,-1,-1,1,-1,-1,1,1,1,-1,1,0.008971689268946648
1,1,-1,1,1,1,-1,1,1,-1,-1,-1,1,1,1,-1,-1,-1,-1,-1,0.008971160277724266
1,1,-1,1,1,1,-1,1,1,-1,-1,-1,1,1,1,1,-1,1,1,-1,0.008970940485596657
1,1,-1,1,1,1,-1,1,1,-1,-1,1,1,-1,1,1,-1,-1,-1,-1,0.008971027098596096
1,1,-1,1,1,1,-1,1,1,-1,1,-1,-1,-1,1,-1,-1,1,1,1,0.008971694856882095
1,1,-1,1,1,1,-1,1,1,-1,1,-1,-1,-1,1,1,-1,1,-1,1,0.008971808478236198
1,1,-1,1,1,1,-1,1,1,-1,1,1,1,-1,-1,-1,-1,1,1,-1,0.008971532806754112
1,1,-1,1,1,1,-1,1,1,-1,1,1,1,-1,1,1,1,1,1,1,0.00897109042853117
1,1,-1,1,1,1,-1,1,1,1,-1,-1,-1,1,1,-1,-1,1,-1,1,0.008972086943686008
1,1,-1,1,1,1,-1,1,1,1,-1,-1,1,1,1,1,-1,1,-1,1,0.008971652016043663
1,1,-1,1,1,1,-1,1,1,1,-1,1,-1,1,-1,1,1,1,1,-1,0.008971702307462692
1,1,-1,1,1,1,-1,1,1,1,-1,1,1,-1,1,1,-1,-1,1,1,0.008971317671239376
1,1,-1,1,1,1,-1,1,1,1,-1,1,1,1,-1,-1,-1,1,1,1,0.008972128853201866
1,1,-1,1,1,1,-1,1,1,1,1,-1,-1,-1,-1,-1,-1,-1,-1,1,0.008972411043941975
1,1,-1,1,1,1,-1,1,1,1,1,-1,-1,-1,-1,1,-1,-1,-1,1,0.008972314186394215
1,1,-1,1,1,1,-1,1,1,1,1,-1,-1,1,1,-1,1,1,1,-1,0.008971236646175385
1,1,-1,1,1,1,-1,1,1,1,1,-1,1,-1,-1,-1,1,-1,-1,1,0.008971815928816795
1,1,-1,1,1,1,-1,1,1,1,1,-1,1,1,-1,-1,-1,-1,1,-1,0.008971571922302246
1,1,-1,1,1,1,-1,1,1,1,1,-1,1,1,-1,-1,1,-1,-1,-1,0.00897152628749609
1,1,-1,1,1,1,1,-1,-1,-1,-1,-1,-1,1,1,-1,1,-1,1,1,0.008971010334789753
1,1,-1,1,1,1,1,-1,-1,-1,-1,-1,1,-1,1,1,1,1,-1,1,0.008970747701823711
1,1,-1,1,1,1,1,-1,-1,-1,-1,-1,1,1,-1,-1,-1,-1,1,-1,0.00897101778537035
1,1,-1,1,1,1,1,-1,-1,-1,-1,-1,1,1,-1,-1,1,1,-1,1,0.008971472270786762
1,1,-1,1,1,1,1,-1,-1,-1,-1,-1,1,1,-1,1,1,1,-1,1,0.008971376344561577
1,1,-1,1,1,1,1,-1,-1,-1,-1,1,-1,1,1,1,1,-1,1,1,0.008971000090241432
1,1,-1,1,1,1,1,-1,-1,-1,-1,1,1,-1,1,-1,1,1,-1,-1,0.008970516733825207
1,1,-1,1,1,1,1,-1,-1,-1,1,-1,-1,-1,-1,1,-1,1,-1,1,0.008971876464784145
1,1,-1,1,1,1,1,-1,-1,-1,1,-1,1,1,1,-1,-1,1,1,1,0.00897104199975729
1,1,-1,1,1,1,1,-1,-1,-1,1,1,-1,-1,-1,1,-1,-1,-1,1,0.008971876464784145
1,1,-1,1,1,1,1,-1,-1,1,-1,-1,-1,1,1,-1,1,-1,1,1,0.008971097879111767
1,1,-1,1,1,1,1,-1,-1,1,-1,-1,-1,1,1,-1,1,1,1,-1,0.008970770053565502
1,1,-1,1,1,1,1,-1,-1,1,-1,1,1,-1,-1,-1,-1,-1,1,-1,0.008971067145466805
1,1,-1,1,1,1,1,-1,-1,1,1,-1,1,-1,-1,-1,-1,-1,1,-1,0.008971010334789753
1,1,-1,1,1,1,1,-1,-1,1,1,-1,1,-1,-1,1,-1,-1,-1,-1,0.00897112488746643
1,1,-1,1,1,1,1,-1,-1,1,1,-1,1,-1,-1,1,1,-1,-1,-1,0.008970868773758411
1,1,-1,1,1,1,1,-1,-1,1,1,1,1,-1,1,-1,1,-1,-1,-1,0.008970546536147594
1,1,-1,1,1,1,1,-1,1,-1,-1,1,-1,1,-1,1,1,-1,-1,1,0.00897181499749422
1,1,-1,1,1,1,1,-1,1,-1,-1,1,1,1,-1,-1,-1,-1,1,1,0.008971617557108402
1,1,-1,1,1,1,1,-1,1,-1,1,-1,-1,1,-1,1,1,-1,1,1,0.008971547707915306
1,1,-1,1,1,1,1,-1,1,-1,1,-1,-1,1,1,-1,1,1,-1,-1,0.008971022441983223
1,1,-1,1,1,1,1,-1,1,-1,1,-1,1,-1,-1,1,-1,-1,1,1,0.008971340954303741
1,1,-1,1,1,1,1,-1,1,-1,1,-1,1,-1,-1,1,1,1,1,1,0.008971171453595161
1,1,-1,1,1,1,1,-1,1,-1,1,-1,1,1,-1,-1,-1,1,1,1,0.008971646428108215
1,1,-1,1,1,1,1,-1,1,-1,1,1,1,1,1,1,-1,1,1,-1,0.008970718830823898
1,1,-1,1,1,1,1,-1,1,1,-1,-1,-1,-1,-1,1,1,1,1,-1,0.008971154689788818
1,1,-1,1,1,1,1,-1,1,1,-1,-1,1,1,-1,1,-1,-1,1,-1,0.008971109054982662
1,1,-1,1,1,1,1,-1,1,1,-1,1,-1,-1,-1,1,-1,1,-1,1,0.008972120471298695
1,1,-1,1,1,1,1,-1,1,1,-1,1,1,-1,1,-1,-1,-1,-1,1,0.008971286937594414
1,1,-1,1,1,1,1,-1,1,1,-1,1,1,1,-1,1,-1,1,1,-1,0.008971281349658966
1,1,-1,1,1,1,1,-1,1,1,-1,1,1,1,1,1,1,1,-1,-1,0.008970731869339943
1,1,-1,1,1,1,1,-1,1,1,1,-1,-1,-1,1,-1,1,-1,1,-1,0.00897068902850151
1,1,-1,1,1,1,1,-1,1,1,1,-1,1,-1,-1,1,-1,1,-1,-1,0.00897131022065878
1,1,-1,1,1,1,1,-1,1,1,1,1,-1,-1,-1,1,1,-1,-1,-1,0.008971394039690495
1,1,-1,1,1,1,1,-1,1,1,1,1,-1,-1,1,1,-1,-1,1,-1,0.008970934897661209
1,1,-1,1,1,1,1,-1,1,1,1,1,-1,1,-1,1,1,-1,1,1,0.00897172186523676
1,1,-1,1,1,1,1,-1,1,1,1,1,-1,1,1,-1,1,-1,-1,-1,0.008971109986305237
1,1,-1,1,1,1,1,1,-1,-1,-1,-1,-1,-1,-1,1,1,-1,-1,1,0.008971856907010078
1,1,-1,1,1,1,1,1,-1,-1,-1,-1,-1,1,1,-1,-1,-1,-1,1,0.008971828036010265
1,1,-1,1,1,1,1,1,-1,-1,-1,-1,-1,1,1,1,-1,1,1,-1,0.008971194736659527
1,1,-1,1,1,1,1,1,-1,-1,1,-1,-1,1,1,1,1,1,-1,1,0.008971592411398888
1,1,-1,1,1,1,1,1,-1,-1,1,-1,1,-1,-1,-1,1,-1,1,-1,0.008971019648015499
1,1,-1,1,1,1,1,1,-1,-1,1,1,-1,-1,1,1,1,-1,-1,-1,0.008971055038273335
1,1,-1,1,1,1,1,1,-1,-1,1,1,-1,1,-1,-1,1,-1,1,1,0.008971982635557652
1,1,-1,1,1,1,1,1,-1,-1,1,1,1,1,-1,-1,1,-1,-1,1,0.008971854113042355
1,1,-1,1,1,1,1,1,-1,1,-1,-1,-1,-1,-1,1,-1,1,1,1,0.008972075767815113
1,1,-1,1,1,1,1,1,-1,1,-1,-1,1,-1,-1,-1,-1,1,-1,1,0.008972043171525002
1,1,-1,1,1,1,1,1,-1,1,-1,-1,1,-1,-1,1,1,1,-1,-1,0.008971277624368668
1,1,-1,1,1,1,1,1,-1,1,-1,1,-1,-1,1,-1,-1,-1,1,-1,0.008971254341304302
1,1,-1,1,1,1,1,1,-1,1,-1,1,-1,-1,1,-1,1,-1,1,1,0.008971412666141987
1,1,-1,1,1,1,1,1,-1,1,1,-1,-1,-1,1,1,1,-1,1,-1,0.008970845490694046
1,1,-1,1,1,1,1,1,-1,1,1,-1,-1,1,-1,1,-1,-1,-1,1,0.008972353301942348
1,1,-1,1,1,1,1,1,-1,1,1,-1,1,1,-1,-1,1,-1,1,-1,0.008971231058239937
1,1,-1,1,1,1,1,1,-1,1,1,1,-1,-1,1,-1,-1,1,1,1,0.008971783332526684
1,1,-1,1,1,1,1,1,-1,1,1,1,-1,1,-1,-1,-1,-1,1,1,0.00897232536226511
1,1,-1,1,1,1,1,1,1,-1,-1,-1,-1,1,-1,1,1,-1,-1,1,0.00897208135575056
1,1,-1,1,1,1,1,1,1,-1,-1,-1,-1,1,-1,1,1,1,-1,1,0.008972167037427425
1,1,-1,1,1,1,1,1,1,-1,-1,-1,1,1,1,1,1,1,-1,-1,0.008970909751951694
1,1,-1,1,1,1,1,1,1,-1,-1,1,-1,1,1,-1,-1,-1,-1,-1,0.00897160079330206
1,1,-1,1,1,1,1,1,1,-1,-1,1,-1,1,1,-1,-1,1,-1,1,0.008972100913524628
1,1,-1,1,1,1,1,1,1,-1,-1,1,-1,1,1,-1,1,-1,-1,1,0.008971759118139744
1,1,-1,1,1,1,1,1,1,-1,-1,1,-1,1,1,-1,1,1,-1,1,0.008971844799816608
1,1,-1,1,1,1,1,1,1,-1,1,-1,-1,-1,-1,-1,-1,1,-1,1,0.00897242408245802
1,1,-1,1,1,1,1,1,1,-1,1,-1,-1,-1,-1,1,-1,-1,1,1,0.008972031995654106
1,1,-1,1,1,1,1,1,1,-1,1,-1,1,-1,-1,1,-1,1,1,1,0.00897177867591381
1,1,-1,1,1,1,1,1,1,-1,1,-1,1,1,1,1,1,-1,-1,-1,0.008970852941274643
1,1,-1,1,1,1,1,1,1,-1,1,1,-1,1,1,-1,-1,-1,-1,-1,0.008971630595624447
1,1,-1,1,1,1,1,1,1,-1,1,1,1,-1,-1,1,-1,1,1,-1,0.00897145178169012
1,1,-1,1,1,1,1,1,1,-1,1,1,1,-1,1,1,1,1,1,-1,0.008970691822469234
1,1,-1,1,1,1,1,1,1,-1,1,1,1,1,-1,-1,1,-1,-1,1,0.008971953764557838
1,1,-1,1,1,1,1,1,1,-1,1,1,1,1,1,-1,1,-1,-1,-1,0.008971035480499268
1,1,-1,1,1,1,1,1,1,1,-1,-1,1,1,-1,1,1,1,-1,1,0.00897191558033228
1,1,-1,1,1,1,1,1,1,1,-1,1,1,-1,1,1,-1,-1,-1,-1,0.008971128612756729
1,1,-1,1,1,1,1,1,1,1,1,-1,-1,1,-1,-1,-1,1,-1,-1,0.008972221985459328
1,1,-1,1,1,1,1,1,1,1,1,-1,1,-1,1,-1,-1,1,1,1,0.008971457369625568
1,1,-1,1,1,1,1,1,1,1,1,-1,1,1,-1,-1,-1,1,1,-1,0.008971672505140305
1,1,1,-1,-1,-1,-1,-1,-1,-1,-1,-1,-1,-1,-1,-1,1,-1,1,-1,0.008971530012786388
1,1,1,-1,-1,-1,-1,-1,-1,-1,-1,-1,-1,-1,-1,1,1,-1,-1,1,0.00897205714136362
1,1,1,-1,-1,-1,-1,-1,-1,-1,-1,-1,-1,-1,-1,1,1,1,1,1,0.008971933275461197
1,1,1,-1,-1,-1,-1,-1,-1,-1,1,-1,-1,-1,-1,-1,-1,1,1,1,0.008972314186394215
1,1,1,-1,-1,-1,-1,-1,-1,-1,1,-1,-1,-1,1,-1,-1,1,-1,-1,0.008971606381237507
1,1,1,-1,-1,-1,-1,-1,-1,-1,1,1,1,-1,1,-1,1,-1,1,-1,0.008970801718533039
1,1,1,-1,-1,-1,-1,-1,-1,-1,1,1,1,1,-1,-1,-1,1,1,1,0.008972185663878918
1,1,1,-1,-1,-1,-1,-1,-1,-1,1,1,1,1,1,-1,1,1,1,1,0.008971425704658031
1,1,1,-1,-1,-1,-1,-1,-1,1,-1,-1,-1,-1,-1,-1,-1,1,-1,1,0.008972582407295704
1,1,1,-1,-1,-1,-1,-1,-1,1,1,-1,1,1,1,-1,1,-1,-1,-1,0.0089711369946599
1,1,1,-1,-1,-1,-1,-1,-1,1,1,1,1,-1,-1,1,-1,-1,1,-1,0.008971553295850754
1,1,1,-1,-1,-1,-1,-1,1,-1,-1,-1,-1,-1,-1,-1,1,-1,1,-1,0.008971629664301872
1,1,1,-1,-1,-1,-1,-1,1,-1,-1,-1,1,1,1,-1,-1,-1,-1,-1,0.008971375413239002
1,1,1,-1,-1,-1,-1,-1,1,-1,-1,-1,1,1,1,1,-1,1,-1,-1,0.008971366100013256
1,1,1,-1,-1,-1,-1,-1,1,-1,-1,1,-1,-1,1,1,1,1,-1,-1,0.008971411734819412
1,1,1,-1,-1,-1,-1,-1,1,-1,-1,1,1,-1,1,1,1,1,-1,-1,0.008971072733402252
1,1,1,-1,-1,-1,-1,-1,1,-1,-1,1,1,1,-1,1,1,-1,1,-1,0.00897140521556139
1,1,1,-1,-1,-1,-1,-1,1,-1,1,-1,-1,1,-1,1,-1,-1,1,1,0.008972356095910072
1,1,1,-1,-1,-1,-1,-1,1,-1,1,-1,-1,1,1,1,1,-1,-1,-1,0.008971392177045345
1,1,1,-1,-1,-1,-1,-1,1,-1,1,1,1,-1,-1,-1,1,-1,1,-1,0.008971406146883965
1,1,1,-1,-1,-1,-1,-1,1,-1,1,1,1,-1,1,1,-1,-1,-1,-1,0.008971271105110645
1,1,1,-1,-1,-1,-1,-1,1,1,-1,-1,-1,1,-1,-1,1,-1,1,-1,0.00897184107452631
1,1,1,-1,-1,-1,-1,-1,1,1,-1,-1,1,-1,-1,1,1,-1,1,1,0.00897169578820467
1,1,1,-1,-1,-1,-1,-1,1,1,-1,-1,1,-1,1,1,1,1,1,-1,0.008970863185822964
1,1,1,-1,-1,-1,-1,-1,1,1,-1,-1,1,-1,1,1,1,1,1,1,0.008971276693046093
1,1,1,-1,-1,-1,-1,-1,1,1,-1,-1,1,1,1,1,-1,1,1,1,0.008971656672656536
1,1,1,-1,-1,-1,-1,-1,1,1,-1,1,-1,-1,1,-1,1,-1,1,1,0.008971712552011013
1,1,1,-1,-1,-1,-1,-1,1,1,-1,1,-1,1,-1,-1,-1,-1,1,1,0.008972596377134323
1,1,1,-1,-1,-1,-1,-1,1,1,-1,1,1,-1,-1,1,1,1,1,-1,0.008971454575657845
1,1,1,-1,-1,-1,-1,-1,1,1,-1,1,1,-1,1,1,-1,1,1,1,0.008971619419753551
1,1,1,-1,-1,-1,-1,-1,1,1,-1,1,1,1,-1,1,-1,1,-1,1,0.008972457610070705
1,1,1,-1,-1,-1,-1,-1,1,1,-1,1,1,1,1,-1,-1,-1,-1,1,0.008971963077783585
1,1,1,-1,-1,-1,-1,-1,1,1,1,-1,-1,-1,1,1,1,-1,1,-1,0.008971145376563072
1,1,1,-1,-1,-1,-1,-1,1,1,1,-1,-1,1,1,1,-1,-1,1,1,0.008971938863396645
1,1,1,-1,-1,-1,-1,-1,1,1,1,-1,1,-1,1,1,-1,1,-1,-1,0.00897135864943266
1,1,1,-1,-1,-1,-1,-1,1,1,1,1,-1,-1,-1,1,1,1,-1,1,0.00897244643419981
1,1,1,-1,-1,-1,-1,-1,1,1,1,1,1,1,-1,1,1,-1,-1,1,0.00897214561700821
1,1,1,-1,-1,-1,-1,1,-1,-1,-1,-1,1,-1,-1,-1,-1,-1,-1,1,0.00897242221981287
1,1,1,-1,-1,-1,-1,1,-1,-1,-1,-1,1,1,-1,-1,-1,-1,-1,1,0.008972546085715294
1,1,1,-1,-1,-1,-1,1,-1,-1,-1,-1,1,1,1,-1,-1,1,-1,1,0.008972127921879292
1,1,1,-1,-1,-1,-1,1,-1,-1,-1,1,-1,-1,1,1,1,1,1,-1,0.00897145364433527
1,1,1,-1,-1,-1,-1,1,-1,-1,-1,1,-1,1,1,-1,-1,-1,-1,-1,0.008972053416073322
1,1,1,-1,-1,-1,-1,1,-1,-1,1,-1,-1,1,1,1,-1,1,-1,-1,0.00897198636084795
1,1,1,-1,-1,-1,-1,1,-1,-1,1,-1,1,-1,-1,1,-1,-1,-1,-1,0.008971941657364368
1,1,1,-1,-1,-1,-1,1,-1,-1,1,1,-1,-1,1,-1,1,-1,1,1,0.008971907198429108
1,1,1,-1,-1,-1,-1,1,-1,-1,1,1,-1,1,-1,-1,-1,-1,1,-1,0.008972377516329288
1,1,1,-1,-1,-1,-1,1,-1,1,-1,-1,-1,-1,1,1,1,-1,1,1,0.00897178240120411
1,1,1,-1,-1,-1,-1,1,-1,1,-1,-1,-1,1,-1,-1,1,-1,-1,-1,0.00897230301052332
1,1,1,-1,-1,-1,-1,1,-1,1,-1,1,-1,1,-1,-1,-1,-1,1,1,0.008972848765552044
1,1,1,-1,-1,-1,-1,1,-1,1,-1,1,-1,1,1,-1,-1,-1,1,1,0.008972343988716602
1,1,1,-1,-1,-1,-1,1,-1,1,-1,1,1,1,-1,-1,-1,-1,-1,-1,0.008972306735813618
1,1,1,-1,-1,-1,-1,1,-1,1,1,-1,-1,-1,-1,1,1,-1,1,-1,0.008971902541816235
1,1,1,-1,-1,-1,-1,1,-1,1,1,1,-1,-1,-1,1,-1,-1,-1,-1,0.008972454816102982
1,1,1,-1,-1,-1,-1,1,-1,1,1,1,-1,1,-1,-1,1,1,-1,-1,0.00897250510752201
1,1,1,-1,-1,-1,-1,1,1,-1,-1,1,-1,-1,-1,-1,1,-1,1,1,0.008972481824457645
1,1,1,-1,-1,-1,-1,1,1,-1,-1,1,-1,1,-1,-1,-1,1,1,-1,0.008972533978521824
1,1,1,-1,-1,-1,-1,1,1,-1,-1,1,-1,1,-1,1,1,1,1,-1,0.00897218193858862
1,1,1,-1,-1,-1,-1,1,1,-1,-1,1,1,-1,1,-1,-1,1,1,1,0.008971979841589928
1,1,1,-1,-1,-1,-1,1,1,-1,1,-1,-1,-1,1,-1,-1,1,1,1,0.008972262032330036
1,1,1,-1,-1,-1,-1,1,1,-1,1,-1,-1,1,1,-1,1,-1,-1,-1,0.00897184107452631
1,1,1,-1,-1,-1,-1,1,1,-1,1,-1,1,-1,-1,-1,-1,-1,1,1,0.008972341194748878
1,1,1,-1,-1,-1,-1,1,1,-1,1,1,-1,1,-1,1,1,-1,1,-1,0.008972125127911568
1,1,1,-1,-1,-1,-1,1,1,-1,1,1,1,-1,-1,-1,-1,-1,1,1,0.008972427807748318
1,1,1,-1,-1,-1,-1,1,1,-1,1,1,1,1,-1,1,-1,1,1,-1,0.008972127921879292
1,1,1,-1,-1,-1,-1,1,1,1,-1,-1,1,1,1,1,1,1,1,1,0.008971753530204296
1,1,1,-1,-1,-1,-1,1,1,1,-1,1,-1,-1,-1,1,1,-1,-1,-1,0.008972269482910633
1,1,1,-1,-1,-1,-1,1,1,1,-1,1,-1,1,1,-1,-1,-1,1,-1,0.008972031064331532
1,1,1,-1,-1,-1,-1,1,1,1,-1,1,-1,1,1,1,-1,1,1,-1,0.00897202081978321
1,1,1,-1,-1,-1,-1,1,1,1,-1,1,1,-1,-1,1,1,1,1,1,0.008972220122814178
1,1,1,-1,-1,-1,-1,1,1,1,-1,1,1,-1,1,-1,-1,-1,-1,-1,0.008971777744591236
1,1,1,-1,-1,-1,-1,1,1,1,-1,1,1,1,1,1,1,-1,-1,-1,0.008971549570560455
1,1,1,-1,-1,-1,-1,1,1,1,1,-1,-1,1,1,-1,-1,1,1,-1,0.008972059935331345
1,1,1,-1,-1,-1,-1,1,1,1,1,-1,1,-1,1,-1,1,-1,-1,1,0.008971878327429295
1,1,1,-1,-1,-1,-1,1,1,1,1,1,-1,-1,-1,1,-1,1,1,1,0.00897284410893917
1,1,1,-1,-1,-1,-1,1,1,1,1,1,-1,-1,1,-1,1,-1,1,-1,0.008971679955720901
1,1,1,-1,-1,-1,-1,1,1,1,1,1,1,-1,1,-1,1,1,-1,1,0.008972051553428173
1,1,1,-1,-1,-1,-1,1,1,1,1,1,1,1,1,1,1,1,1,-1,0.00897145550698042
1,1,1,-1,-1,-1,1,-1,-1,-1,-1,-1,-1,-1,1,1,-1,-1,1,-1,0.0089711993932724
1,1,1,-1,-1,-1,1,-1,-1,-1,-1,-1,-1,1,-1,-1,-1,1,1,1,0.00897242408245802
1,1,1,-1,-1,-1,1,-1,-1,-1,-1,-1,-1,1,-1,-1,1,-1,-1,1,0.008972292765974998
1,1,1,-1,-1,-1,1,-1,-1,-1,-1,-1,1,1,1,-1,-1,-1,-1,-1,0.008971290662884712
1,1,1,-1,-1,-1,1,-1,-1,-1,-1,1,-1,-1,1,-1,1,1,-1,1,0.008971836417913437
1,1,1,-1,-1,-1,1,-1,-1,-1,-1,1,-1,1,-1,1,-1,-1,-1,1,0.008972538635134697
1,1,1,-1,-1,-1,1,-1,-1,-1,-1,1,1,-1,1,-1,-1,-1,-1,1,0.008971666917204857
1,1,1,-1,-1,-1,1,-1,-1,-1,-1,1,1,1,-1,1,-1,-1,-1,-1,0.008971785195171833
1,1,1,-1,-1,-1,1,-1,-1,-1,1,-1,-1,1,-1,1,-1,-1,1,-1,0.008971856907010078
1,1,1,-1,-1,-1,1,-1,-1,1,-1,-1,-1,1,-1,-1,-1,1,-1,-1,0.008972307667136192
1,1,1,-1,-1,-1,1,-1,-1,1,-1,-1,1,1,1,-1,-1,-1,1,1,0.008971581235527992
1,1,1,-1,-1,-1,1,-1,-1,1,-1,1,-1,1,1,1,1,1,-1,-1,0.00897153839468956
1,1,1,-1,-1,-1,1,-1,-1,1,1,-1,-1,1,-1,1,1,-1,1,-1,0.008971689268946648
1,1,1,-1,-1,-1,1,-1,-1,1,1,-1,-1,1,-1,1,1,1,-1,-1,0.008971985429525375
1,1,1,-1,-1,-1,1,-1,-1,1,1,-1,1,-1,1,-1,-1,-1,1,1,0.008971487171947956
1,1,1,-1,-1,-1,1,-1,-1,1,1,-1,1,1,-1,-1,-1,-1,1,-1,0.008971701376140118
1,1,1,-1,-1,-1,1,-1,-1,1,1,1,-1,-1,-1,-1,-1,-1,-1,-1,0.008972213603556156
1,1,1,-1,-1,-1,1,-1,-1,1,1,1,1,-1,1,-1,-1,-1,-1,-1,0.008971369825303555
1,1,1,-1,-1,-1,1,-1,-1,1,1,1,1,1,-1,1,1,-1,-1,1,0.008972059935331345
1,1,1,-1,-1,-1,1,-1,1,-1,-1,-1,-1,-1,-1,-1,-1,1,1,1,0.00897239986807108
1,1,1,-1,-1,-1,1,-1,1,-1,-1,-1,1,-1,-1,-1,-1,-1,1,1,0.00897197425365448
1,1,1,-1,-1,-1,1,-1,1,-1,-1,-1,1,1,1,-1,-1,1,-1,-1,0.008971476927399635
1,1,1,-1,-1,-1,1,-1,1,-1,-1,1,1,-1,1,1,-1,-1,1,-1,0.008971046656370163
1,1,1,-1,-1,-1,1,-1,1,-1,1,-1,1,-1,1,1,1,1,1,1,0.00897123385220766
1,1,1,-1,-1,-1,1,-1,1,-1,1,-1,1,1,1,-1,1,1,1,-1,0.00897104013711214
1,1,1,-1,-1,-1,1,-1,1,-1,1,1,1,1,-1,-1,-1,1,1,-1,0.008971886709332466
1,1,1,-1,-1,-1,1,-1,1,1,-1,-1,1,1,-1,1,-1,-1,-1,1,0.008972300216555595
1,1,1,-1,-1,-1,1,-1,1,1,-1,1,-1,-1,-1,1,1,-1,1,-1,0.00897172186523676
1,1,1,-1,-1,-1,1,-1,1,1,-1,1,-1,1,1,-1,1,1,1,-1,0.008971523493528366
1,1,1,-1,-1,-1,1,-1,1,1,-1,1,1,-1,-1,1,1,-1,1,-1,0.0089713828638196
1,1,1,-1,-1,-1,1,-1,1,1,-1,1,1,-1,1,1,1,1,-1,-1,0.00897117517888546
1,1,1,-1,-1,-1,1,-1,1,1,1,-1,-1,-1,1,-1,-1,-1,1,-1,0.00897151231765747
1,1,1,-1,-1,-1,1,-1,1,1,1,-1,-1,1,1,1,-1,1,-1,-1,0.008971836417913437
1,1,1,-1,-1,-1,1,-1,1,1,1,-1,-1,1,1,1,1,1,-1,-1,0.008971581235527992
1,1,1,-1,-1,-1,1,-1,1,1,1,1,-1,1,-1,-1,-1,-1,-1,-1,0.008972437120974064
1,1,1,-1,-1,-1,1,-1,1,1,1,1,1,-1,-1,1,-1,-1,-1,1,0.008972291834652424
1,1,1,-1,-1,-1,1,-1,1,1,1,1,1,-1,1,-1,1,-1,-1,1,0.008971627801656723
1,1,1,-1,-1,-1,1,-1,1,1,1,1,1,1,-1,1,1,1,-1,1,0.008972246199846268
1,1,1,-1,-1,-1,1,1,-1,-1,-1,-1,-1,1,1,-1,-1,1,1,-1,0.008971857838332653
1,1,1,-1,-1,-1,1,1,-1,-1,-1,1,-1,1,-1,-1,1,-1,-1,-1,0.008972316980361938
1,1,1,-1,-1,-1,1,1,-1,-1,1,-1,-1,-1,1,-1,1,1,-1,-1,0.00897171813994646
1,1,1,-1,-1,-1,1,1,-1,-1,1,-1,1,-1,-1,-1,1,-1,-1,-1,0.008971797302365303
1,1,1,-1,-1,-1,1,1,-1,-1,1,1,-1,-1,-1,-1,1,1,1,1,0.008972512558102608
1,1,1,-1,-1,-1,1,1,-1,-1,1,1,-1,1,-1,1,-1,1,1,1,0.00897279568016529
1,1,1,-1,-1,-1,1,1,-1,-1,1,1,-1,1,-1,1,1,1,-1,-1,0.008972336538136005
1,1,1,-1,-1,-1,1,1,-1,-1,1,1,1,-1,-1,1,-1,1,-1,1,0.00897254329174757
1,1,1,-1,-1,-1,1,1,-1,1,-1,-1,-1,-1,1,-1,-1,1,-1,1,0.008972445502877235
1,1,1,-1,-1,-1,1,1,-1,1,-1,-1,-1,-1,1,1,-1,-1,-1,-1,0.008971849456429482
1,1,1,-1,-1,-1,1,1,-1,1,-1,-1,1,-1,1,1,-1,1,-1,1,0.008972009643912315
1,1,1,-1,-1,-1,1,1,-1,1,-1,-1,1,1,-1,-1,1,1,1,-1,0.00897185504436493
1,1,1,-1,-1,-1,1,1,-1,1,-1,-1,1,1,1,1,1,-1,1,1,0.008971582166850567
1,1,1,-1,-1,-1,1,1,-1,1,-1,1,1,-1,1,-1,1,1,-1,1,0.008971937000751495
1,1,1,-1,-1,-1,1,1,-1,1,1,-1,1,1,-1,-1,1,1,-1,1,0.008972507901489735
1,1,1,-1,-1,-1,1,1,-1,1,1,1,-1,1,1,-1,-1,1,-1,1,0.008972684852778912
1,1,1,-1,-1,-1,1,1,-1,1,1,1,1,1,-1,1,1,-1,1,1,0.00897220242768526
1,1,1,-1,-1,-1,1,1,1,-1,-1,-1,-1,-1,-1,-1,-1,1,1,-1,0.008972338400781155
1,1,1,-1,-1,-1,1,1,1,-1,-1,-1,-1,-1,-1,1,-1,1,1,1,0.008972655981779099
1,1,1,-1,-1,-1,1,1,1,-1,-1,-1,-1,1,-1,1,-1,-1,1,1,0.008972694166004658
1,1,1,-1,-1,-1,1,1,1,-1,-1,-1,-1,1,-1,1,-1,1,-1,-1,0.008972576819360256
1,1,1,-1,-1,-1,1,1,1,-1,-1,1,-1,-1,-1,1,1,1,1,1,0.008972486481070518
1,1,1,-1,-1,-1,1,1,1,-1,-1,1,-1,1,-1,-1,-1,1,1,1,0.008972962386906147
1,1,1,-1,-1,-1,1,1,1,-1,-1,1,1,1,1,1,-1,-1,-1,1,0.008972146548330784
1,1,1,-1,-1,-1,1,1,1,-1,1,-1,-1,-1,-1,1,1,1,1,-1,0.008972016163170338
1,1,1,-1,-1,-1,1,1,1,-1,1,-1,1,1,-1,-1,1,-1,1,1,0.008972224779427052
1,1,1,-1,-1,-1,1,1,1,-1,1,1,-1,1,-1,-1,-1,1,1,-1,0.008972578682005405
1,1,1,-1,-1,-1,1,1,1,-1,1,1,1,-1,-1,-1,1,1,-1,-1,0.008972070179879665
1,1,1,-1,-1,-1,1,1,1,1,-1,-1,-1,1,1,-1,-1,1,-1,-1,0.008972255513072014
1,1,1,-1,-1,-1,1,1,1,1,-1,-1,-1,1,1,-1,1,1,1,-1,0.008971789851784706
1,1,1,-1,-1,-1,1,1,1,1,-1,-1,-1,1,1,1,-1,1,-1,1,0.008972573094069958
1,1,1,-1,-1,-1,1,1,1,1,-1,-1,1,-1,-1,1,1,-1,1,-1,0.008971648290753365
1,1,1,-1,-1,-1,1,1,1,1,-1,1,-1,-1,-1,-1,1,-1,1,1,0.008972584269940853
1,1,1,-1,-1,-1,1,1,1,1,-1,1,1,-1,1,1,1,-1,1,1,0.008971644565463066
1,1,1,-1,-1,-1,1,1,1,1,1,-1,-1,1,1,-1,-1,1,-1,-1,0.008972284384071827
1,1,1,-1,-1,-1,1,1,1,1,1,-1,1,1,-1,1,-1,-1,1,-1,0.00897205714136362
1,1,1,-1,-1,-1,1,1,1,1,1,-1,1,1,-1,1,-1,1,-1,1,0.008972767740488052
1,1,1,-1,-1,-1,1,1,1,1,1,-1,1,1,1,1,-1,-1,-1,-1,0.008971762843430042
1,1,1,-1,-1,-1,1,1,1,1,1,-1,1,1,1,1,1,-1,-1,-1,0.008971507661044598
1,1,1,-1,-1,-1,1,1,1,1,1,1,-1,1,1,-1,1,1,-1,1,0.00897252932190895
1,1,1,-1,-1,1,-1,-1,-1,-1,-1,-1,1,-1,1,-1,1,1,1,1,0.008971096947789192
1,1,1,-1,-1,1,-1,-1,-1,-1,1,-1,-1,-1,1,-1,-1,-1,1,-1,0.00897122174501419
1,1,1,-1,-1,1,-1,-1,-1,-1,1,-1,1,1,-1,-1,-1,-1,-1,-1,0.008971720933914185
1,1,1,-1,-1,1,-1,-1,-1,-1,1,1,-1,-1,1,1,-1,1,-1,1,0.008971922099590302
1,1,1,-1,-1,1,-1,-1,-1,-1,1,1,-1,1,1,-1,-1,1,1,-1,0.008971517905592918
1,1,1,-1,-1,1,-1,-1,-1,-1,1,1,-1,1,1,-1,-1,1,1,1,0.008971931412816048
1,1,1,-1,-1,1,-1,-1,-1,-1,1,1,1,-1,-1,-1,1,1,1,-1,0.008971303701400757
1,1,1,-1,-1,1,-1,-1,-1,-1,1,1,1,-1,1,-1,-1,-1,-1,-1,0.008971178904175758
1,1,1,-1,-1,1,-1,-1,-1,1,-1,-1,-1,-1,1,1,-1,-1,1,-1,0.008971183560788631
1,1,1,-1,-1,1,-1,-1,-1,1,-1,-1,-1,1,-1,1,-1,1,-1,-1,0.008972108364105225
1,1,1,-1,-1,1,-1,-1,-1,1,-1,-1,1,-1,1,-1,1,-1,-1,1,0.00897130835801363
1,1,1,-1,-1,1,-1,-1,-1,1,-1,-1,1,1,-1,-1,-1,-1,1,1,0.008971982635557652
1,1,1,-1,-1,1,-1,-1,-1,1,-1,-1,1,1,1,1,-1,1,1,-1,0.00897105410695076
1,1,1,-1,-1,1,-1,-1,-1,1,-1,1,-1,-1,1,1,-1,1,-1,-1,0.008971566334366798
1,1,1,-1,-1,1,-1,-1,-1,1,-1,1,1,1,1,-1,1,-1,-1,-1,0.008971105329692364
1,1,1,-1,-1,1,-1,-1,-1,1,1,-1,1,-1,-1,1,-1,-1,-1,1,0.008972002193331718
1,1,1,-1,-1,1,-1,-1,-1,1,1,-1,1,-1,-1,1,-1,1,-1,1,0.008972087875008583
1,1,1,-1,-1,1,-1,-1,-1,1,1,-1,1,-1,1,1,1,1,-1,1,0.008971327915787697
1,1,1,-1,-1,1,-1,-1,-1,1,1,1,-1,1,-1,1,-1,1,-1,-1,0.008972223848104477
1,1,1,-1,-1,1,-1,-1,1,-1,-1,-1,-1,-1,1,1,-1,-1,-1,1,0.008971819654107094
1,1,1,-1,-1,1,-1,-1,1,-1,-1,-1,-1,1,1,1,-1,-1,-1,-1,0.008971530012786388
1,1,1,-1,-1,1,-1,-1,1,-1,-1,-1,-1,1,1,1,1,1,1,-1,0.008971150033175945
1,1,1,-1,-1,1,-1,-1,1,-1,-1,-1,1,-1,-1,1,1,-1,1,-1,0.008971105329692364
1,1,1,-1,-1,1,-1,-1,1,-1,-1,-1,1,1,1,-1,1,-1,-1,1,0.008971445262432098
1,1,1,-1,-1,1,-1,-1,1,-1,-1,1,-1,-1,1,1,1,1,-1,-1,0.008971323259174824
1,1,1,-1,-1,1,-1,-1,1,-1,-1,1,1,-1,1,-1,1,-1,-1,-1,0.00897099357098341
1,1,1,-1,-1,1,-1,-1,1,-1,-1,1,1,1,1,1,1,-1,-1,-1,0.008971021510660648
1,1,1,-1,-1,1,-1,-1,1,-1,1,-1,-1,1,1,-1,-1,-1,-1,-1,0.008971655741333961
1,1,1,-1,-1,1,-1,-1,1,-1,1,-1,1,-1,1,-1,1,-1,1,1,0.008971139788627625
1,1,1,-1,-1,1,-1,-1,1,-1,1,1,1,-1,-1,-1,-1,1,1,1,0.00897207297384739
1,1,1,-1,-1,1,-1,-1,1,1,-1,-1,-1,1,-1,-1,1,1,1,-1,0.008971838280558586
1,1,1,-1,-1,1,-1,-1,1,1,-1,-1,-1,1,-1,1,-1,-1,-1,-1,0.008972122333943844
1,1,1,-1,-1,1,-1,-1,1,1,-1,-1,1,1,1,1,-1,-1,1,-1,0.008971068076789379
1,1,1,-1,-1,1,-1,-1,1,1,-1,1,-1,-1,-1,-1,1,-1,-1,1,0.008972338400781155
1,1,1,-1,-1,1,-1,-1,1,1,-1,1,1,1,1,-1,-1,1,1,1,0.008971750736236572
1,1,1,-1,-1,1,-1,-1,1,1,1,1,-1,-1,-1,-1,1,1,1,-1,0.008971829898655415
1,1,1,-1,-1,1,-1,-1,1,1,1,1,-1,1,-1,1,-1,1,-1,1,0.008972737938165665
1,1,1,-1,-1,1,-1,-1,1,1,1,1,-1,1,1,1,1,-1,1,1,0.008971680887043476
1,1,1,-1,-1,1,-1,-1,1,1,1,1,1,-1,-1,1,1,-1,-1,1,0.008971932344138622
1,1,1,-1,-1,1,-1,-1,1,1,1,1,1,1,-1,1,-1,-1,-1,1,0.008972312323749065
1,1,1,-1,-1,1,-1,-1,1,1,1,1,1,1,1,1,-1,1,-1,1,0.008971894159913063
1,1,1,-1,-1,1,-1,1,-1,-1,-1,-1,1,-1,-1,-1,-1,1,1,1,0.008972209878265858
1,1,1,-1,-1,1,-1,1,-1,-1,-1,-1,1,-1,-1,1,-1,1,-1,1,0.00897232349961996
1,1,1,-1,-1,1,-1,1,-1,-1,-1,-1,1,1,1,-1,1,-1,1,1,0.008971487171947956
1,1,1,-1,-1,1,-1,1,-1,-1,-1,-1,1,1,1,1,-1,-1,-1,-1,0.00897144339978695
1,1,1,-1,-1,1,-1,1,-1,-1,-1,1,-1,-1,-1,-1,-1,1,1,-1,0.008972221054136753
1,1,1,-1,-1,1,-1,1,-1,-1,-1,1,1,1,-1,-1,1,1,1,1,0.008972164243459702
1,1,1,-1,-1,1,-1,1,-1,-1,-1,1,1,1,1,-1,-1,1,-1,1,0.008972125127911568
1,1,1,-1,-1,1,-1,1,-1,-1,1,-1,1,-1,-1,-1,-1,-1,-1,1,0.008972362615168095
1,1,1,-1,-1,1,-1,1,-1,-1,1,-1,1,-1,1,1,-1,1,1,-1,0.008971224538981915
1,1,1,-1,-1,1,-1,1,-1,-1,1,1,-1,1,1,-1,-1,-1,1,-1,0.008971784263849258
1,1,1,-1,-1,1,-1,1,-1,-1,1,1,1,-1,1,-1,-1,1,1,-1,0.00897140707820654
1,1,1,-1,-1,1,-1,1,-1,1,-1,-1,-1,-1,1,1,-1,1,-1,-1,0.008971831761300564
1,1,1,-1,-1,1,-1,1,-1,1,-1,-1,1,-1,1,-1,1,1,1,1,0.00897153653204441
1,1,1,-1,-1,1,-1,1,-1,1,-1,-1,1,-1,1,1,1,-1,1,-1,0.008970940485596657
1,1,1,-1,-1,1,-1,1,-1,1,-1,1,1,-1,-1,1,-1,-1,-1,1,0.008972411043941975
1,1,1,-1,-1,1,-1,1,-1,1,1,-1,1,1,1,-1,1,-1,-1,-1,0.008971400558948517
1,1,1,-1,-1,1,-1,1,-1,1,1,1,-1,-1,1,1,1,1,-1,-1,0.008971692062914371
1,1,1,-1,-1,1,-1,1,-1,1,1,1,1,1,1,-1,-1,1,1,-1,0.008971618488430977
1,1,1,-1,-1,1,-1,1,1,-1,-1,-1,-1,-1,1,-1,1,1,1,1,0.008971888571977615
1,1,1,-1,-1,1,-1,1,1,-1,-1,1,-1,-1,-1,1,-1,1,-1,-1,0.008972435258328915
1,1,1,-1,-1,1,-1,1,1,-1,-1,1,-1,1,1,1,1,1,1,1,0.008972002193331718
1,1,1,-1,-1,1,-1,1,1,-1,-1,1,1,1,1,1,1,1,1,-1,0.00897124968469143
1,1,1,-1,-1,1,-1,1,1,-1,1,-1,-1,-1,-1,-1,-1,-1,-1,-1,0.008972388692200184
1,1,1,-1,-1,1,-1,1,1,-1,1,-1,-1,1,-1,1,-1,1,1,1,0.008972705341875553
1,1,1,-1,-1,1,-1,1,1,-1,1,-1,1,-1,1,-1,-1,1,-1,1,0.008972044102847576
1,1,1,-1,-1,1,-1,1,1,-1,1,-1,1,1,-1,-1,-1,-1,1,-1,0.008971963077783585
1,1,1,-1,-1,1,-1,1,1,-1,1,1,-1,1,1,-1,-1,-1,1,1,0.008972297422587872
1,1,1,-1,-1,1,-1,1,1,-1,1,1,1,1,-1,-1,-1,-1,-1,1,0.008972673676908016
1,1,1,-1,-1,1,-1,1,1,1,-1,-1,-1,1,1,1,1,-1,-1,-1,0.008971713483333588
1,1,1,-1,-1,1,-1,1,1,1,-1,-1,1,1,-1,1,1,1,1,1,0.008972168900072575
1,1,1,-1,-1,1,-1,1,1,1,-1,-1,1,1,1,1,1,-1,-1,-1,0.008971374481916428
1,1,1,-1,-1,1,-1,1,1,1,-1,1,-1,-1,-1,1,1,-1,-1,-1,0.008972181007266045
1,1,1,-1,-1,1,-1,1,1,1,-1,1,-1,-1,1,-1,1,1,-1,1,0.008972272276878357
1,1,1,-1,-1,1,-1,1,1,1,-1,1,-1,-1,1,1,-1,-1,-1,1,0.008972345851361752
1,1,1,-1,-1,1,-1,1,1,1,-1,1,-1,1,1,1,1,-1,1,-1,0.008971589617431164
1,1,1,-1,-1,1,-1,1,1,1,-1,1,1,1,1,1,1,-1,-1,-1,0.008971461094915867
1,1,1,-1,-1,1,-1,1,1,1,1,-1,-1,-1,-1,-1,-1,-1,-1,-1,0.008972475305199623
1,1,1,-1,-1,1,-1,1,1,1,1,-1,-1,1,-1,-1,1,-1,-1,-1,0.008972343988716602
1,1,1,-1,-1,1,-1,1,1,1,1,-1,1,1,-1,-1,-1,1,1,1,0.008972549811005592
1,1,1,-1,-1,1,-1,1,1,1,1,1,1,1,-1,1,-1,1,-1,-1,0.008972336538136005
1,1,1,-1,-1,1,1,-1,-1,-1,-1,-1,-1,-1,-1,1,-1,-1,1,-1,0.008971615694463253
1,1,1,-1,-1,1,1,-1,-1,-1,-1,1,-1,1,-1,-1,1,-1,-1,-1,0.008971876464784145
1,1,1,-1,-1,1,1,-1,-1,-1,1,-1,1,-1,1,-1,1,-1,1,1,0.008971055038273335
1,1,1,-1,-1,1,1,-1,-1,-1,1,-1,1,1,1,1,-1,1,1,-1,0.008971011266112328
1,1,1,-1,-1,1,1,-1,-1,-1,1,1,-1,-1,-1,-1,-1,-1,-1,1,0.008972451090812683
1,1,1,-1,-1,1,1,-1,-1,1,-1,-1,-1,1,1,1,1,1,1,1,0.008971566334366798
1,1,1,-1,-1,1,1,-1,-1,1,-1,-1,1,-1,-1,-1,1,1,-1,1,0.00897191371768713
1,1,1,-1,-1,1,1,-1,-1,1,-1,-1,1,-1,1,1,1,-1,-1,1,0.008971227332949638
1,1,1,-1,-1,1,1,-1,-1,1,-1,-1,1,1,1,1,-1,-1,1,-1,0.008970982395112514
1,1,1,-1,-1,1,1,-1,-1,1,-1,1,-1,-1,1,1,1,-1,-1,-1,0.008971239440143108
1,1,1,-1,-1,1,1,-1,-1,1,-1,1,-1,1,1,-1,-1,-1,1,-1,0.008971504867076874
1,1,1,-1,-1,1,1,-1,-1,1,-1,1,1,-1,1,-1,1,-1,-1,1,0.008971409872174263
1,1,1,-1,-1,1,1,-1,-1,1,-1,1,1,1,1,-1,1,-1,-1,1,0.008971533738076687
1,1,1,-1,-1,1,1,-1,-1,1,-1,1,1,1,1,1,1,1,-1,-1,0.008971109986305237
1,1,1,-1,-1,1,1,-1,-1,1,1,-1,1,1,-1,1,-1,1,-1,1,0.0089722266420722
1,1,1,-1,-1,1,1,-1,-1,1,1,-1,1,1,1,1,1,-1,-1,1,0.008971380069851875
1,1,1,-1,-1,1,1,-1,1,-1,-1,-1,-1,1,1,1,-1,-1,1,1,0.008971747942268848
1,1,1,-1,-1,1,1,-1,1,-1,-1,-1,1,-1,-1,1,1,1,1,-1,0.008971206843852997
1,1,1,-1,-1,1,1,-1,1,-1,-1,-1,1,1,-1,-1,1,-1,1,1,0.00897175446152687
1,1,1,-1,-1,1,1,-1,1,-1,-1,-1,1,1,-1,1,-1,-1,-1,1,0.008972124196588993
1,1,1,-1,-1,1,1,-1,1,-1,-1,1,-1,1,-1,-1,-1,-1,-1,1,0.008972645737230778
1,1,1,-1,-1,1,1,-1,1,-1,-1,1,1,-1,-1,1,-1,1,-1,1,0.008972172625362873
1,1,1,-1,-1,1,1,-1,1,-1,-1,1,1,1,1,1,1,1,1,-1,0.008970912545919418
1,1,1,-1,-1,1,1,-1,1,-1,1,-1,-1,1,-1,-1,1,1,1,1,0.008972208946943283
1,1,1,-1,-1,1,1,-1,1,1,-1,1,-1,1,-1,1,-1,1,1,-1,0.008972099050879478
1,1,1,-1,-1,1,1,-1,1,1,-1,1,1,-1,-1,-1,1,1,-1,-1,0.008971686474978924
1,1,1,-1,-1,1,1,-1,1,1,1,-1,-1,1,-1,1,-1,1,-1,1,0.00897266622632742
1,1,1,-1,-1,1,1,-1,1,1,1,-1,1,-1,1,1,-1,-1,-1,-1,0.008971198461949825
1,1,1,-1,-1,1,1,-1,1,1,1,-1,1,-1,1,1,1,-1,-1,1,0.00897135678678751
1,1,1,-1,-1,1,1,-1,1,1,1,1,-1,-1,-1,-1,-1,1,-1,1,0.00897272489964962
1,1,1,-1,-1,1,1,-1,1,1,1,1,1,-1,1,-1,1,1,1,-1,0.008971001021564007
1,1,1,-1,-1,1,1,-1,1,1,1,1,1,1,1,1,1,-1,1,-1,0.00897094327956438
1,1,1,-1,-1,1,1,1,-1,-1,-1,-1,1,1,1,-1,1,-1,1,1,0.00897150207310915
1,1,1,-1,-1,1,1,1,-1,-1,-1,1,-1,-1,-1,-1,-1,-1,-1,1,0.008972774259746075
1,1,1,-1,-1,1,1,1,-1,-1,1,-1,-1,-1,-1,-1,-1,1,-1,1,0.008972803130745888
1,1,1,-1,-1,1,1,1,-1,-1,1,-1,1,1,1,-1,-1,1,1,-1,0.008971459232270718
1,1,1,-1,-1,1,1,1,-1,-1,1,1,-1,-1,-1,1,1,-1,1,1,0.008972241543233395
1,1,1,-1,-1,1,1,1,-1,-1,1,1,-1,1,-1,1,1,1,1,-1,0.008972037583589554
1,1,1,-1,-1,1,1,1,-1,-1,1,1,1,1,1,1,-1,1,1,-1,0.008971449919044971
1,1,1,-1,-1,1,1,1,-1,1,-1,-1,-1,-1,-1,1,1,-1,-1,1,0.008972423151135445
1,1,1,-1,-1,1,1,1,-1,1,-1,-1,1,-1,-1,1,-1,1,1,-1,0.008971801958978176
1,1,1,-1,-1,1,1,1,-1,1,-1,-1,1,-1,-1,1,1,-1,-1,-1,0.00897166971117258
1,1,1,-1,-1,1,1,1,-1,1,-1,-1,1,-1,1,1,-1,-1,1,-1,0.008971210569143295
1,1,1,-1,-1,1,1,1,-1,1,-1,1,-1,-1,-1,-1,-1,1,-1,1,0.008972947485744953
1,1,1,-1,-1,1,1,1,-1,1,1,-1,-1,-1,-1,-1,-1,-1,1,1,0.0089725935831666
1,1,1,-1,-1,1,1,1,-1,1,1,-1,-1,1,-1,1,-1,-1,1,1,0.008972621522843838
1,1,1,-1,-1,1,1,1,-1,1,1,-1,1,1,1,-1,-1,1,1,-1,0.008971546776592731
1,1,1,-1,-1,1,1,1,-1,1,1,1,-1,-1,-1,-1,-1,-1,-1,-1,0.008972477167844772
1,1,1,-1,-1,1,1,1,1,-1,-1,-1,-1,-1,1,-1,1,-1,1,1,0.00897181686013937
1,1,1,-1,-1,1,1,1,1,-1,-1,-1,-1,1,-1,-1,1,1,-1,1,0.008972741663455963
1,1,1,-1,-1,1,1,1,1,-1,-1,-1,-1,1,1,1,1,1,1,-1,0.008971516974270344
1,1,1,-1,-1,1,1,1,1,-1,-1,-1,1,-1,1,-1,-1,1,-1,-1,0.008971616625785828
1,1,1,-1,-1,1,1,1,1,-1,-1,1,-1,-1,-1,-1,-1,1,1,-1,0.008972336538136005
1,1,1,-1,-1,1,1,1,1,-1,-1,1,-1,-1,-1,-1,1,-1,-1,-1,0.00897220429033041
1,1,1,-1,-1,1,1,1,1,-1,-1,1,-1,1,-1,-1,-1,1,-1,-1,0.008972669951617718
1,1,1,-1,-1,1,1,1,1,-1,1,-1,1,-1,1,1,-1,-1,1,-1,0.008971253409981728
1,1,1,-1,-1,1,1,1,1,-1,1,-1,1,-1,1,1,1,1,1,-1,0.008971083909273148
1,1,1,-1,-1,1,1,1,1,-1,1,-1,1,1,1,1,-1,1,-1,1,0.008972086943686008
1,1,1,-1,-1,1,1,1,1,-1,1,1,-1,-1,-1,1,1,1,1,1,0.008972426876425743
1,1,1,-1,-1,1,1,1,1,-1,1,1,-1,1,-1,-1,-1,1,-1,-1,0.008972699753940105
1,1,1,-1,-1,1,1,1,1,-1,1,1,-1,1,1,-1,-1,-1,1,1,0.008972312323749065
1,1,1,-1,-1,1,1,1,1,-1,1,1,1,-1,1,-1,-1,-1,-1,-1,0.00897164549678564
1,1,1,-1,-1,1,1,1,1,1,-1,-1,-1,1,-1,1,1,1,-1,1,0.008972733281552792
1,1,1,-1,-1,1,1,1,1,1,-1,-1,1,-1,-1,1,1,-1,-1,-1,0.00897177029401064
1,1,1,-1,-1,1,1,1,1,1,-1,1,-1,1,1,1,1,-1,-1,1,0.00897222850471735
1,1,1,-1,-1,1,1,1,1,1,1,-1,-1,-1,-1,1,-1,-1,-1,-1,0.008972394280135632
1,1,1,-1,1,-1,-1,-1,-1,-1,-1,-1,-1,-1,-1,1,-1,1,1,-1,0.008971307426691055
1,1,1,-1,1,-1,-1,-1,-1,-1,-1,1,-1,1,1,-1,1,-1,-1,-1,0.008970977738499641
1,1,1,-1,1,-1,-1,-1,-1,-1,-1,1,1,-1,1,-1,-1,1,1,-1,0.008970646187663078
1,1,1,-1,1,-1,-1,-1,-1,-1,-1,1,1,1,-1,-1,-1,1,-1,1,0.008971898816525936
1,1,1,-1,1,-1,-1,-1,-1,-1,1,-1,-1,-1,1,1,-1,1,-1,-1,0.00897104199975729
1,1,1,-1,1,-1,-1,-1,-1,-1,1,-1,-1,-1,1,1,-1,1,1,-1,0.008970831520855427
1,1,1,-1,1,-1,-1,-1,-1,-1,1,-1,1,-1,1,1,-1,-1,-1,1,0.008971030823886395
1,1,1,-1,1,-1,-1,-1,-1,-1,1,1,-1,1,-1,-1,1,1,-1,-1,0.008971597999334335
1,1,1,-1,1,-1,-1,-1,-1,-1,1,1,1,-1,-1,-1,1,1,-1,-1,0.008971134200692177
1,1,1,-1,1,-1,-1,-1,-1,-1,1,1,1,-1,-1,1,-1,-1,-1,1,0.0089716212823987
1,1,1,-1,1,-1,-1,-1,-1,-1,1,1,1,1,1,1,1,-1,-1,-1,0.008970571681857109
1,1,1,-1,1,-1,-1,-1,-1,1,-1,1,-1,1,-1,-1,-1,1,-1,-1,0.008971910923719406
1,1,1,-1,1,-1,-1,-1,-1,1,-1,1,1,1,-1,1,1,1,-1,-1,0.008971219882369041
1,1,1,-1,1,-1,-1,-1,-1,1,1,-1,1,-1,-1,-1,1,1,1,-1,0.008970925584435463
1,1,1,-1,1,-1,-1,-1,-1,1,1,-1,1,1,-1,1,-1,1,1,1,0.008971622213721275
1,1,1,-1,1,-1,-1,-1,-1,1,1,1,-1,-1,1,1,1,-1,-1,1,0.008971287868916988
1,1,1,-1,1,-1,-1,-1,-1,1,1,1,1,1,1,1,-1,1,-1,1,0.008971414528787136
1,1,1,-1,1,-1,-1,-1,1,-1,-1,-1,-1,-1,-1,-1,-1,-1,-1,-1,0.008971626870334148
1,1,1,-1,1,-1,-1,-1,1,-1,-1,1,-1,-1,-1,1,1,-1,1,-1,0.008971151895821095
1,1,1,-1,1,-1,-1,-1,1,-1,-1,1,1,1,-1,1,-1,1,-1,1,0.008971902541816235
1,1,1,-1,1,-1,-1,-1,1,-1,1,-1,1,1,1,-1,-1,1,1,-1,0.008970812894403934
1,1,1,-1,1,-1,-1,-1,1,-1,1,1,1,-1,1,-1,-1,1,-1,1,0.008971399627625942
1,1,1,-1,1,-1,-1,-1,1,-1,1,1,1,1,-1,1,-1,-1,1,1,0.00897163525223732
1,1,1,-1,1,-1,-1,-1,1,-1,1,1,1,1,1,1,1,-1,1,-1,0.00897046085447073
1,1,1,-1,1,-1,-1,-1,1,1,-1,-1,1,1,-1,-1,1,-1,-1,-1,0.008971244096755981
1,1,1,-1,1,-1,-1,-1,1,1,-1,-1,1,1,1,1,1,-1,1,-1,0.008970432914793491
1,1,1,-1,1,-1,-1,-1,1,1,-1,1,-1,-1,1,-1,1,1,-1,-1,0.00897112675011158
1,1,1,-1,1,-1,-1,-1,1,1,-1,1,1,-1,-1,-1,1,-1,1,-1,0.008970996364951134
1,1,1,-1,1,-1,-1,-1,1,1,-1,1,1,-1,1,1,1,-1,-1,1,0.008971019648015499
1,1,1,-1,1,-1,-1,-1,1,1,-1,1,1,1,-1,-1,-1,1,1,-1,0.008971462026238441
1,1,1,-1,1,-1,-1,-1,1,1,-1,1,1,1,-1,1,1,1,1,-1,0.008971109986305237
1,1,1,-1,1,-1,-1,-1,1,1,1,-1,-1,-1,-1,-1,1,-1,-1,-1,0.00897148810327053
1,1,1,-1,1,-1,-1,-1,1,1,1,-1,-1,-1,1,1,1,-1,1,1,0.008971091359853745
1,1,1,-1,1,-1,-1,-1,1,1,1,-1,-1,1,1,-1,-1,1,-1,1,0.0089718634262681
1,1,1,-1,1,-1,-1,-1,1,1,1,-1,-1,1,1,1,1,-1,-1,1,0.008971424773335457
1,1,1,-1,1,-1,-1,-1,1,1,1,-1,1,1,-1,-1,-1,1,-1,1,0.008972028270363808
1,1,1,-1,1,-1,-1,-1,1,1,1,1,-1,-1,-1,-1,1,1,1,-1,0.008971450850367546
1,1,1,-1,1,-1,-1,-1,1,1,1,1,-1,-1,1,1,-1,-1,-1,-1,0.008971230126917362
1,1,1,-1,1,-1,-1,-1,1,1,1,1,1,-1,1,-1,1,-1,1,1,0.008970934897661209
1,1,1,-1,1,-1,-1,-1,1,1,1,1,1,-1,1,1,1,1,-1,-1,0.008970720693469048
1,1,1,-1,1,-1,-1,-1,1,1,1,1,1,1,-1,-1,1,-1,-1,1,0.008971773087978363
1,1,1,-1,1,-1,-1,1,-1,-1,-1,-1,-1,-1,-1,-1,1,1,1,1,0.00897191371768713
1,1,1,-1,1,-1,-1,1,-1,-1,-1,-1,-1,1,1,-1,-1,-1,-1,-1,0.008971499279141426
1,1,1,-1,1,-1,-1,1,-1,-1,-1,1,1,1,1,-1,-1,1,1,1,0.008971535600721836
1,1,1,-1,1,-1,-1,1,-1,-1,1,-1,-1,-1,-1,1,1,-1,-1,-1,0.008971557021141052
1,1,1,-1,1,-1,-1,1,-1,-1,1,-1,1,-1,-1,-1,1,-1,-1,1,0.008971727453172207
1,1,1,-1,1,-1,-1,1,-1,-1,1,1,-1,-1,-1,1,-1,1,-1,1,0.008972398936748505
1,1,1,-1,1,-1,-1,1,-1,-1,1,1,-1,-1,-1,1,1,1,-1,-1,0.008971729315817356
1,1,1,-1,1,-1,-1,1,-1,-1,1,1,-1,-1,-1,1,1,1,-1,1,0.008972142823040485
1,1,1,-1,1,-1,-1,1,-1,-1,1,1,-1,1,-1,1,1,-1,1,1,0.008971970528364182
1,1,1,-1,1,-1,-1,1,-1,-1,1,1,1,-1,-1,-1,-1,-1,1,-1,0.008971446193754673
1,1,1,-1,1,-1,-1,1,-1,-1,1,1,1,1,-1,-1,-1,-1,1,-1,0.008971570059657097
1,1,1,-1,1,-1,-1,1,-1,-1,1,1,1,1,1,-1,-1,-1,1,-1,0.008971065282821655
1,1,1,-1,1,-1,-1,1,-1,1,-1,-1,-1,-1,1,1,-1,1,1,-1,0.008971242234110832
1,1,1,-1,1,-1,-1,1,-1,1,-1,-1,-1,1,-1,1,1,-1,1,-1,0.008971529081463814
1,1,1,-1,1,-1,-1,1,-1,1,-1,-1,-1,1,1,-1,1,-1,-1,1,0.00897174421697855
1,1,1,-1,1,-1,-1,1,-1,1,-1,-1,-1,1,1,1,-1,-1,1,1,0.008971692994236946
1,1,1,-1,1,-1,-1,1,-1,1,-1,-1,1,-1,1,-1,-1,1,-1,1,0.00897162314504385
1,1,1,-1,1,-1,-1,1,-1,1,-1,1,1,-1,-1,-1,1,-1,-1,-1,0.008971458300948143
1,1,1,-1,1,-1,-1,1,-1,1,-1,1,1,-1,-1,1,1,-1,1,1,0.008971565403044224
1,1,1,-1,1,-1,-1,1,-1,1,1,-1,-1,-1,1,-1,1,-1,1,1,0.00897143967449665
1,1,1,-1,1,-1,-1,1,-1,1,1,-1,-1,1,1,-1,1,1,-1,-1,0.008971446193754673
1,1,1,-1,1,-1,-1,1,-1,1,1,-1,1,1,-1,-1,1,1,-1,-1,0.008971611969172955
1,1,1,-1,1,-1,-1,1,-1,1,1,1,-1,1,1,1,-1,1,-1,-1,0.008971692062914371
1,1,1,-1,1,-1,-1,1,-1,1,1,1,1,-1,-1,1,1,-1,-1,-1,0.00897139124572277
1,1,1,-1,1,-1,-1,1,-1,1,1,1,1,1,-1,-1,-1,1,-1,1,0.008972367271780968
1,1,1,-1,1,-1,-1,1,-1,1,1,1,1,1,1,1,-1,-1,1,1,0.008971470408141613
1,1,1,-1,1,-1,-1,1,1,-1,-1,-1,-1,-1,1,-1,1,-1,-1,1,0.008971632458269596
1,1,1,-1,1,-1,-1,1,1,-1,-1,-1,-1,1,1,1,1,-1,-1,-1,0.008971246890723705
1,1,1,-1,1,-1,-1,1,1,-1,-1,1,-1,-1,1,1,-1,-1,-1,1,0.008971878327429295
1,1,1,-1,1,-1,-1,1,1,-1,-1,1,-1,-1,1,1,-1,-1,1,-1,0.008971255272626877
1,1,1,-1,1,-1,-1,1,1,-1,-1,1,1,1,-1,-1,-1,1,-1,-1,0.008971937000751495
1,1,1,-1,1,-1,-1,1,1,-1,1,-1,1,-1,-1,-1,-1,1,-1,-1,0.008971755392849445
1,1,1,-1,1,-1,-1,1,1,-1,1,-1,1,-1,1,-1,1,-1,1,-1,0.008970699273049831
1,1,1,-1,1,-1,-1,1,1,-1,1,-1,1,-1,1,1,1,1,-1,-1,0.008970899507403374
1,1,1,-1,1,-1,-1,1,1,-1,1,-1,1,1,1,-1,1,-1,1,-1,0.008970823138952255
1,1,1,-1,1,-1,-1,1,1,-1,1,1,-1,1,-1,1,-1,-1,-1,1,0.008972536772489548
1,1,1,-1,1,-1,-1,1,1,-1,1,1,1,-1,1,1,1,-1,1,-1,0.00897068902850151
1,1,1,-1,1,-1,-1,1,1,1,-1,-1,-1,1,-1,-1,1,1,-1,1,0.008972435258328915
1,1,1,-1,1,-1,-1,1,1,1,-1,1,1,-1,1,-1,-1,-1,1,-1,0.008971099741756916
1,1,1,-1,1,-1,-1,1,1,1,-1,1,1,1,-1,-1,-1,-1,-1,1,0.0089723514392972
1,1,1,-1,1,-1,-1,1,1,1,1,-1,-1,-1,-1,1,-1,1,-1,1,0.008972499519586563
1,1,1,-1,1,-1,-1,1,1,1,1,-1,-1,1,1,-1,-1,1,-1,1,0.008972215466201305
1,1,1,-1,1,-1,-1,1,1,1,1,-1,1,1,1,-1,-1,-1,-1,1,0.008971789851784706
1,1,1,-1,1,-1,-1,1,1,1,1,1,-1,1,1,1,-1,-1,1,-1,0.008971495553851128
1,1,1,-1,1,-1,-1,1,1,1,1,1,1,-1,1,1,-1,1,-1,1,0.0089717423543334
1,1,1,-1,1,-1,1,-1,-1,-1,-1,1,-1,-1,-1,-1,-1,-1,1,1,0.008971831761300564
1,1,1,-1,1,-1,1,-1,-1,-1,-1,1,-1,-1,-1,-1,1,1,1,-1,0.008971248753368855
1,1,1,-1,1,-1,1,-1,-1,-1,-1,1,-1,1,-1,-1,1,1,-1,1,0.00897199660539627
1,1,1,-1,1,-1,1,-1,-1,-1,-1,1,1,-1,1,-1,-1,1,-1,-1,0.008970871567726135
1,1,1,-1,1,-1,1,-1,-1,-1,1,-1,-1,-1,-1,-1,-1,1,-1,1,0.00897207111120224
1,1,1,-1,1,-1,1,-1,-1,-1,1,-1,-1,1,1,1,-1,1,-1,1,0.008971594274044037
1,1,1,-1,1,-1,1,-1,-1,-1,1,-1,1,-1,-1,1,1,-1,1,1,0.008971083909273148
1,1,1,-1,1,-1,1,-1,-1,-1,1,1,-1,-1,1,-1,1,1,-1,1,0.008971397764980793
1,1,1,-1,1,-1,1,-1,-1,1,-1,1,1,1,1,-1,-1,-1,-1,-1,0.008970996364951134
1,1,1,-1,1,-1,1,-1,-1,1,1,-1,-1,-1,-1,-1,-1,-1,-1,-1,0.008971658535301685
1,1,1,-1,1,-1,1,-1,-1,1,1,-1,-1,-1,1,1,1,1,1,1,0.008971092291176319
1,1,1,-1,1,-1,1,-1,-1,1,1,-1,-1,1,1,-1,-1,1,-1,1,0.008971777744591236
1,1,1,-1,1,-1,1,-1,-1,1,1,-1,-1,1,1,-1,-1,1,1,-1,0.008971154689788818
1,1,1,-1,1,-1,1,-1,-1,1,1,-1,1,-1,1,1,1,1,1,-1,0.008970338851213455
1,1,1,-1,1,-1,1,-1,-1,1,1,1,-1,1,-1,-1,-1,-1,1,-1,0.00897165946662426
1,1,1,-1,1,-1,1,-1,-1,1,1,1,-1,1,1,-1,1,-1,-1,-1,0.008971109054982662
1,1,1,-1,1,-1,1,-1,-1,1,1,1,-1,1,1,1,-1,1,-1,1,0.00897176843136549
1,1,1,-1,1,-1,1,-1,-1,1,1,1,1,1,1,1,-1,1,1,-1,0.008970805443823338
1,1,1,-1,1,-1,1,-1,1,-1,-1,-1,-1,1,1,-1,-1,1,-1,1,0.008971760980784893
1,1,1,-1,1,-1,1,-1,1,-1,-1,-1,1,1,-1,-1,-1,1,1,1,0.008971716277301311
1,1,1,-1,1,-1,1,-1,1,-1,-1,1,-1,1,-1,-1,1,1,1,1,0.008971886709332466
1,1,1,-1,1,-1,1,-1,1,-1,-1,1,1,1,1,1,-1,1,1,1,0.008971202187240124
1,1,1,-1,1,-1,1,-1,1,-1,1,-1,-1,-1,1,-1,-1,1,-1,-1,0.008971253409981728
1,1,1,-1,1,-1,1,-1,1,-1,1,-1,-1,1,1,1,-1,1,1,-1,0.008971070870757103
1,1,1,-1,1,-1,1,-1,1,-1,1,1,-1,-1,-1,-1,1,1,1,1,0.008971791714429855
1,1,1,-1,1,-1,1,-1,1,-1,1,1,-1,-1,-1,1,-1,-1,1,1,0.00897186528891325
1,1,1,-1,1,-1,1,-1,1,-1,1,1,-1,1,-1,-1,1,1,-1,-1,0.008971712552011013
1,1,1,-1,1,-1,1,-1,1,-1,1,1,1,1,-1,-1,-1,-1,1,-1,0.00897133257240057
1,1,1,-1,1,-1,1,-1,1,1,-1,-1,-1,1,1,1,1,-1,1,1,0.008971200324594975
1,1,1,-1,1,-1,1,-1,1,1,-1,-1,1,-1,-1,1,-1,-1,-1,-1,0.00897129438817501
1,1,1,-1,1,-1,1,-1,1,1,-1,-1,1,-1,1,-1,-1,1,1,1,0.00897117517888546
1,1,1,-1,1,-1,1,-1,1,1,-1,-1,1,1,-1,1,-1,1,-1,1,0.008971918374300003
1,1,1,-1,1,-1,1,-1,1,1,-1,1,1,1,-1,1,-1,-1,1,-1,0.00897129438817501
1,1,1,-1,1,-1,1,-1,1,1,-1,1,1,1,1,-1,-1,1,-1,-1,0.008971182629466057
1,1,1,-1,1,-1,1,-1,1,1,1,1,-1,-1,-1,1,1,1,1,-1,0.008971369825303555
1,1,1,-1,1,-1,1,-1,1,1,1,1,1,1,-1,-1,-1,-1,1,1,0.008971833623945713
1,1,1,-1,1,-1,1,-1,1,1,1,1,1,1,1,1,1,1,-1,-1,0.008970859460532665
1,1,1,-1,1,-1,1,1,-1,-1,-1,-1,-1,1,-1,-1,1,-1,1,1,0.008971965871751308
1,1,1,-1,1,-1,1,1,-1,-1,-1,-1,1,1,-1,-1,-1,1,-1,1,0.008972179144620895
1,1,1,-1,1,-1,1,1,-1,-1,-1,-1,1,1,-1,1,-1,-1,1,1,0.008971786126494408
1,1,1,-1,1,-1,1,1,-1,-1,-1,-1,1,1,1,1,1,1,1,1,0.00897111278027296
1,1,1,-1,1,-1,1,1,-1,-1,-1,1,-1,-1,-1,-1,1,-1,-1,1,0.008972139097750187
1,1,1,-1,1,-1,1,1,-1,-1,-1,1,1,1,-1,1,1,1,-1,-1,0.008971500210464
1,1,1,-1,1,-1,1,1,-1,-1,1,-1,-1,1,1,-1,-1,1,1,1,0.008971832692623138
1,1,1,-1,1,-1,1,1,-1,-1,1,1,-1,-1,1,-1,1,1,-1,1,0.008971749804913998
1,1,1,-1,1,-1,1,1,-1,-1,1,1,-1,-1,1,-1,1,1,1,1,0.008971539326012135
1,1,1,-1,1,-1,1,1,-1,-1,1,1,-1,1,-1,1,1,1,1,-1,0.008971658535301685
1,1,1,-1,1,-1,1,1,-1,-1,1,1,1,1,-1,1,1,1,-1,1,0.008971942588686943
1,1,1,-1,1,-1,1,1,-1,-1,1,1,1,1,1,1,1,1,1,1,0.008971228264272213
1,1,1,-1,1,-1,1,1,-1,1,-1,-1,-1,-1,-1,1,-1,-1,1,-1,0.008971675299108028
1,1,1,-1,1,-1,1,1,-1,1,-1,-1,-1,1,1,1,-1,1,-1,1,0.008972004987299442
1,1,1,-1,1,-1,1,1,-1,1,-1,-1,1,-1,1,-1,-1,-1,1,-1,0.008970927447080612
1,1,1,-1,1,-1,1,1,-1,1,-1,-1,1,-1,1,-1,1,1,-1,-1,0.008970968425273895
1,1,1,-1,1,-1,1,1,-1,1,-1,-1,1,-1,1,1,1,1,1,-1,0.008970662020146847
1,1,1,-1,1,-1,1,1,-1,1,-1,-1,1,1,1,-1,-1,1,-1,1,0.008971761912107468
1,1,1,-1,1,-1,1,1,-1,1,-1,1,-1,-1,1,1,-1,-1,-1,1,0.008971881121397018
1,1,1,-1,1,-1,1,1,-1,1,-1,1,1,1,-1,-1,-1,1,1,-1,0.008971729315817356
1,1,1,-1,1,-1,1,1,-1,1,1,-1,-1,-1,1,-1,1,-1,1,-1,0.00897104013711214
1,1,1,-1,1,-1,1,1,-1,1,1,-1,1,-1,1,1,-1,1,1,-1,0.008970947004854679
1,1,1,-1,1,-1,1,1,-1,1,1,-1,1,1,1,-1,1,1,1,-1,0.008970911614596844
1,1,1,-1,1,-1,1,1,-1,1,1,1,-1,-1,-1,1,1,-1,-1,1,0.008972159586846828
1,1,1,-1,1,-1,1,1,-1,1,1,1,-1,1,-1,1,1,1,-1,1,0.008972369134426117
1,1,1,-1,1,-1,1,1,1,-1,-1,-1,-1,-1,1,-1,1,-1,1,-1,0.008971023373305798
1,1,1,-1,1,-1,1,1,1,-1,-1,-1,-1,1,1,1,-1,1,-1,1,0.008972017094492912
1,1,1,-1,1,-1,1,1,1,-1,-1,-1,1,-1,1,1,1,-1,1,1,0.008971001952886581
1,1,1,-1,1,-1,1,1,1,-1,-1,-1,1,1,1,1,-1,-1,-1,1,0.008971592411398888
1,1,1,-1,1,-1,1,1,1,-1,-1,1,1,-1,-1,-1,-1,-1,-1,-1,0.008971741423010826
1,1,1,-1,1,-1,1,1,1,-1,-1,1,1,-1,-1,1,-1,1,1,1,0.008971935138106346
1,1,1,-1,1,-1,1,1,1,-1,1,-1,-1,-1,1,-1,1,-1,1,1,0.008971466682851315
1,1,1,-1,1,-1,1,1,1,-1,1,-1,-1,-1,1,1,-1,1,-1,-1,0.008971508592367172
1,1,1,-1,1,-1,1,1,1,-1,1,-1,-1,1,1,1,-1,1,1,-1,0.008971422910690308
1,1,1,-1,1,-1,1,1,1,-1,1,-1,1,-1,-1,1,-1,-1,-1,-1,0.00897158868610859
1,1,1,-1,1,-1,1,1,1,-1,1,-1,1,1,1,-1,-1,1,-1,1,0.008971803821623325
1,1,1,-1,1,-1,1,1,1,-1,1,-1,1,1,1,1,-1,1,-1,1,0.00897170789539814
1,1,1,-1,1,-1,1,1,1,-1,1,1,-1,1,1,1,1,-1,-1,1,0.008971791714429855
1,1,1,-1,1,-1,1,1,1,1,-1,-1,-1,1,-1,-1,-1,1,1,1,0.00897249486297369
1,1,1,-1,1,-1,1,1,1,1,-1,-1,-1,1,1,-1,1,-1,1,-1,0.008971234783530235
1,1,1,-1,1,-1,1,1,1,1,-1,-1,1,-1,-1,1,-1,-1,1,-1,0.008971435949206352
1,1,1,-1,1,-1,1,1,1,1,-1,-1,1,-1,1,-1,-1,1,1,1,0.008971527218818665
1,1,1,-1,1,-1,1,1,1,1,-1,-1,1,1,1,-1,-1,1,1,1,0.008971651084721088
1,1,1,-1,1,-1,1,1,1,1,-1,1,-1,-1,1,1,-1,-1,1,-1,0.00897135678678751
1,1,1,-1,1,-1,1,1,1,1,-1,1,-1,1,-1,1,-1,-1,-1,-1,0.008972195908427238
1,1,1,-1,1,-1,1,1,1,1,1,-1,-1,-1,1,-1,-1,1,1,1,0.008971896022558212
1,1,1,-1,1,-1,1,1,1,1,1,-1,1,-1,-1,-1,-1,1,1,1,0.008972061797976494
1,1,1,-1,1,-1,1,1,1,1,1,-1,1,-1,1,1,1,1,-1,1,0.00897141546010971
1,1,1,-1,1,-1,1,1,1,1,1,-1,1,1,1,1,-1,-1,1,-1,0.008971084840595722
1,1,1,-1,1,-1,1,1,1,1,1,1,-1,-1,1,1,-1,1,1,-1,0.008971472270786762
1,1,1,-1,1,-1,1,1,1,1,1,1,-1,1,-1,-1,-1,1,1,-1,0.008972197771072388
1,1,1,-1,1,-1,1,1,1,1,1,1,-1,1,1,-1,1,1,1,1,0.008971850387752056
1,1,1,-1,1,-1,1,1,1,1,1,1,1,-1,-1,-1,1,-1,-1,1,0.008972016163170338
1,1,1,-1,1,-1,1,1,1,1,1,1,1,-1,1,-1,-1,1,-1,1,0.00897185318171978
1,1,1,-1,1,1,-1,-1,-1,-1,-1,-1,-1,-1,-1,1,-1,-1,1,-1,0.008971132338047028
1,1,1,-1,1,1,-1,-1,-1,-1,-1,1,-1,-1,-1,-1,-1,1,1,1,0.00897181499749422
1,1,1,-1,1,1,-1,-1,-1,-1,-1,1,-1,1,-1,1,1,-1,1,1,0.008971500210464
1,1,1,-1,1,1,-1,-1,-1,-1,-1,1,-1,1,1,1,1,1,-1,-1,0.008970879018306732
1,1,1,-1,1,1,-1,-1,-1,-1,-1,1,1,-1,1,-1,1,-1,-1,-1,0.008970425464212894
1,1,1,-1,1,1,-1,-1,-1,-1,-1,1,1,-1,1,1,-1,1,1,1,0.008970874361693859
1,1,1,-1,1,1,-1,-1,-1,-1,-1,1,1,1,-1,1,-1,1,-1,-1,0.008971299976110458
1,1,1,-1,1,1,-1,-1,-1,-1,1,-1,-1,-1,-1,1,1,-1,-1,1,0.008971530012786388
1,1,1,-1,1,1,-1,-1,-1,-1,1,1,-1,1,1,1,-1,-1,1,-1,0.008970866911113262
1,1,1,-1,1,1,-1,-1,-1,1,-1,1,1,1,-1,-1,1,1,-1,-1,0.008971227332949638
1,1,1,-1,1,1,-1,-1,-1,1,1,-1,1,-1,1,-1,1,1,-1,1,0.00897095538675785
1,1,1,-1,1,1,-1,-1,-1,1,1,-1,1,1,-1,-1,1,-1,1,-1,0.008970874361693859
1,1,1,-1,1,1,-1,-1,-1,1,1,-1,1,1,-1,1,1,1,-1,1,0.00897148810327053
1,1,1,-1,1,1,-1,-1,-1,1,1,1,-1,-1,-1,1,1,1,-1,1,0.008971789851784706
1,1,1,-1,1,1,-1,-1,-1,1,1,1,1,1,1,1,-1,1,-1,-1,0.008970911614596844
1,1,1,-1,1,1,-1,-1,1,-1,-1,-1,-1,-1,1,-1,1,-1,-1,1,0.008971191942691803
1,1,1,-1,1,1,-1,-1,1,-1,-1,-1,1,1,-1,1,-1,1,1,-1,0.008971103467047215
1,1,1,-1,1,1,-1,-1,1,-1,-1,1,-1,-1,1,-1,1,1,1,1,0.008971154689788818
1,1,1,-1,1,1,-1,-1,1,-1,-1,1,1,1,1,-1,-1,-1,-1,-1,0.008970905095338821
1,1,1,-1,1,1,-1,-1,1,-1,1,-1,-1,1,-1,-1,1,-1,-1,1,0.008971849456429482
1,1,1,-1,1,1,-1,-1,1,-1,1,-1,1,-1,-1,-1,1,-1,1,-1,0.008970762602984905
1,1,1,-1,1,1,-1,-1,1,-1,1,-1,1,-1,1,-1,1,-1,1,-1,0.008970258757472038
1,1,1,-1,1,1,-1,-1,1,-1,1,1,-1,1,1,1,-1,-1,1,-1,0.00897096749395132
1,1,1,-1,1,1,-1,-1,1,-1,1,1,1,-1,1,-1,-1,-1,1,-1,0.008970600552856922
1,1,1,-1,1,1,-1,-1,1,-1,1,1,1,-1,1,-1,-1,1,1,1,0.00897110067307949
1,1,1,-1,1,1,-1,-1,1,-1,1,1,1,1,-1,-1,1,-1,1,1,0.008971386589109898
1,1,1,-1,1,1,-1,-1,1,-1,1,1,1,1,1,-1,1,1,1,1,0.008970968425273895
1,1,1,-1,1,1,-1,-1,1,-1,1,1,1,1,1,1,1,1,-1,-1,0.008970668539404869
1,1,1,-1,1,1,-1,-1,1,1,-1,-1,-1,-1,-1,1,-1,-1,-1,1,0.008971943520009518
1,1,1,-1,1,1,-1,-1,1,1,-1,-1,-1,1,-1,-1,1,1,-1,1,0.008971993811428547
1,1,1,-1,1,1,-1,-1,1,1,-1,-1,1,1,1,-1,1,-1,1,1,0.008970853872597218
1,1,1,-1,1,1,-1,-1,1,1,-1,1,-1,-1,-1,-1,-1,-1,1,-1,0.00897150207310915
1,1,1,-1,1,1,-1,-1,1,1,-1,1,-1,-1,-1,1,1,-1,-1,-1,0.008971360512077808
1,1,1,-1,1,1,-1,-1,1,1,-1,1,1,-1,-1,1,1,1,-1,-1,0.008971107192337513
1,1,1,-1,1,1,-1,-1,1,1,-1,1,1,-1,1,-1,1,1,-1,-1,0.008970699273049831
1,1,1,-1,1,1,-1,-1,1,1,1,-1,-1,-1,-1,1,-1,1,1,-1,0.008971435017883778
1,1,1,-1,1,1,-1,-1,1,1,1,1,1,-1,1,-1,1,-1,-1,1,0.008971055969595909
1,1,1,-1,1,1,-1,-1,1,1,1,1,1,-1,1,1,-1,-1,-1,1,0.008971215225756168
1,1,1,-1,1,1,-1,1,-1,-1,-1,-1,-1,1,-1,1,-1,1,1,1,0.008972108364105225
1,1,1,-1,1,1,-1,1,-1,-1,-1,-1,-1,1,1,-1,-1,1,1,1,0.008971699513494968
1,1,1,-1,1,1,-1,1,-1,-1,-1,-1,1,-1,-1,-1,1,-1,-1,-1,0.008971195667982101
1,1,1,-1,1,1,-1,1,-1,-1,-1,-1,1,1,-1,1,1,-1,-1,-1,0.00897122360765934
1,1,1,-1,1,1,-1,1,-1,-1,-1,1,-1,1,-1,-1,1,-1,-1,-1,0.008971745148301125
1,1,1,-1,1,1,-1,1,-1,-1,1,-1,-1,1,-1,-1,1,1,-1,-1,0.008971774950623512
1,1,1,-1,1,1,-1,1,-1,-1,1,-1,-1,1,1,1,-1,-1,1,-1,0.008971133269369602
1,1,1,-1,1,1,-1,1,-1,-1,1,-1,1,-1,1,-1,1,1,-1,1,0.008971220813691616
1,1,1,-1,1,1,-1,1,-1,-1,1,-1,1,-1,1,-1,1,1,1,1,0.008971010334789753
1,1,1,-1,1,1,-1,1,-1,-1,1,1,-1,-1,-1,1,-1,1,1,-1,0.008971686474978924
1,1,1,-1,1,1,-1,1,-1,-1,1,1,-1,-1,1,-1,1,1,-1,-1,0.008971232920885086
1,1,1,-1,1,1,-1,1,-1,-1,1,1,-1,-1,1,1,1,-1,-1,1,0.00897146388888359
1,1,1,-1,1,1,-1,1,-1,-1,1,1,1,-1,-1,-1,-1,-1,1,1,0.008971771225333214
1,1,1,-1,1,1,-1,1,-1,-1,1,1,1,1,-1,1,1,-1,1,-1,0.008971129544079304
1,1,1,-1,1,1,-1,1,-1,-1,1,1,1,1,1,-1,-1,-1,-1,1,0.00897160079330206
1,1,1,-1,1,1,-1,1,-1,1,-1,-1,-1,-1,-1,-1,-1,-1,1,1,0.00897208135575056
1,1,1,-1,1,1,-1,1,-1,1,-1,-1,-1,-1,-1,-1,1,1,-1,-1,0.008971708826720715
1,1,1,-1,1,1,-1,1,-1,1,-1,-1,-1,-1,-1,-1,1,1,-1,1,0.008972122333943844
1,1,1,-1,1,1,-1,1,-1,1,1,-1,-1,-1,1,1,-1,-1,-1,-1,0.00897130649536848
1,1,1,-1,1,1,-1,1,-1,1,1,-1,-1,-1,1,1,-1,1,1,-1,0.008971182629466057
1,1,1,-1,1,1,-1,1,-1,1,1,-1,-1,1,-1,1,1,1,1,-1,0.008971555158495903
1,1,1,-1,1,1,-1,1,-1,1,1,1,-1,-1,-1,1,-1,1,1,1,0.008972187526524067
1,1,1,-1,1,1,-1,1,-1,1,1,1,-1,1,1,-1,-1,1,1,1,0.008971902541816235
1,1,1,-1,1,1,-1,1,1,-1,-1,-1,-1,-1,-1,1,-1,-1,-1,1,0.008972208015620708
1,1,1,-1,1,1,-1,1,1,-1,-1,-1,1,1,1,-1,-1,1,-1,-1,0.008971257135272026
1,1,1,-1,1,1,-1,1,1,-1,-1,1,-1,1,-1,-1,1,-1,-1,-1,0.008971845731139183
1,1,1,-1,1,1,-1,1,1,-1,-1,1,1,1,1,-1,1,-1,-1,1,0.00897141546010971
1,1,1,-1,1,1,-1,1,1,-1,-1,1,1,1,1,1,1,1,-1,-1,0.00897099170833826
1,1,1,-1,1,1,-1,1,1,-1,1,-1,-1,-1,1,1,-1,-1,-1,-1,0.008971319533884525
1,1,1,-1,1,1,-1,1,1,-1,1,-1,-1,1,1,1,1,-1,1,1,0.00897139124572277
1,1,1,-1,1,1,-1,1,1,-1,1,-1,1,-1,1,1,1,-1,-1,-1,0.008970724418759346
1,1,1,-1,1,1,-1,1,1,-1,1,1,-1,-1,1,1,-1,-1,-1,1,0.008971819654107094
1,1,1,-1,1,1,-1,1,1,-1,1,1,-1,-1,1,1,1,-1,1,-1,0.008970939554274082
1,1,1,-1,1,1,-1,1,1,-1,1,1,-1,1,-1,-1,-1,-1,-1,-1,0.008972130715847015
1,1,1,-1,1,1,-1,1,1,-1,1,1,-1,1,1,1,1,-1,1,1,0.00897147785872221
1,1,1,-1,1,1,-1,1,1,-1,1,1,1,-1,-1,1,1,-1,-1,1,0.008971729315817356
1,1,1,-1,1,1,-1,1,1,-1,1,1,1,-1,-1,1,1,1,-1,1,0.00897181499749422
1,1,1,-1,1,1,-1,1,1,1,-1,-1,-1,1,-1,1,1,-1,1,-1,0.00897154025733471
1,1,1,-1,1,1,-1,1,1,1,-1,1,-1,-1,1,1,1,1,-1,1,0.00897170789539814
1,1,1,-1,1,1,-1,1,1,1,-1,1,1,-1,-1,1,-1,1,1,-1,0.008971504867076874
1,1,1,-1,1,1,-1,1,1,1,-1,1,1,1,-1,1,-1,-1,-1,1,0.008972167037427425
1,1,1,-1,1,1,-1,1,1,1,1,-1,-1,1,-1,1,-1,-1,-1,1,0.008972449228167534
1,1,1,-1,1,1,-1,1,1,1,1,-1,-1,1,1,-1,1,-1,-1,-1,0.00897137075662613
1,1,1,-1,1,1,-1,1,1,1,1,1,-1,-1,-1,1,-1,-1,-1,-1,0.008971997536718845
1,1,1,-1,1,1,-1,1,1,1,1,1,-1,1,-1,-1,1,-1,-1,-1,0.00897196214646101
1,1,1,-1,1,1,1,-1,-1,-1,-1,-1,1,1,1,-1,1,-1,-1,-1,0.008970477618277073
1,1,1,-1,1,1,1,-1,-1,-1,-1,1,-1,1,-1,1,1,1,-1,1,0.008971812203526497
1,1,1,-1,1,1,1,-1,-1,-1,1,-1,-1,1,-1,1,-1,1,1,-1,0.008971386589109898
1,1,1,-1,1,1,1,-1,-1,-1,1,-1,1,1,-1,1,1,-1,1,-1,0.008970705792307854
1,1,1,-1,1,1,1,-1,-1,-1,1,1,-1,1,-1,-1,-1,-1,-1,-1,0.008971692994236946
1,1,1,-1,1,1,1,-1,-1,1,-1,-1,-1,1,1,-1,-1,-1,1,1,0.008971363306045532
1,1,1,-1,1,1,1,-1,-1,1,-1,-1,1,-1,1,1,-1,1,1,-1,0.008970476686954498
1,1,1,-1,1,1,1,-1,-1,1,-1,-1,1,1,1,1,-1,1,-1,-1,0.008970811031758785
1,1,1,-1,1,1,1,-1,-1,1,-1,1,1,-1,-1,1,1,-1,1,1,0.008971139788627625
1,1,1,-1,1,1,1,-1,-1,1,1,-1,-1,-1,-1,1,-1,1,-1,-1,0.008971559815108776
1,1,1,-1,1,1,1,-1,-1,1,1,-1,-1,-1,-1,1,1,-1,1,-1,0.008971008472144604
1,1,1,-1,1,1,1,-1,-1,1,1,-1,-1,-1,-1,1,1,1,-1,1,0.00897171813994646
1,1,1,-1,1,1,1,-1,-1,1,1,1,1,-1,-1,-1,-1,1,-1,1,0.00897181686013937
1,1,1,-1,1,1,1,-1,-1,1,1,1,1,-1,-1,-1,1,1,-1,-1,0.008971148170530796
1,1,1,-1,1,1,1,-1,-1,1,1,1,1,-1,-1,1,1,1,-1,1,0.00897146575152874
1,1,1,-1,1,1,1,-1,1,-1,-1,-1,-1,-1,-1,-1,1,1,1,-1,0.00897117331624031
1,1,1,-1,1,1,1,-1,1,-1,-1,-1,-1,-1,1,-1,-1,1,-1,-1,0.008971135132014751
1,1,1,-1,1,1,1,-1,1,-1,-1,-1,1,-1,1,1,-1,-1,-1,1,0.008971027098596096
1,1,1,-1,1,1,1,-1,1,-1,-1,1,1,1,1,1,-1,-1,-1,1,0.00897123757749796
1,1,1,-1,1,1,1,-1,1,-1,1,-1,1,1,-1,-1,-1,1,1,1,0.00897165760397911
1,1,1,-1,1,1,1,-1,1,-1,1,1,1,-1,-1,1,1,1,1,1,0.008971267379820347
1,1,1,-1,1,1,1,-1,1,1,-1,-1,1,-1,1,1,1,-1,1,1,0.008970648981630802
1,1,1,-1,1,1,1,-1,1,1,-1,-1,1,1,1,1,-1,1,1,1,0.00897111464291811
1,1,1,-1,1,1,1,-1,1,1,-1,1,-1,-1,1,-1,-1,1,1,1,0.00897151231765747
1,1,1,-1,1,1,1,-1,1,1,1,1,-1,-1,-1,-1,-1,1,1,-1,0.008971632458269596
1,1,1,-1,1,1,1,-1,1,1,1,1,-1,-1,-1,1,-1,-1,-1,-1,0.008971660397946835
1,1,1,-1,1,1,1,-1,1,1,1,1,-1,-1,1,-1,-1,-1,-1,-1,0.008971251547336578
1,1,1,-1,1,1,1,-1,1,1,1,1,-1,-1,1,-1,1,1,-1,1,0.008971496485173702
1,1,1,-1,1,1,1,-1,1,1,1,1,-1,1,-1,-1,-1,-1,-1,1,0.008972293697297573
1,1,1,-1,1,1,1,-1,1,1,1,1,1,-1,-1,-1,1,-1,1,-1,0.008970951661467552
1,1,1,-1,1,1,1,-1,1,1,1,1,1,1,1,-1,-1,-1,-1,-1,0.008971036411821842
1,1,1,-1,1,1,1,1,-1,-1,-1,-1,1,-1,-1,1,1,-1,-1,1,0.00897152815014124
1,1,1,-1,1,1,1,1,-1,-1,-1,-1,1,-1,-1,1,1,-1,1,-1,0.008970904164016247
1,1,1,-1,1,1,1,1,-1,-1,-1,-1,1,1,1,-1,1,1,-1,-1,0.008970916271209717
1,1,1,-1,1,1,1,1,-1,-1,-1,1,-1,-1,1,1,-1,1,-1,1,0.00897179078310728
1,1,1,-1,1,1,1,1,-1,-1,1,-1,1,-1,1,-1,-1,-1,1,1,0.008971194736659527
1,1,1,-1,1,1,1,1,-1,-1,1,-1,1,1,-1,-1,-1,-1,-1,1,0.00897203292697668
1,1,1,-1,1,1,1,1,-1,-1,1,-1,1,1,-1,1,1,-1,1,1,0.008971471339464188
1,1,1,-1,1,1,1,1,-1,-1,1,1,-1,1,1,1,1,1,-1,1,0.008971688337624073
1,1,1,-1,1,1,1,1,-1,1,-1,-1,-1,-1,1,-1,-1,-1,1,-1,0.008971177972853184
1,1,1,-1,1,1,1,1,-1,1,-1,1,-1,-1,-1,-1,1,-1,-1,-1,0.008971723727881908
1,1,1,-1,1,1,1,1,-1,1,-1,1,-1,-1,-1,-1,1,1,1,1,0.008972013369202614
1,1,1,-1,1,1,1,1,-1,1,-1,1,1,-1,1,1,1,-1,-1,-1,0.008970784023404121
1,1,1,-1,1,1,1,1,-1,1,1,-1,-1,1,-1,1,-1,1,1,1,0.008972239680588245
1,1,1,-1,1,1,1,1,-1,1,1,-1,1,-1,-1,-1,-1,1,1,-1,0.008971459232270718
1,1,1,-1,1,1,1,1,-1,1,1,-1,1,-1,-1,-1,1,-1,-1,-1,0.008971326984465122
1,1,1,-1,1,1,1,1,-1,1,1,-1,1,1,1,-1,1,1,-1,1,0.008971447125077248
1,1,1,-1,1,1,1,1,-1,1,1,1,-1,-1,-1,1,-1,-1,1,-1,0.008971702307462692
1,1,1,-1,1,1,1,1,-1,1,1,1,-1,1,-1,1,-1,1,-1,-1,0.008972122333943844
1,1,1,-1,1,1,1,1,1,-1,-1,-1,1,-1,1,1,1,1,-1,1,0.00897120963782072
1,1,1,-1,1,1,1,1,1,-1,-1,-1,1,1,1,-1,-1,-1,1,-1,0.008970975875854492
1,1,1,-1,1,1,1,1,1,-1,-1,1,-1,-1,-1,1,1,-1,1,-1,0.00897142942994833
1,1,1,-1,1,1,1,1,1,-1,-1,1,1,-1,-1,-1,-1,-1,-1,1,0.008972066454589367
1,1,1,-1,1,1,1,1,1,-1,1,-1,-1,-1,1,-1,1,-1,1,1,0.008971378207206726
1,1,1,-1,1,1,1,1,1,-1,1,-1,1,-1,-1,1,-1,-1,-1,1,0.008971912786364555
1,1,1,-1,1,1,1,1,1,-1,1,1,1,-1,1,1,1,1,1,-1,0.008970702067017555
1,1,1,-1,1,1,1,1,1,-1,1,1,1,1,1,-1,-1,-1,-1,1,0.008971715345978737
1,1,1,-1,1,1,1,1,1,1,-1,-1,-1,1,1,1,-1,-1,1,1,0.008971719071269035
1,1,1,-1,1,1,1,1,1,1,-1,-1,1,-1,-1,1,-1,1,1,-1,0.008971433155238628
1,1,1,-1,1,1,1,1,1,1,-1,1,-1,1,-1,-1,-1,1,1,-1,0.008972079493105412
1,1,1,-1,1,1,1,1,1,1,1,-1,-1,-1,-1,1,1,1,1,-1,0.008971545845270157
1,1,1,-1,1,1,1,1,1,1,1,-1,-1,1,1,1,1,-1,1,1,0.008971492759883404
1,1,1,-1,1,1,1,1,1,1,1,-1,1,-1,-1,-1,1,1,-1,1,0.00897192768752575
1,1,1,-1,1,1,1,1,1,1,1,-1,1,-1,-1,-1,1,1,1,1,0.008971717208623886
1,1,1,-1,1,1,1,1,1,1,1,-1,1,-1,1,1,-1,1,1,1,0.008971371687948704
1,1,1,-1,1,1,1,1,1,1,1,-1,1,1,-1,-1,-1,1,-1,-1,0.008971893228590488
1,1,1,-1,1,1,1,1,1,1,1,1,1,1,1,1,-1,1,1,-1,0.008971168659627438
1,1,1,1,-1,-1,-1,-1,-1,-1,-1,-1,1,1,-1,1,1,-1,1,-1,0.008971521630883217
1,1,1,1,-1,-1,-1,-1,-1,-1,-1,-1,1,1,1,1,1,-1,1,-1,0.008971016854047775
1,1,1,1,-1,-1,-1,-1,-1,-1,-1,1,1,-1,1,1,1,1,1,-1,0.00897106621414423
1,1,1,1,-1,-1,-1,-1,-1,-1,1,-1,-1,-1,-1,-1,-1,1,1,-1,0.00897220429033041
1,1,1,1,-1,-1,-1,-1,-1,-1,1,-1,-1,1,-1,1,-1,-1,1,1,0.008972559124231339
1,1,1,1,-1,-1,-1,-1,-1,-1,1,-1,1,-1,1,-1,1,1,-1,-1,0.008971314877271652
1,1,1,1,-1,-1,-1,-1,-1,-1,1,-1,1,1,1,1,1,1,1,1,0.008971546776592731
1,1,1,1,-1,-1,-1,-1,-1,-1,1,1,-1,-1,-1,-1,-1,1,1,-1,0.00897229090332985
1,1,1,1,-1,-1,-1,-1,-1,-1,1,1,-1,1,1,1,1,-1,-1,-1,0.008971682749688625
1,1,1,1,-1,-1,-1,-1,-1,-1,1,1,1,-1,1,1,1,1,-1,1,0.008971719071269035
1,1,1,1,-1,-1,-1,-1,-1,-1,1,1,1,1,1,1,-1,-1,1,1,0.008971801958978176
1,1,1,1,-1,-1,-1,-1,-1,1,-1,-1,-1,1,1,-1,-1,-1,-1,-1,0.008972005918622017
1,1,1,1,-1,-1,-1,-1,-1,1,-1,-1,1,1,-1,1,1,1,1,-1,0.008971694856882095
1,1,1,1,-1,-1,-1,-1,-1,1,-1,1,1,-1,-1,-1,1,-1,-1,1,0.008972291834652424
1,1,1,1,-1,-1,-1,-1,-1,1,-1,1,1,1,-1,-1,1,-1,1,1,0.008972205221652985
1,1,1,1,-1,-1,-1,-1,-1,1,1,-1,-1,1,1,-1,-1,-1,1,-1,0.008971825242042542
1,1,1,1,-1,-1,-1,-1,-1,1,1,-1,1,1,-1,1,1,1,-1,-1,0.008971935138106346
1,1,1,1,-1,-1,-1,-1,-1,1,1,1,-1,1,-1,-1,-1,1,1,-1,0.008972502313554287
1,1,1,1,-1,-1,-1,-1,1,-1,-1,-1,-1,1,1,-1,-1,1,1,-1,0.008971894159913063
1,1,1,1,-1,-1,-1,-1,1,-1,-1,1,-1,-1,1,-1,-1,1,-1,1,0.00897248089313507
1,1,1,1,-1,-1,-1,-1,1,-1,-1,1,-1,1,1,-1,1,-1,-1,1,0.00897226296365261
1,1,1,1,-1,-1,-1,-1,1,-1,-1,1,-1,1,1,1,-1,-1,1,-1,0.008971798233687878
1,1,1,1,-1,-1,-1,-1,1,-1,1,-1,1,-1,-1,1,-1,1,1,-1,0.008971869014203548
1,1,1,1,-1,-1,-1,-1,1,-1,1,-1,1,1,-1,1,1,1,1,-1,0.008971736766397953
1,1,1,1,-1,-1,-1,-1,1,-1,1,-1,1,1,1,1,1,1,1,1,0.008971646428108215
1,1,1,1,-1,-1,-1,-1,1,-1,1,1,1,1,-1,-1,1,-1,1,-1,0.008971833623945713
1,1,1,1,-1,-1,-1,-1,1,1,-1,-1,-1,1,-1,1,1,1,1,-1,0.008972134441137314
1,1,1,1,-1,-1,-1,-1,1,1,-1,-1,-1,1,1,-1,-1,1,1,1,0.008972395211458206
1,1,1,1,-1,-1,-1,-1,1,1,-1,-1,1,-1,1,-1,-1,-1,1,-1,0.008971432223916054
1,1,1,1,-1,-1,-1,-1,1,1,-1,-1,1,-1,1,-1,-1,1,1,-1,0.008971518836915493
1,1,1,1,-1,-1,-1,-1,1,1,-1,-1,1,-1,1,1,-1,-1,1,-1,0.008971336297690868
1,1,1,1,-1,-1,-1,-1,1,1,-1,-1,1,1,1,-1,-1,1,-1,-1,0.00897185318171978
1,1,1,1,-1,-1,-1,-1,1,1,-1,1,-1,-1,1,-1,1,1,1,1,0.008972101844847202
1,1,1,1,-1,-1,-1,-1,1,1,1,-1,-1,1,-1,1,-1,1,-1,-1,0.00897262990474701
1,1,1,1,-1,-1,-1,-1,1,1,1,-1,1,1,-1,1,-1,1,-1,-1,0.008972289972007275
1,1,1,1,-1,-1,-1,-1,1,1,1,1,-1,-1,1,-1,-1,1,-1,-1,0.008972183801233768
1,1,1,1,-1,-1,-1,-1,1,1,1,1,-1,1,-1,1,1,1,-1,-1,0.00897246040403843
1,1,1,1,-1,-1,-1,1,-1,-1,-1,-1,1,-1,-1,-1,-1,-1,-1,-1,0.008972312323749065
1,1,1,1,-1,-1,-1,1,-1,-1,-1,-1,1,1,-1,-1,-1,1,1,-1,0.008972312323749065
1,1,1,1,-1,-1,-1,1,-1,-1,-1,1,1,-1,1,1,1,-1,1,1,0.008971745148301125
1,1,1,1,-1,-1,-1,1,-1,-1,1,-1,-1,1,-1,-1,-1,-1,-1,1,0.008973218500614166
1,1,1,1,-1,-1,-1,1,-1,-1,1,-1,-1,1,-1,1,-1,-1,-1,1,0.008973121643066406
1,1,1,1,-1,-1,-1,1,-1,-1,1,-1,-1,1,-1,1,1,-1,1,1,0.008972655981779099
1,1,1,1,-1,-1,-1,1,-1,-1,1,-1,1,-1,1,-1,1,-1,-1,-1,0.008971581235527992
1,1,1,1,-1,-1,-1,1,-1,-1,1,-1,1,1,-1,-1,1,-1,-1,-1,0.008972209878265858
1,1,1,1,-1,-1,-1,1,-1,-1,1,-1,1,1,-1,1,-1,-1,1,1,0.008972572162747383
1,1,1,1,-1,-1,-1,1,-1,-1,1,-1,1,1,1,-1,-1,1,1,1,0.008972249925136566
1,1,1,1,-1,-1,-1,1,-1,1,-1,-1,-1,1,-1,-1,1,1,1,-1,0.00897248275578022
1,1,1,1,-1,-1,-1,1,-1,1,-1,1,-1,-1,-1,-1,1,-1,-1,-1,0.00897256936877966
1,1,1,1,-1,-1,-1,1,-1,1,-1,1,-1,-1,-1,1,-1,-1,-1,-1,0.008972728624939919
1,1,1,1,-1,-1,-1,1,-1,1,-1,1,1,-1,1,1,1,1,1,1,0.008971919305622578
1,1,1,1,-1,-1,-1,1,-1,1,-1,1,1,1,1,1,1,1,-1,1,0.00897225271910429
1,1,1,1,-1,-1,-1,1,-1,1,1,-1,-1,1,1,1,-1,-1,-1,-1,0.00897229090332985
1,1,1,1,-1,-1,-1,1,-1,1,1,1,-1,1,1,-1,-1,1,-1,1,0.008972973562777042
1,1,1,1,-1,-1,-1,1,-1,1,1,1,1,1,-1,-1,-1,-1,1,1,0.008972842246294022
1,1,1,1,-1,-1,-1,1,-1,1,1,1,1,1,1,-1,1,-1,1,1,0.008972082287073135
1,1,1,1,-1,-1,-1,1,1,-1,-1,-1,1,-1,-1,-1,-1,1,1,1,0.008972701616585255
1,1,1,1,-1,-1,-1,1,1,-1,-1,-1,1,-1,1,1,-1,-1,1,-1,0.00897160079330206
1,1,1,1,-1,-1,-1,1,1,-1,-1,1,1,-1,-1,1,1,-1,1,-1,0.00897193606942892
1,1,1,1,-1,-1,-1,1,1,-1,-1,1,1,-1,-1,1,1,-1,1,1,0.00897234957665205
1,1,1,1,-1,-1,-1,1,1,-1,-1,1,1,-1,1,-1,1,-1,1,1,0.008971941657364368
1,1,1,1,-1,-1,-1,1,1,-1,-1,1,1,-1,1,1,1,-1,-1,-1,0.008971641771495342
1,1,1,1,-1,-1,-1,1,1,-1,-1,1,1,1,-1,1,-1,-1,-1,-1,0.008972526527941227
1,1,1,1,-1,-1,-1,1,1,-1,1,-1,-1,1,1,1,-1,-1,1,-1,0.00897209346294403
1,1,1,1,-1,-1,-1,1,1,-1,1,1,1,-1,1,1,1,-1,-1,1,0.00897208508104086
1,1,1,1,-1,-1,-1,1,1,-1,1,1,1,1,-1,1,1,1,1,-1,0.008972175419330597
1,1,1,1,-1,-1,-1,1,1,1,-1,1,-1,1,-1,1,1,1,1,1,0.008972986601293087
1,1,1,1,-1,-1,-1,1,1,1,-1,1,-1,1,1,1,1,1,1,-1,0.008972068317234516
1,1,1,1,-1,-1,-1,1,1,1,1,-1,-1,-1,1,-1,-1,-1,-1,-1,0.00897236354649067
1,1,1,1,-1,-1,-1,1,1,1,1,-1,1,1,1,1,-1,-1,-1,1,0.008972465060651302
1,1,1,1,-1,-1,-1,1,1,1,1,1,-1,1,-1,1,1,-1,1,-1,0.008972516283392906
1,1,1,1,-1,-1,1,-1,-1,-1,-1,-1,-1,-1,-1,-1,1,-1,-1,-1,0.008972058072686195
1,1,1,1,-1,-1,1,-1,-1,-1,-1,1,-1,-1,1,1,1,-1,-1,1,0.008971957489848137
1,1,1,1,-1,-1,1,-1,-1,-1,-1,1,1,-1,1,-1,1,-1,-1,1,0.008971714414656162
1,1,1,1,-1,-1,1,-1,-1,-1,-1,1,1,1,-1,-1,-1,-1,-1,1,0.008972599171102047
1,1,1,1,-1,-1,1,-1,-1,-1,1,-1,-1,-1,1,1,-1,-1,1,-1,0.008971531875431538
1,1,1,1,-1,-1,1,-1,-1,-1,1,-1,-1,1,1,-1,1,-1,-1,-1,0.008971706964075565
1,1,1,1,-1,-1,1,-1,-1,1,-1,-1,-1,-1,1,-1,-1,1,-1,-1,0.008971982635557652
1,1,1,1,-1,-1,1,-1,-1,1,-1,-1,-1,1,1,-1,-1,1,1,1,0.008972310461103916
1,1,1,1,-1,-1,1,-1,-1,1,-1,-1,-1,1,1,1,1,-1,-1,1,0.008972082287073135
1,1,1,1,-1,-1,1,-1,-1,1,-1,-1,1,1,1,-1,-1,-1,1,1,0.008971884846687317
1,1,1,1,-1,-1,1,-1,-1,1,-1,1,-1,-1,1,1,-1,1,1,1,0.008972176350653172
1,1,1,1,-1,-1,1,-1,-1,1,-1,1,-1,1,1,-1,1,1,1,-1,0.008971727453172207
1,1,1,1,-1,-1,1,-1,-1,1,-1,1,1,1,-1,-1,-1,1,1,1,0.008972561918199062
1,1,1,1,-1,-1,1,-1,-1,1,-1,1,1,1,1,-1,-1,-1,-1,-1,0.008971767500042915
1,1,1,1,-1,-1,1,-1,-1,1,1,-1,-1,1,-1,-1,-1,-1,1,-1,0.008972343988716602
1,1,1,1,-1,-1,1,-1,-1,1,1,1,-1,1,1,-1,1,-1,1,-1,0.008971670642495155
1,1,1,1,-1,-1,1,-1,-1,1,1,1,-1,1,1,-1,1,1,1,-1,0.00897175632417202
1,1,1,1,-1,-1,1,-1,-1,1,1,1,-1,1,1,-1,1,1,1,1,0.008972170762717724
1,1,1,1,-1,-1,1,-1,-1,1,1,1,1,1,-1,1,-1,1,1,-1,0.00897208135575056
1,1,1,1,-1,-1,1,-1,-1,1,1,1,1,1,1,1,-1,-1,-1,-1,0.008971701376140118
1,1,1,1,-1,-1,1,-1,1,-1,-1,-1,-1,1,1,1,1,1,1,-1,0.008971557021141052
1,1,1,1,-1,-1,1,-1,1,-1,-1,-1,-1,1,1,1,1,1,1,1,0.008971970528364182
1,1,1,1,-1,-1,1,-1,1,-1,-1,1,-1,-1,-1,1,1,1,-1,-1,0.008972234092652798
1,1,1,1,-1,-1,1,-1,1,-1,-1,1,-1,1,-1,-1,1,-1,-1,1,0.008972782641649246
1,1,1,1,-1,-1,1,-1,1,-1,-1,1,1,-1,1,1,1,1,-1,1,0.0089718047529459
1,1,1,1,-1,-1,1,-1,1,-1,1,-1,-1,1,-1,-1,1,1,-1,1,0.00897281151264906
1,1,1,1,-1,-1,1,-1,1,-1,1,-1,1,-1,-1,-1,-1,1,1,-1,0.008971979841589928
1,1,1,1,-1,-1,1,-1,1,-1,1,-1,1,-1,-1,1,1,1,1,1,0.008972041308879852
1,1,1,1,-1,-1,1,-1,1,-1,1,-1,1,1,-1,-1,1,1,1,-1,0.008971848525106907
1,1,1,1,-1,-1,1,-1,1,-1,1,1,1,-1,-1,-1,-1,-1,-1,-1,0.00897219032049179
1,1,1,1,-1,-1,1,-1,1,-1,1,1,1,-1,1,-1,1,1,1,1,0.00897172000259161
1,1,1,1,-1,-1,1,-1,1,1,-1,-1,-1,-1,-1,-1,-1,-1,1,-1,0.00897229090332985
1,1,1,1,-1,-1,1,-1,1,1,-1,-1,1,-1,-1,-1,1,1,1,-1,0.00897178240120411
1,1,1,1,-1,-1,1,-1,1,1,-1,-1,1,-1,-1,1,-1,1,1,1,0.008972355164587498
1,1,1,1,-1,-1,1,-1,1,1,-1,-1,1,1,-1,-1,1,-1,1,1,0.008972234092652798
1,1,1,1,-1,-1,1,-1,1,1,-1,-1,1,1,-1,1,-1,1,1,1,0.008972479030489922
1,1,1,1,-1,-1,1,-1,1,1,-1,-1,1,1,1,1,-1,1,1,1,0.008971975184977055
1,1,1,1,-1,-1,1,-1,1,1,1,-1,1,-1,-1,1,1,1,-1,-1,0.0089719258248806
1,1,1,1,-1,-1,1,-1,1,1,1,-1,1,1,-1,-1,1,1,1,1,0.00897234957665205
1,1,1,1,-1,-1,1,-1,1,1,1,-1,1,1,-1,1,-1,1,1,-1,0.00897209532558918
1,1,1,1,-1,-1,1,-1,1,1,1,1,1,-1,1,-1,1,1,1,-1,0.00897139310836792
1,1,1,1,-1,-1,1,-1,1,1,1,1,1,1,-1,1,-1,1,1,-1,0.008972181007266045
1,1,1,1,-1,-1,1,1,-1,-1,-1,-1,-1,-1,-1,1,-1,1,1,1,0.008972859010100365
1,1,1,1,-1,-1,1,1,-1,-1,-1,-1,-1,1,-1,1,-1,-1,-1,-1,0.008972693234682083
1,1,1,1,-1,-1,1,1,-1,-1,-1,-1,1,-1,1,1,1,-1,-1,1,0.008971883915364742
1,1,1,1,-1,-1,1,1,-1,-1,-1,1,1,-1,-1,1,1,-1,-1,1,0.008972475305199623
1,1,1,1,-1,-1,1,1,-1,-1,-1,1,1,1,-1,-1,1,1,1,-1,0.00897215772420168
1,1,1,1,-1,-1,1,1,-1,-1,-1,1,1,1,-1,1,1,-1,-1,-1,0.008972185663878918
1,1,1,1,-1,-1,1,1,-1,-1,-1,1,1,1,1,1,-1,1,-1,-1,0.00897202268242836
1,1,1,1,-1,-1,1,1,-1,-1,1,-1,-1,1,1,1,1,1,-1,-1,0.00897204875946045
1,1,1,1,-1,-1,1,1,-1,-1,1,-1,1,1,1,-1,1,1,1,1,0.008972009643912315
1,1,1,1,-1,-1,1,1,-1,-1,1,1,-1,1,-1,1,-1,1,-1,1,0.008973309770226479
1,1,1,1,-1,-1,1,1,-1,-1,1,1,-1,1,1,1,-1,-1,1,1,0.008972507901489735
1,1,1,1,-1,-1,1,1,-1,1,-1,-1,-1,-1,-1,-1,1,1,-1,1,0.008972997777163982
1,1,1,1,-1,-1,1,1,-1,1,-1,-1,1,-1,1,1,-1,-1,-1,1,0.0089722266420722
1,1,1,1,-1,-1,1,1,-1,1,-1,1,-1,1,1,1,1,-1,1,-1,0.008971896953880787
1,1,1,1,-1,-1,1,1,-1,1,-1,1,1,-1,1,-1,-1,-1,-1,1,0.0089724101126194
1,1,1,1,-1,-1,1,1,-1,1,-1,1,1,1,-1,1,-1,-1,1,-1,0.008972317911684513
1,1,1,1,-1,-1,1,1,-1,1,-1,1,1,1,1,-1,-1,-1,1,-1,0.008971909992396832
1,1,1,1,-1,-1,1,1,-1,1,1,-1,-1,1,-1,1,1,-1,1,-1,0.008972344920039177
1,1,1,1,-1,-1,1,1,-1,1,1,-1,-1,1,1,-1,1,1,-1,1,0.008972646668553352
1,1,1,1,-1,-1,1,1,-1,1,1,-1,1,-1,1,1,1,-1,1,1,0.00897179078310728
1,1,1,1,-1,-1,1,1,-1,1,1,1,-1,1,-1,-1,1,-1,-1,1,0.008973151445388794
1,1,1,1,-1,-1,1,1,-1,1,1,1,-1,1,-1,-1,1,-1,1,1,0.00897294096648693
1,1,1,1,-1,-1,1,1,-1,1,1,1,-1,1,1,-1,-1,-1,-1,1,0.008972901850938797
1,1,1,1,-1,-1,1,1,-1,1,1,1,1,-1,-1,-1,-1,1,-1,-1,0.00897261593490839
1,1,1,1,-1,-1,1,1,1,-1,-1,1,-1,-1,1,-1,1,-1,1,-1,0.008971882052719593
1,1,1,1,-1,-1,1,1,1,-1,-1,1,-1,1,1,-1,1,-1,1,1,0.008972419425845146
1,1,1,1,-1,-1,1,1,1,-1,1,-1,-1,1,-1,1,-1,1,1,-1,0.00897269882261753
1,1,1,1,-1,-1,1,1,1,-1,1,-1,1,-1,1,-1,1,1,-1,1,0.008972195908427238
1,1,1,1,-1,-1,1,1,1,1,-1,-1,1,1,-1,1,-1,1,1,1,0.008972831070423126
1,1,1,1,-1,-1,1,1,1,1,-1,1,-1,1,1,1,1,1,-1,1,0.008972707204520702
1,1,1,1,-1,-1,1,1,1,1,1,-1,-1,-1,-1,-1,1,1,1,1,0.00897291675209999
1,1,1,1,-1,-1,1,1,1,1,1,-1,-1,-1,-1,1,1,-1,-1,1,0.00897294469177723
1,1,1,1,-1,-1,1,1,1,1,1,-1,-1,1,-1,-1,1,1,-1,1,0.008973251096904278
1,1,1,1,-1,-1,1,1,1,1,1,1,1,-1,-1,-1,1,1,-1,-1,0.00897246040403843
1,1,1,1,-1,-1,1,1,1,1,1,1,1,-1,1,1,-1,1,1,-1,0.008971905335783958
1,1,1,1,-1,-1,1,1,1,1,1,1,1,-1,1,1,-1,1,1,1,0.008972318843007088
1,1,1,1,-1,-1,1,1,1,1,1,1,1,1,-1,1,1,-1,1,-1,0.00897219218313694
1,1,1,1,-1,1,-1,-1,-1,-1,-1,-1,-1,-1,1,-1,-1,1,1,1,0.008971995674073696
1,1,1,1,-1,1,-1,-1,-1,-1,-1,1,-1,-1,-1,1,1,-1,1,1,0.008972148410975933
1,1,1,1,-1,1,-1,-1,-1,-1,-1,1,1,1,1,1,-1,1,-1,-1,0.008971567265689373
1,1,1,1,-1,1,-1,-1,-1,-1,1,-1,-1,-1,1,-1,1,-1,-1,1,0.008971893228590488
1,1,1,1,-1,1,-1,-1,-1,-1,1,-1,-1,1,-1,1,-1,-1,-1,-1,0.008972267620265484
1,1,1,1,-1,1,-1,-1,-1,-1,1,-1,1,-1,1,1,1,1,1,-1,0.008970919996500015
1,1,1,1,-1,1,-1,-1,-1,-1,1,-1,1,1,1,-1,1,-1,1,1,0.00897146761417389
1,1,1,1,-1,1,-1,-1,-1,-1,1,1,-1,-1,-1,1,1,1,-1,1,0.008972474373877048
1,1,1,1,-1,1,-1,-1,-1,-1,1,1,-1,-1,1,-1,-1,-1,1,-1,0.00897161103785038
1,1,1,1,-1,1,-1,-1,-1,-1,1,1,-1,1,-1,-1,1,1,1,1,0.008972483687102795
1,1,1,1,-1,1,-1,-1,-1,-1,1,1,1,-1,-1,1,-1,1,1,-1,0.00897176656872034
1,1,1,1,-1,1,-1,-1,-1,1,-1,-1,-1,-1,1,1,-1,-1,-1,1,0.008972110226750374
1,1,1,1,-1,1,-1,-1,-1,1,-1,-1,-1,1,-1,-1,1,-1,1,-1,0.008971955627202988
1,1,1,1,-1,1,-1,-1,-1,1,-1,-1,-1,1,1,1,-1,-1,1,-1,0.008971610106527805
1,1,1,1,-1,1,-1,-1,-1,1,-1,-1,1,1,-1,-1,1,1,1,-1,0.008971702307462692
1,1,1,1,-1,1,-1,-1,-1,1,-1,1,1,-1,1,1,1,-1,-1,1,0.008971601724624634
1,1,1,1,-1,1,-1,-1,-1,1,1,-1,1,-1,-1,-1,-1,1,1,1,0.00897227693349123
1,1,1,1,-1,1,-1,-1,-1,1,1,-1,1,-1,1,-1,-1,1,1,-1,0.008971359580755234
1,1,1,1,-1,1,-1,-1,-1,1,1,-1,1,-1,1,-1,1,1,1,-1,0.008971103467047215
1,1,1,1,-1,1,-1,-1,-1,1,1,-1,1,-1,1,1,-1,-1,-1,1,0.008971801027655602
1,1,1,1,-1,1,-1,-1,-1,1,1,-1,1,1,1,1,-1,1,-1,-1,0.00897159706801176
1,1,1,1,-1,1,-1,-1,1,-1,-1,1,-1,-1,-1,1,-1,-1,-1,-1,0.008972300216555595
1,1,1,1,-1,1,-1,-1,1,-1,-1,1,1,-1,-1,-1,-1,1,1,1,0.008972346782684326
1,1,1,1,-1,1,-1,-1,1,-1,-1,1,1,-1,-1,-1,1,1,-1,-1,0.00897188764065504
1,1,1,1,-1,1,-1,-1,1,-1,-1,1,1,1,1,-1,1,-1,1,1,0.008971625007689
1,1,1,1,-1,1,-1,-1,1,-1,1,-1,1,1,1,-1,-1,1,-1,-1,0.00897170603275299
1,1,1,1,-1,1,-1,-1,1,-1,1,-1,1,1,1,-1,1,-1,1,-1,0.008971153758466244
1,1,1,1,-1,1,-1,-1,1,-1,1,1,-1,-1,-1,-1,1,1,1,1,0.008972459472715855
1,1,1,1,-1,1,-1,-1,1,1,-1,-1,-1,-1,-1,1,-1,1,1,-1,0.008972177281975746
1,1,1,1,-1,1,-1,-1,1,1,-1,-1,1,-1,-1,1,-1,-1,1,1,0.008972165174782276
1,1,1,1,-1,1,-1,-1,1,1,-1,1,-1,-1,1,-1,-1,1,-1,-1,0.008972065523266792
1,1,1,1,-1,1,-1,-1,1,1,1,-1,1,-1,1,1,-1,1,-1,1,0.00897198636084795
1,1,1,1,-1,1,-1,-1,1,1,1,-1,1,-1,1,1,1,-1,1,1,0.008971435017883778
1,1,1,1,-1,1,-1,-1,1,1,1,1,-1,-1,-1,-1,-1,1,1,1,0.008972803130745888
1,1,1,1,-1,1,-1,-1,1,1,1,1,1,1,-1,-1,1,1,1,-1,0.008971918374300003
1,1,1,1,-1,1,-1,1,-1,-1,-1,-1,-1,-1,-1,-1,-1,1,1,-1,0.008972438052296638
1,1,1,1,-1,1,-1,1,-1,-1,-1,-1,-1,1,1,-1,-1,-1,1,1,0.008972384966909885
1,1,1,1,-1,1,-1,1,-1,-1,-1,1,-1,-1,-1,-1,1,1,-1,-1,0.008972479030489922
1,1,1,1,-1,1,-1,1,-1,-1,-1,1,-1,-1,1,1,1,1,1,-1,0.008971667848527431
1,1,1,1,-1,1,-1,1,-1,-1,-1,1,1,-1,-1,1,-1,1,1,1,0.008972503244876862
1,1,1,1,-1,1,-1,1,-1,-1,-1,1,1,1,1,-1,-1,-1,1,-1,0.008971719071269035
1,1,1,1,-1,1,-1,1,-1,-1,1,-1,-1,-1,-1,-1,-1,-1,-1,-1,0.00897259172052145
1,1,1,1,-1,1,-1,1,-1,-1,1,-1,-1,-1,-1,1,-1,-1,1,1,0.00897269882261753
1,1,1,1,-1,1,-1,1,-1,-1,1,-1,-1,1,1,-1,1,1,-1,-1,0.008972041308879852
1,1,1,1,-1,1,-1,1,-1,-1,1,-1,1,-1,1,-1,1,1,-1,-1,0.008971578441560268
1,1,1,1,-1,1,-1,1,-1,-1,1,-1,1,1,-1,-1,1,1,1,-1,0.00897199660539627
1,1,1,1,-1,1,-1,1,-1,-1,1,-1,1,1,1,1,-1,1,1,-1,0.008971652016043663
1,1,1,1,-1,1,-1,1,-1,-1,1,1,-1,-1,-1,-1,1,-1,-1,-1,0.00897242221981287
1,1,1,1,-1,1,-1,1,-1,-1,1,1,-1,1,-1,-1,1,-1,1,1,0.008972750045359135
1,1,1,1,-1,1,-1,1,-1,-1,1,1,1,-1,-1,-1,-1,1,1,1,0.008972628973424435
1,1,1,1,-1,1,-1,1,-1,1,-1,-1,1,1,1,1,1,1,1,1,0.008971868082880974
1,1,1,1,-1,1,-1,1,-1,1,-1,1,-1,-1,1,-1,1,1,1,1,0.008972265757620335
1,1,1,1,-1,1,-1,1,-1,1,-1,1,-1,1,1,1,-1,-1,-1,-1,0.008972259238362312
1,1,1,1,-1,1,-1,1,-1,1,-1,1,1,-1,-1,1,-1,-1,-1,1,0.0089727146551013
1,1,1,1,-1,1,-1,1,-1,1,-1,1,1,-1,-1,1,1,-1,1,1,0.008972248993813992
1,1,1,1,-1,1,-1,1,-1,1,1,-1,1,1,1,-1,-1,1,-1,1,0.008972459472715855
1,1,1,1,-1,1,-1,1,-1,1,1,1,-1,1,1,-1,1,-1,-1,1,0.00897254329174757
1,1,1,1,-1,1,-1,1,-1,1,1,1,1,-1,-1,-1,-1,1,1,1,0.008972715586423874
1,1,1,1,-1,1,-1,1,1,-1,-1,-1,1,-1,-1,-1,-1,-1,1,1,0.008972526527941227
1,1,1,1,-1,1,-1,1,1,-1,-1,-1,1,-1,1,-1,-1,-1,1,1,0.008972021751105785
1,1,1,1,-1,1,-1,1,1,-1,-1,1,1,-1,1,1,1,-1,-1,1,0.008971966803073883
1,1,1,1,-1,1,-1,1,1,-1,-1,1,1,1,-1,-1,-1,1,1,1,0.00897282361984253
1,1,1,1,-1,1,-1,1,1,-1,1,-1,-1,-1,-1,1,-1,-1,1,1,0.008972798474133015
1,1,1,1,-1,1,-1,1,1,-1,1,-1,-1,-1,1,-1,1,1,1,-1,0.008971807546913624
1,1,1,1,-1,1,-1,1,1,-1,1,1,-1,-1,1,-1,1,-1,1,-1,0.008971807546913624
1,1,1,1,-1,1,-1,1,1,-1,1,1,1,-1,-1,1,-1,-1,1,-1,0.008972132578492165
1,1,1,1,-1,1,-1,1,1,-1,1,1,1,-1,-1,1,1,1,-1,1,0.008972587063908577
1,1,1,1,-1,1,-1,1,1,-1,1,1,1,1,-1,1,-1,-1,1,-1,0.008972256444394588
1,1,1,1,-1,1,-1,1,1,1,-1,-1,-1,-1,1,-1,1,-1,-1,1,0.008972402662038803
1,1,1,1,-1,1,-1,1,1,1,-1,-1,-1,1,-1,1,-1,-1,-1,-1,0.008972777053713799
1,1,1,1,-1,1,-1,1,1,1,-1,-1,1,-1,-1,1,1,-1,-1,1,0.0089724725112319
1,1,1,1,-1,1,-1,1,1,1,-1,1,-1,-1,1,1,-1,1,-1,1,0.00897273514419794
1,1,1,1,-1,1,-1,1,1,1,-1,1,1,-1,1,1,1,1,1,1,0.008971930481493473
1,1,1,1,-1,1,-1,1,1,1,-1,1,1,1,1,1,1,1,1,-1,0.008971640840172768
1,1,1,1,-1,1,-1,1,1,1,1,-1,-1,1,-1,-1,1,1,1,1,0.008972937241196632
1,1,1,1,-1,1,-1,1,1,1,1,-1,1,1,-1,-1,1,-1,-1,1,0.008972722105681896
1,1,1,1,-1,1,-1,1,1,1,1,1,-1,1,-1,-1,1,-1,1,1,0.008972937241196632
1,1,1,1,-1,1,-1,1,1,1,1,1,-1,1,-1,1,1,-1,-1,-1,0.008972637355327606
1,1,1,1,-1,1,-1,1,1,1,1,1,1,-1,1,-1,1,1,-1,1,0.008972265757620335
1,1,1,1,-1,1,-1,1,1,1,1,1,1,1,1,1,-1,-1,-1,1,0.008972463198006153
1,1,1,1,-1,1,1,-1,-1,-1,-1,-1,-1,-1,1,-1,-1,1,1,-1,0.008971596136689186
1,1,1,1,-1,1,1,-1,-1,-1,-1,-1,1,-1,-1,1,-1,1,-1,-1,0.00897187553346157
1,1,1,1,-1,1,1,-1,-1,-1,-1,-1,1,-1,-1,1,1,1,1,-1,0.008971409872174263
1,1,1,1,-1,1,1,-1,-1,-1,-1,1,-1,1,-1,1,-1,1,1,1,0.008972628973424435
1,1,1,1,-1,1,1,-1,-1,-1,-1,1,1,-1,-1,-1,1,-1,1,-1,0.008971506729722023
1,1,1,1,-1,1,1,-1,-1,-1,1,-1,1,1,-1,1,-1,1,1,1,0.008972232230007648
1,1,1,1,-1,1,1,-1,-1,-1,1,1,-1,1,-1,-1,-1,1,1,-1,0.008972341194748878
1,1,1,1,-1,1,1,-1,-1,-1,1,1,1,-1,1,1,1,-1,1,-1,0.008970934897661209
1,1,1,1,-1,1,1,-1,-1,1,-1,-1,-1,-1,1,-1,-1,1,1,-1,0.0089716836810112
1,1,1,1,-1,1,1,-1,-1,1,-1,-1,-1,1,-1,1,1,-1,-1,1,0.008972498588263988
1,1,1,1,-1,1,1,-1,-1,1,-1,-1,-1,1,1,-1,-1,1,-1,1,0.008972431533038616
1,1,1,1,-1,1,1,-1,-1,1,-1,1,-1,-1,1,1,-1,1,-1,1,0.008972298353910446
1,1,1,1,-1,1,1,-1,-1,1,-1,1,1,-1,1,-1,1,1,1,-1,0.00897117517888546
1,1,1,1,-1,1,1,-1,-1,1,-1,1,1,-1,1,1,-1,1,1,1,0.008971748873591423
1,1,1,1,-1,1,1,-1,-1,1,1,-1,-1,-1,-1,-1,-1,1,-1,-1,0.008972427807748318
1,1,1,1,-1,1,1,-1,-1,1,1,-1,-1,-1,1,-1,-1,1,-1,-1,0.008971923030912876
1,1,1,1,-1,1,1,-1,-1,1,1,-1,-1,1,-1,-1,1,-1,-1,-1,0.008972209878265858
1,1,1,1,-1,1,1,-1,-1,1,1,-1,1,-1,1,-1,-1,1,-1,1,0.008971997536718845
1,1,1,1,-1,1,1,-1,-1,1,1,1,1,1,-1,1,-1,-1,-1,1,0.008972530253231525
1,1,1,1,-1,1,1,-1,1,-1,-1,-1,-1,-1,-1,-1,1,1,1,-1,0.008971945382654667
1,1,1,1,-1,1,1,-1,1,-1,-1,-1,-1,1,1,-1,-1,-1,1,1,0.008972147479653358
1,1,1,1,-1,1,1,-1,1,-1,-1,-1,1,-1,1,-1,1,1,1,1,0.008971515111625195
1,1,1,1,-1,1,1,-1,1,-1,-1,-1,1,1,-1,-1,-1,1,-1,1,0.008972609415650368
1,1,1,1,-1,1,1,-1,1,-1,-1,1,-1,-1,1,-1,-1,1,1,-1,0.00897178240120411
1,1,1,1,-1,1,1,-1,1,-1,-1,1,-1,1,1,-1,-1,1,1,-1,0.008971907198429108
1,1,1,1,-1,1,1,-1,1,-1,1,-1,-1,1,1,-1,1,1,1,1,0.008972007781267166
1,1,1,1,-1,1,1,-1,1,-1,1,-1,1,1,-1,-1,-1,-1,1,-1,0.008971928618848324
1,1,1,1,-1,1,1,-1,1,-1,1,1,1,-1,-1,-1,-1,1,1,-1,0.008971977978944778
1,1,1,1,-1,1,1,-1,1,-1,1,1,1,-1,1,1,-1,-1,1,1,0.008971704170107841
1,1,1,1,-1,1,1,-1,1,-1,1,1,1,1,1,-1,-1,1,-1,1,0.008972221054136753
1,1,1,1,-1,1,1,-1,1,-1,1,1,1,1,1,1,1,-1,1,-1,0.008971159346401691
1,1,1,1,-1,1,1,-1,1,1,-1,-1,-1,-1,1,-1,1,1,-1,-1,0.008971738629043102
1,1,1,1,-1,1,1,-1,1,1,-1,-1,1,-1,-1,-1,-1,-1,-1,1,0.008972486481070518
1,1,1,1,-1,1,1,-1,1,1,-1,-1,1,-1,-1,1,-1,-1,-1,1,0.008972390554845333
1,1,1,1,-1,1,1,-1,1,1,-1,-1,1,-1,-1,1,-1,-1,1,1,0.00897218007594347
1,1,1,1,-1,1,1,-1,1,1,-1,1,-1,-1,1,1,1,1,1,-1,0.008971517905592918
1,1,1,1,-1,1,1,-1,1,1,-1,1,-1,1,1,-1,-1,1,-1,-1,0.00897220429033041
1,1,1,1,-1,1,1,-1,1,1,-1,1,1,-1,1,-1,-1,1,-1,1,0.008972154930233955
1,1,1,1,-1,1,1,-1,1,1,1,-1,-1,-1,1,1,1,1,1,-1,0.008971461094915867
1,1,1,1,-1,1,1,-1,1,1,1,-1,-1,1,1,-1,-1,-1,-1,1,0.008972474373877048
1,1,1,1,-1,1,1,-1,1,1,1,-1,-1,1,1,-1,1,-1,-1,-1,0.008971805684268475
1,1,1,1,-1,1,1,-1,1,1,1,1,-1,-1,1,-1,1,1,-1,1,0.008972267620265484
1,1,1,1,-1,1,1,-1,1,1,1,1,-1,-1,1,1,-1,1,1,-1,0.00897180289030075
1,1,1,1,-1,1,1,-1,1,1,1,1,-1,1,1,1,-1,1,-1,1,0.008972550742328167
1,1,1,1,-1,1,1,-1,1,1,1,1,-1,1,1,1,1,1,-1,1,0.008972295559942722
1,1,1,1,-1,1,1,-1,1,1,1,1,-1,1,1,1,1,1,1,1,0.00897208508104086
1,1,1,1,-1,1,1,-1,1,1,1,1,1,-1,-1,-1,-1,-1,1,1,0.008972392417490482
1,1,1,1,-1,1,1,-1,1,1,1,1,1,-1,-1,1,1,1,1,-1,0.008971713483333588
1,1,1,1,-1,1,1,1,-1,-1,-1,-1,1,-1,1,-1,1,1,-1,1,0.008971977978944778
1,1,1,1,-1,1,1,1,-1,-1,-1,-1,1,1,1,1,-1,-1,-1,-1,0.008971760980784893
1,1,1,1,-1,1,1,1,-1,-1,-1,1,-1,-1,-1,-1,-1,-1,-1,-1,0.008972663432359695
1,1,1,1,-1,1,1,1,-1,-1,-1,1,1,-1,-1,-1,1,1,1,1,0.008972358889877796
1,1,1,1,-1,1,1,1,-1,-1,-1,1,1,-1,1,-1,1,-1,1,-1,0.008971353992819786
1,1,1,1,-1,1,1,1,-1,-1,1,-1,-1,-1,1,-1,-1,1,1,1,0.008972391486167908
1,1,1,1,-1,1,1,1,-1,-1,1,-1,1,1,1,-1,1,1,1,1,0.008971921168267727
1,1,1,1,-1,1,1,1,-1,-1,1,1,-1,-1,1,-1,1,1,-1,-1,0.008972018957138062
1,1,1,1,-1,1,1,1,-1,1,-1,-1,-1,-1,-1,1,-1,-1,1,-1,0.008972357958555222
1,1,1,1,-1,1,1,1,-1,1,-1,1,-1,1,1,1,-1,-1,1,-1,0.008972063660621643
1,1,1,1,-1,1,1,1,-1,1,-1,1,1,1,-1,1,-1,-1,-1,-1,0.008972439914941788
1,1,1,1,-1,1,1,1,-1,1,1,-1,-1,-1,-1,1,-1,1,1,-1,0.008972473442554474
1,1,1,1,-1,1,1,1,-1,1,1,-1,1,-1,-1,1,1,1,-1,-1,0.008972088806331158
1,1,1,1,-1,1,1,1,-1,1,1,1,-1,1,-1,1,1,1,-1,1,0.00897305179387331
1,1,1,1,-1,1,1,1,-1,1,1,1,-1,1,-1,1,1,1,1,1,0.008972842246294022
1,1,1,1,-1,1,1,1,-1,1,1,1,1,-1,1,-1,1,1,-1,-1,0.008971767500042915
1,1,1,1,-1,1,1,1,-1,1,1,1,1,-1,1,1,-1,-1,1,-1,0.008971630595624447
1,1,1,1,-1,1,1,1,-1,1,1,1,1,-1,1,1,-1,1,1,-1,0.008971716277301311
1,1,1,1,-1,1,1,1,-1,1,1,1,1,1,1,-1,1,1,-1,1,0.008972304873168468
1,1,1,1,-1,1,1,1,1,-1,-1,-1,-1,1,1,-1,1,1,1,1,0.008972330950200558
1,1,1,1,-1,1,1,1,1,-1,-1,-1,1,-1,1,1,-1,-1,1,-1,0.008971527218818665
1,1,1,1,-1,1,1,1,1,-1,-1,-1,1,1,1,1,1,1,-1,1,0.0089721055701375
1,1,1,1,-1,1,1,1,1,-1,-1,1,1,-1,-1,-1,-1,1,-1,1,0.008972924202680588
1,1,1,1,-1,1,1,1,1,-1,1,-1,-1,1,-1,-1,1,1,1,1,0.008972864598035812
1,1,1,1,-1,1,1,1,1,-1,1,-1,1,-1,-1,-1,-1,-1,-1,1,0.008972780779004097
1,1,1,1,-1,1,1,1,1,-1,1,-1,1,-1,1,-1,-1,-1,1,-1,0.008971652947366238
1,1,1,1,-1,1,1,1,1,-1,1,-1,1,-1,1,1,-1,1,-1,-1,0.00897185318171978
1,1,1,1,-1,1,1,1,1,-1,1,-1,1,1,-1,1,1,-1,-1,1,0.00897255353629589
1,1,1,1,-1,1,1,1,1,-1,1,1,-1,-1,-1,-1,-1,-1,-1,-1,0.008972792886197567
1,1,1,1,-1,1,1,1,1,-1,1,1,-1,1,-1,-1,1,1,1,-1,0.008972536772489548
1,1,1,1,-1,1,1,1,1,-1,1,1,1,-1,-1,-1,1,-1,1,1,0.008972401730716228
1,1,1,1,-1,1,1,1,1,-1,1,1,1,1,1,1,-1,-1,-1,1,0.008972390554845333
1,1,1,1,-1,1,1,1,1,1,-1,-1,-1,-1,-1,1,-1,-1,1,1,0.00897287204861641
1,1,1,1,-1,1,1,1,1,1,-1,-1,-1,1,1,-1,-1,-1,-1,1,0.00897279754281044
1,1,1,1,-1,1,1,1,1,1,-1,-1,-1,1,1,1,-1,1,-1,-1,0.00897237379103899
1,1,1,1,-1,1,1,1,1,1,-1,-1,1,1,-1,1,-1,1,-1,1,0.0089729530736804
1,1,1,1,-1,1,1,1,1,1,-1,1,-1,-1,1,-1,-1,1,1,1,0.008972636424005032
1,1,1,1,-1,1,1,1,1,1,-1,1,1,-1,-1,-1,1,-1,1,1,0.008972459472715855
1,1,1,1,-1,1,1,1,1,1,-1,1,1,-1,1,1,1,-1,-1,1,0.00897206924855709
1,1,1,1,-1,1,1,1,1,1,1,-1,-1,-1,1,-1,-1,1,-1,1,0.008972789160907269
1,1,1,1,-1,1,1,1,1,1,1,-1,-1,1,1,1,1,1,-1,1,0.008972560986876488
1,1,1,1,-1,1,1,1,1,1,1,-1,1,-1,1,1,-1,-1,-1,1,0.008972267620265484
1,1,1,1,-1,1,1,1,1,1,1,-1,1,1,-1,1,-1,-1,1,-1,0.008972272276878357
1,1,1,1,-1,1,1,1,1,1,1,1,-1,-1,1,1,1,1,-1,1,0.008972523733973503
1,1,1,1,-1,1,1,1,1,1,1,1,1,-1,-1,-1,1,-1,-1,1,0.00897269882261753
1,1,1,1,1,-1,-1,-1,-1,-1,-1,-1,-1,-1,-1,-1,1,-1,-1,-1,0.00897157471626997
1,1,1,1,1,-1,-1,-1,-1,-1,-1,-1,1,-1,1,-1,-1,-1,-1,1,0.008971400558948517
1,1,1,1,1,-1,-1,-1,-1,-1,-1,-1,1,1,1,1,1,-1,1,-1,0.008970549330115318
1,1,1,1,1,-1,-1,-1,-1,-1,-1,1,-1,-1,1,-1,1,-1,-1,1,0.008971570990979671
1,1,1,1,1,-1,-1,-1,-1,-1,-1,1,-1,1,-1,1,1,1,1,-1,0.008971565403044224
1,1,1,1,1,-1,-1,-1,-1,-1,-1,1,-1,1,1,1,-1,1,-1,1,0.00897193979471922
1,1,1,1,1,-1,-1,-1,-1,-1,1,-1,-1,1,-1,1,1,-1,1,-1,0.008971421979367733
1,1,1,1,1,-1,-1,-1,-1,-1,1,-1,-1,1,1,-1,-1,-1,-1,1,0.008971893228590488
1,1,1,1,1,-1,-1,-1,-1,-1,1,-1,-1,1,1,-1,-1,-1,1,-1,0.008971269242465496
1,1,1,1,1,-1,-1,-1,-1,-1,1,-1,1,-1,1,-1,1,-1,1,1,0.008970963768661022
1,1,1,1,1,-1,-1,-1,-1,-1,1,1,-1,-1,1,-1,1,1,1,1,0.00897147599607706
1,1,1,1,1,-1,-1,-1,-1,-1,1,1,-1,1,-1,-1,1,-1,-1,-1,0.00897181499749422
1,1,1,1,1,-1,-1,-1,-1,-1,1,1,-1,1,1,-1,-1,-1,-1,1,0.008971979841589928
1,1,1,1,1,-1,-1,-1,-1,1,-1,-1,-1,-1,1,-1,-1,-1,1,1,0.008971616625785828
1,1,1,1,1,-1,-1,-1,-1,1,-1,-1,-1,1,1,1,-1,1,1,-1,0.008971316739916801
1,1,1,1,1,-1,-1,-1,-1,1,-1,-1,-1,1,1,1,1,1,-1,1,0.00897168554365635
1,1,1,1,1,-1,-1,-1,-1,1,-1,-1,1,-1,-1,-1,-1,1,1,1,0.008971868082880974
1,1,1,1,1,-1,-1,-1,-1,1,-1,-1,1,-1,-1,-1,1,1,1,1,0.00897161290049553
1,1,1,1,1,-1,-1,-1,-1,1,-1,1,1,-1,-1,1,1,-1,1,-1,0.008971103467047215
1,1,1,1,1,-1,-1,-1,-1,1,-1,1,1,1,1,1,1,1,1,1,0.008971222676336765
1,1,1,1,1,-1,-1,-1,-1,1,1,-1,1,-1,1,1,1,-1,-1,1,0.008971165865659714
1,1,1,1,1,-1,-1,-1,-1,1,1,-1,1,-1,1,1,1,1,-1,-1,0.008970838040113449
1,1,1,1,1,-1,-1,-1,-1,1,1,1,1,1,-1,1,-1,-1,1,1,0.0089719258248806
1,1,1,1,1,-1,-1,-1,1,-1,-1,-1,-1,-1,1,-1,-1,-1,1,1,0.008971629664301872
1,1,1,1,1,-1,-1,-1,1,-1,-1,-1,-1,1,1,-1,-1,-1,1,-1,0.008971340022981167
1,1,1,1,1,-1,-1,-1,1,-1,-1,-1,1,-1,1,1,1,-1,-1,-1,0.008970734663307667
1,1,1,1,1,-1,-1,-1,1,-1,-1,-1,1,1,-1,1,1,1,-1,-1,0.008971449919044971
1,1,1,1,1,-1,-1,-1,1,-1,-1,-1,1,1,-1,1,1,1,1,1,0.008971652947366238
1,1,1,1,1,-1,-1,-1,1,-1,-1,-1,1,1,1,1,1,1,-1,-1,0.00897094514220953
1,1,1,1,1,-1,-1,-1,1,-1,-1,1,-1,-1,1,-1,-1,-1,1,1,0.008971716277301311
1,1,1,1,1,-1,-1,-1,1,-1,-1,1,-1,1,-1,-1,-1,1,1,-1,0.008972017094492912
1,1,1,1,1,-1,-1,-1,1,-1,-1,1,-1,1,-1,1,-1,1,-1,1,0.00897254515439272
1,1,1,1,1,-1,-1,-1,1,-1,1,-1,-1,1,-1,1,-1,1,-1,-1,0.008972073905169964
1,1,1,1,1,-1,-1,-1,1,-1,1,-1,1,-1,1,-1,-1,1,-1,-1,0.008971202187240124
1,1,1,1,1,-1,-1,-1,1,-1,1,-1,1,1,-1,-1,1,1,-1,-1,0.008971575647592545
1,1,1,1,1,-1,-1,-1,1,1,-1,-1,-1,1,-1,1,-1,-1,-1,1,0.008972459472715855
1,1,1,1,1,-1,-1,-1,1,1,-1,1,-1,1,1,-1,-1,-1,-1,-1,0.008971723727881908
1,1,1,1,1,-1,-1,-1,1,1,1,-1,-1,-1,-1,1,1,-1,1,1,0.008971898816525936
1,1,1,1,1,-1,-1,-1,1,1,1,-1,-1,1,1,1,1,1,-1,-1,0.008971401490271091
1,1,1,1,1,-1,-1,-1,1,1,1,1,-1,-1,1,1,1,-1,-1,1,0.008971691131591797
1,1,1,1,1,-1,-1,-1,1,1,1,1,-1,1,-1,1,-1,1,1,-1,0.008972037583589554
1,1,1,1,1,-1,-1,-1,1,1,1,1,1,-1,1,-1,1,-1,-1,1,0.008971448056399822
1,1,1,1,1,-1,-1,-1,1,1,1,1,1,1,-1,-1,1,1,1,1,0.008971952833235264
1,1,1,1,1,-1,-1,1,-1,-1,-1,-1,-1,-1,-1,-1,1,-1,-1,-1,0.008971926756203175
1,1,1,1,1,-1,-1,1,-1,-1,-1,-1,-1,1,1,-1,1,1,-1,-1,0.008971632458269596
1,1,1,1,1,-1,-1,1,-1,-1,-1,-1,-1,1,1,1,1,-1,1,-1,0.008971240371465683
1,1,1,1,1,-1,-1,1,-1,-1,-1,-1,1,1,-1,-1,1,-1,-1,1,0.008972126059234142
1,1,1,1,1,-1,-1,1,-1,-1,-1,-1,1,1,1,1,1,1,-1,1,0.00897161103785038
1,1,1,1,1,-1,-1,1,-1,-1,1,-1,1,-1,-1,1,1,-1,1,1,0.008971724659204483
1,1,1,1,1,-1,-1,1,-1,-1,1,-1,1,1,-1,-1,-1,-1,1,1,0.008972200565040112
1,1,1,1,1,-1,-1,1,-1,-1,1,-1,1,1,1,-1,1,1,-1,-1,0.008971323259174824
1,1,1,1,1,-1,-1,1,-1,1,-1,-1,1,-1,-1,-1,1,-1,-1,-1,0.008971675299108028
1,1,1,1,1,-1,-1,1,-1,1,-1,-1,1,1,-1,-1,-1,-1,-1,-1,0.008972055278718472
1,1,1,1,1,-1,-1,1,-1,1,-1,1,1,-1,-1,1,-1,1,1,1,0.008972210809588432
1,1,1,1,1,-1,-1,1,-1,1,1,-1,-1,-1,-1,1,1,1,1,1,0.008972236886620522
1,1,1,1,1,-1,-1,1,-1,1,1,1,1,-1,-1,-1,-1,1,-1,-1,0.008972132578492165
1,1,1,1,1,-1,-1,1,1,-1,-1,-1,-1,-1,-1,1,-1,1,-1,-1,0.008972273208200932
1,1,1,1,1,-1,-1,1,1,-1,-1,-1,1,-1,1,-1,-1,-1,-1,-1,0.008971438743174076
1,1,1,1,1,-1,-1,1,1,-1,-1,-1,1,1,1,-1,1,1,-1,-1,0.008971394039690495
1,1,1,1,1,-1,-1,1,1,-1,-1,1,-1,1,-1,1,-1,1,-1,1,0.008972897194325924
1,1,1,1,1,-1,-1,1,1,-1,-1,1,1,-1,1,-1,1,-1,1,1,0.008971473202109337
1,1,1,1,1,-1,-1,1,1,-1,-1,1,1,1,-1,1,-1,1,-1,-1,0.00897214375436306
1,1,1,1,1,-1,-1,1,1,-1,-1,1,1,1,1,-1,-1,-1,-1,1,0.008972062729299068
1,1,1,1,1,-1,-1,1,1,-1,1,-1,-1,-1,1,1,-1,1,-1,-1,0.008971797302365303
1,1,1,1,1,-1,-1,1,1,-1,1,1,-1,-1,-1,-1,1,1,-1,1,0.008972642943263054
1,1,1,1,1,-1,-1,1,1,-1,1,1,-1,-1,1,1,1,1,-1,-1,0.008971628732979298
1,1,1,1,1,-1,-1,1,1,-1,1,1,1,-1,-1,1,-1,1,-1,-1,0.008972049690783024
1,1,1,1,1,-1,-1,1,1,1,-1,-1,-1,1,-1,1,1,1,1,-1,0.008972018025815487
1,1,1,1,1,-1,-1,1,1,1,-1,1,-1,-1,-1,1,1,1,-1,-1,0.008972191251814365
1,1,1,1,1,-1,-1,1,1,1,-1,1,-1,-1,1,-1,1,1,1,-1,0.008971571922302246
1,1,1,1,1,-1,-1,1,1,1,1,-1,-1,-1,1,1,-1,-1,-1,1,0.008972212672233582
1,1,1,1,1,-1,-1,1,1,1,1,-1,-1,1,-1,-1,1,1,1,-1,0.00897214375436306
1,1,1,1,1,-1,-1,1,1,1,1,-1,1,-1,-1,1,1,-1,-1,-1,0.008971708826720715
1,1,1,1,1,-1,-1,1,1,1,1,-1,1,1,1,1,-1,-1,1,-1,0.008971373550593853
1,1,1,1,1,-1,-1,1,1,1,1,1,-1,-1,-1,-1,1,1,1,1,0.008972520008683205
1,1,1,1,1,-1,-1,1,1,1,1,1,1,-1,-1,1,-1,1,-1,-1,0.008972136303782463
1,1,1,1,1,-1,-1,1,1,1,1,1,1,-1,1,1,-1,1,-1,-1,0.008971632458269596
1,1,1,1,1,-1,1,-1,-1,-1,-1,-1,-1,-1,1,-1,-1,1,-1,1,0.00897184107452631
1,1,1,1,1,-1,1,-1,-1,-1,-1,-1,1,1,-1,-1,1,-1,1,1,0.008971578441560268
1,1,1,1,1,-1,1,-1,-1,-1,-1,1,-1,-1,-1,-1,-1,1,-1,-1,0.008972018025815487
1,1,1,1,1,-1,1,-1,-1,-1,-1,1,-1,1,1,-1,-1,-1,1,-1,0.008971340954303741
1,1,1,1,1,-1,1,-1,-1,-1,-1,1,1,-1,-1,1,-1,-1,1,1,0.008971700444817543
1,1,1,1,1,-1,1,-1,-1,-1,-1,1,1,-1,1,-1,-1,-1,-1,1,0.00897150207310915
1,1,1,1,1,-1,1,-1,-1,-1,-1,1,1,-1,1,-1,1,-1,1,1,0.008971036411821842
1,1,1,1,1,-1,1,-1,-1,-1,1,-1,1,1,1,1,-1,1,1,-1,0.008970934897661209
1,1,1,1,1,-1,1,-1,-1,-1,1,1,-1,-1,1,-1,1,-1,1,1,0.008971404284238815
1,1,1,1,1,-1,1,-1,-1,1,-1,-1,-1,1,-1,1,-1,-1,1,-1,0.008971750736236572
1,1,1,1,1,-1,1,-1,-1,1,-1,-1,-1,1,1,-1,-1,1,1,1,0.008971842005848885
1,1,1,1,1,-1,1,-1,-1,1,-1,-1,-1,1,1,1,-1,1,1,1,0.0089717460796237
1,1,1,1,1,-1,1,-1,-1,1,-1,-1,1,1,-1,1,-1,1,1,-1,0.008971497416496277
1,1,1,1,1,-1,1,-1,-1,1,-1,1,-1,-1,-1,1,1,-1,-1,-1,0.008971667848527431
1,1,1,1,1,-1,1,-1,-1,1,-1,1,1,1,-1,1,-1,-1,1,-1,0.008971497416496277
1,1,1,1,1,-1,1,-1,-1,1,-1,1,1,1,1,1,-1,-1,-1,-1,0.008971203118562698
1,1,1,1,1,-1,1,-1,-1,1,1,-1,-1,-1,1,1,-1,1,1,-1,0.00897123757749796
1,1,1,1,1,-1,1,-1,-1,1,1,1,-1,-1,1,1,1,1,-1,-1,0.008971278555691242
1,1,1,1,1,-1,1,-1,-1,1,1,1,1,-1,-1,1,-1,1,-1,1,0.008972113020718098
1,1,1,1,1,-1,1,-1,-1,1,1,1,1,-1,1,-1,-1,1,1,1,0.008971494622528553
1,1,1,1,1,-1,1,-1,-1,1,1,1,1,-1,1,-1,1,-1,1,-1,0.00897073931992054
1,1,1,1,1,-1,1,-1,-1,1,1,1,1,-1,1,1,-1,1,1,1,0.008971398696303368
1,1,1,1,1,-1,1,-1,-1,1,1,1,1,1,1,1,1,1,-1,-1,0.008971063420176506
1,1,1,1,1,-1,1,-1,1,-1,-1,-1,1,1,1,-1,1,-1,-1,1,0.008971383795142174
1,1,1,1,1,-1,1,-1,1,-1,-1,1,-1,-1,-1,1,-1,1,1,-1,0.008971811272203922
1,1,1,1,1,-1,1,-1,1,-1,1,-1,-1,-1,1,-1,-1,-1,-1,-1,0.008971470408141613
1,1,1,1,1,-1,1,-1,1,-1,1,-1,-1,1,1,1,-1,-1,-1,-1,0.008971498347818851
1,1,1,1,1,-1,1,-1,1,-1,1,-1,1,1,1,1,1,1,-1,1,0.00897140335291624
1,1,1,1,1,-1,1,-1,1,1,-1,-1,1,1,-1,1,1,-1,1,-1,0.008971255272626877
1,1,1,1,1,-1,1,-1,1,1,-1,1,1,1,-1,1,-1,1,1,1,0.00897209718823433
1,1,1,1,1,-1,1,-1,1,1,-1,1,1,1,1,1,-1,1,1,1,0.008971593342721462
1,1,1,1,1,-1,1,-1,1,1,1,-1,1,-1,1,-1,-1,-1,-1,1,0.008971632458269596
1,1,1,1,1,-1,1,-1,1,1,1,1,-1,-1,1,-1,-1,-1,1,-1,0.008971434086561203
1,1,1,1,1,-1,1,1,-1,-1,-1,-1,1,-1,-1,-1,1,-1,1,-1,0.008971392177045345
1,1,1,1,1,-1,1,1,-1,-1,-1,-1,1,1,1,1,1,1,-1,-1,0.008971212431788445
1,1,1,1,1,-1,1,1,-1,-1,-1,1,-1,-1,1,1,-1,-1,-1,-1,0.0089716836810112
1,1,1,1,1,-1,1,1,-1,-1,1,-1,-1,-1,-1,-1,-1,1,-1,1,0.00897272676229477
1,1,1,1,1,-1,1,1,-1,-1,1,-1,-1,1,1,-1,-1,1,-1,-1,0.008971932344138622
1,1,1,1,1,-1,1,1,-1,-1,1,-1,1,-1,1,-1,-1,1,-1,1,0.008971882984042168
1,1,1,1,1,-1,1,1,-1,-1,1,1,-1,-1,-1,1,-1,1,-1,-1,0.00897230301052332
1,1,1,1,1,-1,1,1,-1,-1,1,1,-1,-1,1,-1,1,-1,1,1,0.00897175632417202
1,1,1,1,1,-1,1,1,-1,1,-1,1,-1,-1,1,1,1,-1,-1,-1,0.008971515111625195
1,1,1,1,1,-1,1,1,-1,1,-1,1,1,-1,-1,-1,1,1,1,-1,0.008971652947366238
1,1,1,1,1,-1,1,1,-1,1,1,-1,-1,1,1,1,1,-1,-1,1,0.008971995674073696
1,1,1,1,1,-1,1,1,-1,1,1,-1,1,-1,1,-1,-1,1,1,-1,0.00897134654223919
1,1,1,1,1,-1,1,1,-1,1,1,1,-1,-1,1,1,1,-1,1,-1,0.00897133443504572
1,1,1,1,1,-1,1,1,1,-1,-1,-1,1,-1,-1,-1,1,1,-1,1,0.00897220242768526
1,1,1,1,1,-1,1,1,1,-1,-1,-1,1,-1,1,-1,1,-1,1,-1,0.008970987983047962
1,1,1,1,1,-1,1,1,1,-1,-1,1,-1,-1,-1,1,-1,1,1,-1,0.008972164243459702
1,1,1,1,1,-1,1,1,1,-1,-1,1,1,-1,-1,1,1,-1,-1,-1,0.008971692994236946
1,1,1,1,1,-1,1,1,1,-1,-1,1,1,-1,1,-1,-1,1,1,1,0.008971829898655415
1,1,1,1,1,-1,1,1,1,-1,1,-1,-1,1,1,1,1,1,-1,1,0.008972094394266605
1,1,1,1,1,-1,1,1,1,-1,1,1,-1,-1,-1,-1,1,-1,-1,-1,0.00897215772420168
1,1,1,1,1,-1,1,1,1,-1,1,1,-1,-1,1,-1,1,1,1,-1,0.008971529081463814
1,1,1,1,1,-1,1,1,1,-1,1,1,-1,1,-1,1,-1,-1,1,1,0.008972644805908203
1,1,1,1,1,-1,1,1,1,-1,1,1,-1,1,-1,1,1,1,1,1,0.008972475305199623
1,1,1,1,1,-1,1,1,1,1,-1,-1,-1,1,-1,1,-1,-1,1,1,0.00897261593490839
1,1,1,1,1,-1,1,1,1,1,-1,-1,-1,1,1,-1,-1,-1,-1,-1,0.008972004055976868
1,1,1,1,1,-1,1,1,1,1,-1,-1,-1,1,1,1,1,1,-1,-1,0.008971738629043102
1,1,1,1,1,-1,1,1,1,1,-1,-1,1,-1,1,1,-1,-1,-1,1,0.008971858769655228
1,1,1,1,1,-1,1,1,1,1,1,-1,1,1,1,1,-1,1,-1,1,0.008972098119556904
1,1,1,1,1,-1,1,1,1,1,1,1,-1,-1,-1,-1,1,-1,-1,-1,0.008972245268523693
1,1,1,1,1,-1,1,1,1,1,1,1,1,-1,-1,1,1,1,1,1,0.008972099050879478
1,1,1,1,1,1,-1,-1,-1,-1,-1,-1,-1,-1,-1,-1,-1,-1,-1,-1,0.0089717423543334
1,1,1,1,1,1,-1,-1,-1,-1,-1,-1,1,-1,1,1,1,-1,-1,1,0.008970960043370724
1,1,1,1,1,1,-1,-1,-1,-1,-1,1,1,-1,-1,1,-1,1,-1,-1,0.008971478790044785
1,1,1,1,1,1,-1,-1,-1,-1,-1,1,1,1,-1,1,-1,-1,-1,-1,0.008971516974270344
1,1,1,1,1,1,-1,-1,-1,-1,-1,1,1,1,1,1,1,1,1,1,0.008971046656370163
1,1,1,1,1,1,-1,-1,-1,-1,1,-1,-1,1,-1,-1,-1,-1,1,1,0.008972099050879478
1,1,1,1,1,1,-1,-1,-1,-1,1,-1,-1,1,1,1,-1,-1,1,-1,0.008971083909273148
1,1,1,1,1,1,-1,-1,-1,-1,1,-1,1,-1,-1,1,1,-1,-1,1,0.008971493691205978
1,1,1,1,1,1,-1,-1,-1,-1,1,-1,1,1,1,1,1,1,1,1,0.008970988914370537
1,1,1,1,1,1,-1,-1,-1,-1,1,1,-1,1,-1,1,1,1,1,-1,0.008971505798399448
1,1,1,1,1,1,-1,-1,-1,1,-1,-1,-1,-1,1,-1,-1,1,1,1,0.008971614763140678
1,1,1,1,1,1,-1,-1,-1,1,-1,-1,-1,1,1,-1,-1,-1,-1,1,0.008971862494945526
1,1,1,1,1,1,-1,-1,-1,1,-1,-1,1,-1,1,1,-1,1,-1,1,0.008971389383077621
1,1,1,1,1,1,-1,-1,-1,1,-1,1,-1,-1,1,-1,1,1,-1,1,0.008971655741333961
1,1,1,1,1,1,-1,-1,-1,1,-1,1,1,1,1,-1,1,-1,-1,-1,0.008970940485596657
1,1,1,1,1,1,-1,-1,-1,1,1,-1,-1,1,-1,-1,1,-1,-1,-1,0.008971726521849632
1,1,1,1,1,1,-1,-1,-1,1,1,-1,-1,1,-1,1,1,-1,-1,1,0.008972044102847576
1,1,1,1,1,1,-1,-1,-1,1,1,-1,-1,1,1,-1,1,1,-1,1,0.00897172186523676
1,1,1,1,1,1,-1,-1,-1,1,1,-1,-1,1,1,1,-1,-1,-1,-1,0.008971381932497025
1,1,1,1,1,1,-1,-1,-1,1,1,-1,1,1,-1,-1,-1,-1,1,-1,0.008971433155238628
1,1,1,1,1,1,-1,-1,-1,1,1,1,-1,1,1,1,1,-1,1,1,0.008971416391432285
1,1,1,1,1,1,-1,-1,-1,1,1,1,1,1,-1,1,1,-1,1,1,0.008971581235527992
1,1,1,1,1,1,-1,-1,1,-1,-1,-1,-1,-1,1,1,1,-1,-1,1,0.008971398696303368
1,1,1,1,1,1,-1,-1,1,-1,-1,1,-1,-1,1,1,-1,1,1,1,0.008971617557108402
1,1,1,1,1,1,-1,-1,1,-1,-1,1,1,1,1,-1,-1,-1,1,-1,0.008970998227596283
1,1,1,1,1,1,-1,-1,1,-1,-1,1,1,1,1,-1,-1,1,-1,-1,0.00897129438817501
1,1,1,1,1,1,-1,-1,1,-1,1,-1,-1,-1,1,-1,1,-1,1,1,0.008971314877271652
1,1,1,1,1,1,-1,-1,1,-1,1,-1,-1,1,-1,1,1,1,1,-1,0.008971519768238068
1,1,1,1,1,1,-1,-1,1,-1,1,-1,-1,1,1,-1,1,-1,1,-1,0.008971024304628372
1,1,1,1,1,1,-1,-1,1,-1,1,-1,-1,1,1,1,-1,-1,1,-1,0.008971184492111206
1,1,1,1,1,1,-1,-1,1,-1,1,-1,1,-1,-1,-1,-1,1,-1,1,0.008972031995654106
1,1,1,1,1,1,-1,-1,1,-1,1,-1,1,-1,1,1,1,1,-1,-1,0.00897076167166233
1,1,1,1,1,1,-1,-1,1,-1,1,-1,1,1,-1,1,-1,1,-1,-1,0.008971646428108215
1,1,1,1,1,1,-1,-1,1,-1,1,1,-1,-1,1,-1,-1,1,-1,-1,0.008971539326012135
1,1,1,1,1,1,-1,-1,1,-1,1,1,-1,1,-1,-1,-1,1,1,1,0.008972370997071266
1,1,1,1,1,1,-1,-1,1,-1,1,1,-1,1,-1,1,1,-1,1,-1,0.008971519768238068
1,1,1,1,1,1,-1,-1,1,-1,1,1,1,1,-1,1,1,-1,-1,-1,0.008971390314400196
1,1,1,1,1,1,-1,-1,1,1,-1,1,-1,1,1,-1,1,-1,1,1,0.008971583098173141
1,1,1,1,1,1,-1,-1,1,1,1,-1,-1,-1,-1,-1,1,-1,1,-1,0.008971492759883404
1,1,1,1,1,1,-1,-1,1,1,1,-1,-1,1,1,1,-1,-1,-1,1,0.008971895091235638
1,1,1,1,1,1,-1,-1,1,1,1,-1,-1,1,1,1,-1,1,-1,1,0.008971981704235077
1,1,1,1,1,1,-1,-1,1,1,1,-1,-1,1,1,1,1,-1,1,1,0.00897142942994833
1,1,1,1,1,1,-1,-1,1,1,1,-1,1,-1,1,-1,1,-1,1,-1,0.008970648981630802
1,1,1,1,1,1,-1,-1,1,1,1,-1,1,1,-1,-1,-1,1,1,1,0.00897203292697668
1,1,1,1,1,1,-1,-1,1,1,1,-1,1,1,1,1,-1,1,1,-1,0.008971018716692924
1,1,1,1,1,1,-1,-1,1,1,1,1,-1,-1,-1,-1,-1,1,-1,1,0.00897254515439272
1,1,1,1,1,1,-1,-1,1,1,1,1,1,1,-1,-1,1,-1,-1,-1,0.008971573784947395
1,1,1,1,1,1,-1,-1,1,1,1,1,1,1,-1,-1,1,1,1,-1,0.008971449919044971
1,1,1,1,1,1,-1,1,-1,-1,-1,-1,-1,-1,1,-1,-1,1,-1,1,0.008972089737653732
1,1,1,1,1,1,-1,1,-1,-1,-1,-1,1,-1,1,1,-1,1,1,1,0.00897144339978695
1,1,1,1,1,1,-1,1,-1,-1,-1,-1,1,1,1,-1,-1,1,-1,-1,0.008971460163593292
1,1,1,1,1,1,-1,1,-1,-1,-1,1,1,-1,1,-1,1,-1,-1,-1,0.008971081115305424
1,1,1,1,1,1,-1,1,-1,-1,-1,1,1,1,1,1,-1,-1,1,1,0.008971568197011948
1,1,1,1,1,1,-1,1,-1,-1,1,-1,-1,1,-1,-1,1,1,1,1,0.008972281590104103
1,1,1,1,1,1,-1,1,-1,-1,1,-1,-1,1,-1,1,1,1,-1,-1,0.008971981704235077
1,1,1,1,1,1,-1,1,-1,-1,1,-1,1,-1,-1,-1,1,-1,1,1,0.00897173210978508
1,1,1,1,1,1,-1,1,-1,-1,1,-1,1,-1,1,1,1,1,-1,-1,0.008971014060080051
1,1,1,1,1,1,-1,1,-1,-1,1,-1,1,1,1,1,1,-1,1,-1,0.008970841765403748
1,1,1,1,1,1,-1,1,-1,-1,1,1,-1,-1,-1,1,1,-1,-1,-1,0.008971857838332653
1,1,1,1,1,1,-1,1,-1,-1,1,1,-1,-1,1,-1,1,-1,-1,1,0.0089718634262681
1,1,1,1,1,1,-1,1,-1,-1,1,1,-1,1,1,-1,1,1,1,-1,0.008971449919044971
1,1,1,1,1,1,-1,1,-1,-1,1,1,1,-1,1,-1,-1,-1,1,1,0.008971569128334522
1,1,1,1,1,1,-1,1,-1,1,-1,-1,-1,-1,-1,1,-1,-1,-1,1,0.008972498588263988
1,1,1,1,1,1,-1,1,-1,1,-1,-1,1,-1,-1,-1,-1,-1,1,-1,0.008971632458269596
1,1,1,1,1,1,-1,1,-1,1,-1,-1,1,-1,1,1,-1,1,1,-1,0.008971117436885834
1,1,1,1,1,1,-1,1,-1,1,-1,-1,1,-1,1,1,-1,1,1,1,0.008971530944108963
1,1,1,1,1,1,-1,1,-1,1,-1,-1,1,1,-1,1,-1,-1,1,-1,0.00897165946662426
1,1,1,1,1,1,-1,1,-1,1,-1,-1,1,1,1,-1,-1,1,1,1,0.008971751667559147
1,1,1,1,1,1,-1,1,-1,1,-1,1,-1,1,-1,1,-1,-1,1,-1,0.00897208508104086
1,1,1,1,1,1,-1,1,-1,1,-1,1,1,-1,-1,1,-1,1,-1,-1,0.008971918374300003
1,1,1,1,1,1,-1,1,-1,1,-1,1,1,1,-1,-1,1,-1,-1,-1,0.008971797302365303
1,1,1,1,1,1,-1,1,-1,1,-1,1,1,1,-1,-1,1,1,1,-1,0.00897167343646288
1,1,1,1,1,1,-1,1,-1,1,-1,1,1,1,1,-1,-1,1,-1,-1,0.008971634320914745
1,1,1,1,1,1,-1,1,-1,1,-1,1,1,1,1,-1,-1,1,1,1,0.008971837349236012
1,1,1,1,1,1,-1,1,-1,1,1,-1,-1,-1,-1,-1,-1,-1,-1,1,0.008972624316811562
1,1,1,1,1,1,-1,1,-1,1,1,-1,1,-1,-1,-1,-1,-1,-1,-1,0.008971871808171272
1,1,1,1,1,1,-1,1,-1,1,1,-1,1,-1,1,1,1,1,-1,1,0.008971515111625195
1,1,1,1,1,1,-1,1,-1,1,1,-1,1,1,-1,-1,-1,1,-1,1,0.008972495794296265
1,1,1,1,1,1,-1,1,-1,1,1,1,1,-1,-1,1,1,1,1,-1,0.008971482515335083
1,1,1,1,1,1,-1,1,-1,1,1,1,1,1,1,1,-1,1,-1,1,0.008971980772912502
1,1,1,1,1,1,-1,1,1,-1,-1,-1,-1,1,-1,1,1,-1,-1,1,0.008972379378974438
1,1,1,1,1,1,-1,1,1,-1,-1,-1,1,1,1,-1,1,-1,-1,-1,0.008971218951046467
1,1,1,1,1,1,-1,1,1,-1,-1,1,-1,-1,1,1,1,1,-1,-1,0.008971510455012321
1,1,1,1,1,1,-1,1,1,-1,-1,1,-1,1,1,-1,-1,-1,-1,1,0.00897231325507164
1,1,1,1,1,1,-1,1,1,-1,1,-1,-1,1,1,1,1,1,-1,1,0.008971991017460823
1,1,1,1,1,1,-1,1,1,-1,1,-1,1,1,-1,1,-1,1,1,1,0.008972201496362686
1,1,1,1,1,1,-1,1,1,-1,1,-1,1,1,1,1,-1,1,-1,-1,0.008971493691205978
1,1,1,1,1,1,-1,1,1,-1,1,1,-1,-1,-1,1,-1,1,1,1,0.008972503244876862
1,1,1,1,1,1,-1,1,1,-1,1,1,1,1,1,-1,-1,-1,-1,1,0.008972004055976868
1,1,1,1,1,1,-1,1,1,1,-1,-1,1,-1,1,1,1,1,-1,1,0.008971585892140865
1,1,1,1,1,1,-1,1,1,1,-1,1,1,-1,-1,-1,1,1,1,1,0.008972062729299068
1,1,1,1,1,1,-1,1,1,1,1,-1,-1,1,-1,1,-1,-1,1,1,0.00897254142910242
1,1,1,1,1,1,-1,1,1,1,1,-1,1,-1,-1,-1,-1,-1,-1,-1,0.008971971459686756
1,1,1,1,1,1,-1,1,1,1,1,1,-1,1,1,-1,-1,-1,-1,-1,0.008972016163170338
1,1,1,1,1,1,-1,1,1,1,1,1,1,-1,-1,-1,-1,1,-1,-1,0.00897214375436306
1,1,1,1,1,1,1,-1,-1,-1,-1,-1,-1,1,1,-1,-1,1,-1,-1,0.008971462026238441
1,1,1,1,1,1,1,-1,-1,-1,-1,-1,1,-1,-1,-1,-1,1,-1,-1,0.0089715039357543
1,1,1,1,1,1,1,-1,-1,-1,-1,1,1,-1,-1,1,-1,1,1,1,0.00897169765084982
1,1,1,1,1,1,1,-1,-1,-1,-1,1,1,1,-1,-1,1,-1,1,1,0.008971575647592545
1,1,1,1,1,1,1,-1,-1,-1,-1,1,1,1,-1,1,1,-1,-1,-1,0.008971275761723518
1,1,1,1,1,1,1,-1,-1,-1,1,-1,1,-1,-1,-1,-1,-1,1,1,0.008971650153398514
1,1,1,1,1,1,1,-1,-1,-1,1,1,-1,1,1,-1,-1,-1,-1,-1,0.00897149182856083
1,1,1,1,1,1,1,-1,-1,-1,1,1,1,1,-1,-1,1,-1,1,1,0.008971605449914932
1,1,1,1,1,1,1,-1,-1,1,-1,-1,-1,-1,-1,1,-1,-1,-1,1,0.008972161449491978
1,1,1,1,1,1,1,-1,-1,1,-1,-1,-1,1,-1,1,1,-1,-1,1,0.008972030133008957
1,1,1,1,1,1,1,-1,-1,1,-1,-1,-1,1,1,-1,-1,-1,1,-1,0.008971253409981728
1,1,1,1,1,1,1,-1,-1,1,-1,-1,1,-1,1,1,1,-1,-1,1,0.008971062488853931
1,1,1,1,1,1,1,-1,-1,1,-1,-1,1,1,1,-1,1,-1,-1,1,0.00897128228098154
1,1,1,1,1,1,1,-1,-1,1,1,-1,-1,1,-1,1,-1,-1,1,-1,0.008971691131591797
1,1,1,1,1,1,1,-1,-1,1,1,1,-1,-1,-1,1,1,-1,-1,1,0.008972021751105785
1,1,1,1,1,1,1,-1,-1,1,1,1,-1,-1,1,-1,-1,-1,-1,-1,0.00897145550698042
1,1,1,1,1,1,1,-1,-1,1,1,1,-1,1,1,-1,1,1,-1,1,0.008971823379397392
1,1,1,1,1,1,1,-1,-1,1,1,1,-1,1,1,-1,1,1,1,1,0.00897161290049553
1,1,1,1,1,1,1,-1,-1,1,1,1,1,-1,-1,1,-1,1,1,1,0.008971814066171646
1,1,1,1,1,1,1,-1,-1,1,1,1,1,1,1,-1,-1,-1,1,1,0.00897144339978695
1,1,1,1,1,1,1,-1,1,-1,-1,-1,-1,-1,-1,-1,-1,1,1,-1,0.008971733041107655
1,1,1,1,1,1,1,-1,1,-1,-1,-1,1,-1,1,1,-1,-1,-1,-1,0.008970917202532291
1,1,1,1,1,1,1,-1,1,-1,-1,1,-1,1,-1,-1,1,-1,1,1,0.008972015231847763
1,1,1,1,1,1,1,-1,1,-1,1,-1,-1,-1,1,1,-1,-1,1,-1,0.008971074596047401
1,1,1,1,1,1,1,-1,1,-1,1,-1,1,-1,1,1,1,-1,1,1,0.008970893919467926
1,1,1,1,1,1,1,-1,1,-1,1,-1,1,1,-1,1,-1,1,1,1,0.008971864357590675
1,1,1,1,1,1,1,-1,1,-1,1,-1,1,1,1,1,-1,1,1,1,0.008971359580755234
1,1,1,1,1,1,1,-1,1,-1,1,1,-1,-1,1,-1,-1,1,-1,1,0.008971967734396458
1,1,1,1,1,1,1,-1,1,-1,1,1,1,-1,-1,-1,1,1,1,1,0.008971666917204857
1,1,1,1,1,1,1,-1,1,-1,1,1,1,-1,-1,1,1,-1,1,1,0.008971485309302807
1,1,1,1,1,1,1,-1,1,1,-1,-1,-1,1,-1,-1,1,1,1,1,0.008972101844847202
1,1,1,1,1,1,1,-1,1,1,-1,-1,-1,1,-1,1,-1,-1,-1,-1,0.008971971459686756
1,1,1,1,1,1,1,-1,1,1,-1,-1,-1,1,1,-1,1,-1,1,-1,0.008971097879111767
1,1,1,1,1,1,1,-1,1,1,-1,-1,1,1,-1,-1,-1,-1,-1,-1,0.008971729315817356
1,1,1,1,1,1,1,-1,1,1,-1,-1,1,1,-1,1,-1,1,1,1,0.008971922099590302
1,1,1,1,1,1,1,-1,1,1,-1,1,1,-1,-1,-1,1,-1,-1,-1,0.008971435949206352
1,1,1,1,1,1,1,-1,1,1,-1,1,1,1,1,-1,1,-1,1,-1,0.008970844559371471
1,1,1,1,1,1,1,-1,1,1,-1,1,1,1,1,1,-1,1,1,1,0.0089715039357543
1,1,1,1,1,1,1,-1,1,1,1,-1,1,-1,-1,1,1,-1,-1,-1,0.00897128228098154
1,1,1,1,1,1,1,-1,1,1,1,1,-1,-1,1,-1,-1,1,-1,1,0.008972055278718472
1,1,1,1,1,1,1,-1,1,1,1,1,-1,-1,1,1,-1,1,-1,1,0.008971959352493286
1,1,1,1,1,1,1,-1,1,1,1,1,-1,1,-1,-1,-1,-1,1,-1,0.008971973322331905
1,1,1,1,1,1,1,-1,1,1,1,1,-1,1,-1,1,-1,-1,1,-1,0.00897187739610672
1,1,1,1,1,1,1,-1,1,1,1,1,1,-1,1,1,1,-1,1,-1,0.008970653638243675
1,1,1,1,1,1,1,1,-1,-1,-1,-1,-1,-1,1,1,-1,-1,-1,1,0.008971922099590302
1,1,1,1,1,1,1,1,-1,-1,-1,-1,1,-1,-1,-1,-1,-1,-1,-1,0.008971769362688065
1,1,1,1,1,1,1,1,-1,-1,-1,-1,1,1,-1,-1,-1,1,1,-1,0.008971769362688065
1,1,1,1,1,1,1,1,-1,-1,-1,-1,1,1,1,1,1,-1,1,1,0.008971240371465683
1,1,1,1,1,1,1,1,-1,-1,-1,1,-1,-1,-1,1,1,1,1,-1,0.008971719071269035
1,1,1,1,1,1,1,1,-1,-1,-1,1,1,-1,-1,1,-1,-1,1,1,0.008971963077783585
1,1,1,1,1,1,1,1,-1,-1,1,-1,-1,-1,1,-1,-1,-1,-1,-1,0.00897163338959217
1,1,1,1,1,1,1,1,-1,-1,1,-1,1,1,-1,1,1,1,-1,1,0.00897207111120224
1,1,1,1,1,1,1,1,-1,-1,1,1,-1,1,1,1,1,1,-1,1,0.008971991948783398
1,1,1,1,1,1,1,1,-1,-1,1,1,1,-1,-1,1,-1,-1,1,-1,0.008971579372882843
1,1,1,1,1,1,1,1,-1,1,-1,-1,-1,1,1,-1,1,-1,-1,-1,0.008971559815108776
1,1,1,1,1,1,1,1,-1,1,-1,-1,1,-1,-1,-1,-1,-1,1,1,0.00897206086665392
1,1,1,1,1,1,1,1,-1,1,-1,-1,1,-1,1,1,1,1,-1,-1,0.008971086703240871
1,1,1,1,1,1,1,1,-1,1,-1,1,-1,-1,-1,-1,-1,-1,-1,-1,0.008972282521426678
1,1,1,1,1,1,1,1,-1,1,-1,1,-1,1,-1,-1,-1,-1,1,-1,0.008972196839749813
1,1,1,1,1,1,1,1,-1,1,-1,1,1,-1,-1,-1,-1,-1,1,-1,0.008971733041107655
1,1,1,1,1,1,1,1,-1,1,1,1,1,-1,-1,-1,1,1,1,-1,0.008971593342721462
1,1,1,1,1,1,1,1,1,-1,-1,-1,-1,-1,1,-1,1,1,1,-1,0.008971324190497398
1,1,1,1,1,1,1,1,1,-1,-1,-1,1,1,-1,-1,-1,-1,-1,-1,0.008971993811428547
1,1,1,1,1,1,1,1,1,-1,-1,1,-1,-1,-1,-1,1,-1,1,-1,0.00897182896733284
1,1,1,1,1,1,1,1,1,-1,-1,1,-1,-1,-1,-1,1,-1,1,1,0.008972243405878544
1,1,1,1,1,1,1,1,1,-1,1,-1,-1,-1,1,-1,-1,-1,-1,1,0.008972147479653358
1,1,1,1,1,1,1,1,1,-1,1,1,-1,-1,-1,-1,1,-1,-1,-1,0.00897206924855709
1,1,1,1,1,1,1,1,1,-1,1,1,1,-1,-1,-1,1,-1,1,1,0.008971933275461197
1,1,1,1,1,1,1,1,1,-1,1,1,1,1,-1,1,-1,1,1,1,0.00897230301052332
1,1,1,1,1,1,1,1,1,1,-1,-1,1,-1,-1,-1,1,1,1,-1,0.008971577510237694
1,1,1,1,1,1,1,1,1,1,-1,-1,1,-1,-1,1,-1,-1,1,-1,0.008971650153398514
1,1,1,1,1,1,1,1,1,1,-1,-1,1,-1,1,-1,-1,-1,-1,1,0.008971866220235825
1,1,1,1,1,1,1,1,1,1,-1,1,-1,-1,-1,1,1,-1,-1,-1,0.008972031064331532
1,1,1,1,1,1,1,1,1,1,-1,1,-1,-1,1,-1,1,1,1,-1,0.008971498347818851
1,1,1,1,1,1,1,1,1,1,-1,1,1,-1,-1,-1,-1,1,1,1,0.008972332812845707
1,1,1,1,1,1,1,1,1,1,-1,1,1,-1,-1,-1,1,-1,1,-1,0.008971577510237694
1,1,1,1,1,1,1,1,1,1,-1,1,1,-1,-1,1,1,1,1,-1,0.008971567265689373
1,1,1,1,1,1,1,1,1,1,1,-1,-1,-1,1,-1,-1,1,-1,-1,0.008971907198429108
1,1,1,1,1,1,1,1,1,1,1,-1,-1,1,1,1,1,1,1,1,0.008971882984042168
1,1,1,1,1,1,1,1,1,1,1,-1,1,-1,1,1,-1,1,-1,-1,0.008971472270786762
1,1,1,1,1,1,1,1,1,1,1,-1,1,1,1,-1,-1,-1,1,1,0.008971809409558773
1,1,1,1,1,1,1,1,1,1,1,-1,1,1,1,1,1,1,1,-1,0.008971129544079304
1,1,1,1,1,1,1,1,1,1,1,1,-1,-1,1,-1,-1,-1,-1,1,0.008972320705652237
1,1,1,1,1,1,1,1,1,1,1,1,1,-1,-1,-1,1,-1,-1,-1,0.00897181686013937
